1554217411032783.0
1554217411032816.0
1554217411032833.0
1554217411032860.0
1554217411032903.0
1554217411032916.0
1554217411032925.0
1554217411032935.0
1554217411032944.0
1554217411032952.0
1554217411032981.0
1554217411033002.0
1554217411033035.0
1554217411033048.0
1554217411033058.0
1554217411033068.0
1554217411033087.0
1554217411033116.0
1554217411033141.0
1554217411033168.0
1554217411033241.0
1554217411033253.0
1554217411033262.0
1554217411033272.0
1554217411034062.0

1554216503258943.0
1554216503376166.0
1554216503559170.0
1554216503587775.0
1554216503662500.0
1554216503732817.0
1554216503789562.0
1554216503835921.0
1554216503905918.0
1554216503939743.0
1554216503941361.0
1554216503944594.0
1554216503985318.0
1554216504017333.0
1554216504023965.0
1554216504040375.0
1554216504047677.0
1554216504111452.0
1554216504111592.0
1554216504116680.0
1554216504132246.0

1554216503261170.8
1554216503378488.8
1554216503561297.0
1554216503589938.5
1554216503664641.2
1554216503733237.2
1554216503790033.5
1554216503836402.5
1554216503906270.8
1554216503940260.8
1554216503941686.2
1554216503944891.8
1554216503985780.8
1554216504017999.5
1554216504024407.5
1554216504040952.2
1554216504047980.8
1554216504112018.8
1554216504112018.8
1554216504117162.8
1554216504132640.2
1554216504153074.2
1554216504160998.2
1554216504162158.8
1554216504163383.0

25
21
20
