1554217296023526.0
1554217296023576.0
1554217296023588.0
1554217296023599.0
1554217296023609.0
1554217296023620.0
1554217296023630.0
1554217296023640.0
1554217296023650.0
1554217296023660.0
1554217296023670.0
1554217296023680.0
1554217296023690.0
1554217296023701.0
1554217296023712.0
1554217296023750.0
1554217296023792.0
1554217296024064.0
1554217296024077.0
1554217296024087.0
1554217296024095.0
1554217296024106.0
1554217296024126.0
1554217296024137.0
1554217296024146.0

1554216388133893.0
1554216388250862.0
1554216388268143.0
1554216388306109.0
1554216388374870.0
1554216388415172.0
1554216388444929.0
1554216388451729.0
1554216388476664.0
1554216388514362.0
1554216388515504.0
1554216388522852.0
1554216388614444.0
1554216388618101.0
1554216388631030.0
1554216388654768.0
1554216388680253.0
1554216388770842.0
1554216388815927.0
1554216388905824.0
1554216388938044.0
1554216389024301.0
1554216389037875.0
1554216389069209.0
1554216389070709.0

1554216388135975.8
1554216388253380.2
1554216388268524.5
1554216388308125.2
1554216388377127.2
1554216388415549.0
1554216388445294.5
1554216388453890.2
1554216388476979.2
1554216388514683.5
1554216388515817.2
1554216388523367.0
1554216388614764.2
1554216388618512.5
1554216388631371.8
1554216388655100.0
1554216388680573.5
1554216388771512.0
1554216388816409.5
1554216388906194.8
1554216388938360.5
1554216389024633.5
1554216389038228.0
1554216389069540.8
1554216389071103.2

25
25
25
