Time-differences (millis):

0.05
0.012
0.011
0.01
0.011
0.01
0.01
0.01
0.01
0.01
0.01
0.01
0.011
0.011
0.038
0.042
0.272
0.013
0.01
0.008
0.011
0.02
0.011
0.009

116.969
17.281
37.966
68.761
40.302
29.757
6.8
24.935
37.698
1.142
7.348
91.592
3.657
12.929
23.738
25.485
90.589
45.085
89.897
32.22
86.257
13.574
31.334
1.5

117.4045
15.14425
39.60075
69.002
38.42175
29.7455
8.59575
23.089
37.70425
1.13375
7.54975
91.39725
3.74825
12.85925
23.72825
25.4735
90.9385
44.8975
89.78525
32.16575
86.273
13.5945
31.31275
1.5625

Test:	CR2_s_5
Requests:	25
Success:	25
Used:   	25

Local times (milisec):
min:	0.008
max:	0.272
mean:	0.025833333333333333
median:	0.011
stdev:	0.05363294466671757

Web server times (milisec):
min:	1.142
max:	116.969
mean:	39.034
median:	30.5455
stdev:	33.613001278620175

App server times (milisec):
min:	1.13375
max:	117.4045
mean:	38.96364583333333
median:	30.529125
stdev:	33.68123092485899
diff:	0.744