Time-differences (millis):

3.147
0.021
0.011
0.049
0.132
0.042
0.036
0.058
0.048
0.049
0.015
0.084
0.011
0.062
0.036
0.049
0.042
0.036
0.049
0.012
0.084
1.107
0.708
0.078

34.349
79.559
32.156
5.967
4.171
147.316
9.25
12.897
10.198
4.041
74.995
64.482
4.289
32.019
0.053
0.096
21.323
0.114
13.474
42.815
9.153
31.29

32.895
79.755
30.4455
8.3445
1.73425
149.36425
7.236
13.109
9.999
4.12325
74.85725
64.49825
4.2585
32.17875
0.02425
1.425
21.016
0.1525
12.728
42.362
9.17725
4.42975
5.955
21.856

Test:	CR2_s_1
Requests:	25
Success:	17
Used:   	17

Local times (milisec):
min:	0.011
max:	3.147
mean:	0.24858333333333332
median:	0.049
stdev:	0.6663488390942981

Web server times (milisec):
min:	0.053
max:	147.316
mean:	28.8185
median:	13.185500000000001
stdev:	35.69553530805459

App server times (milisec):
min:	0.02425
max:	149.36425
mean:	26.330177083333332
median:	11.3635
stdev:	35.0708564665319
diff:	19.89