1554217078021107.0
1554217078021150.0
1554217078021163.0
1554217078021174.0
1554217078021185.0
1554217078021194.0
1554217078021204.0
1554217078021213.0
1554217078021223.0
1554217078021231.0
1554217078021241.0
1554217078021249.0
1554217078021259.0
1554217078021270.0
1554217078021280.0
1554217078021290.0
1554217078021300.0
1554217078021310.0
1554217078021319.0
1554217078021329.0
1554217078021338.0
1554217078021347.0
1554217078021357.0
1554217078021366.0
1554217078021376.0

1554216169907428.0
1554216169980327.0
1554216170004158.0
1554216170009465.0
1554216170023467.0
1554216170039571.0
1554216170084802.0
1554216170107906.0
1554216170131699.0
1554216170142785.0
1554216170239813.0
1554216170300476.0
1554216170446681.0
1554216170529835.0
1554216170545293.0
1554216170584153.0
1554216170622911.0
1554216170622968.0
1554216170624885.0
1554216170662177.0
1554216170680639.0
1554216170703819.0
1554216170720546.0
1554216170824710.0
1554216170840286.0

1554216169910166.8
1554216169982129.0
1554216170006189.2
1554216170010138.2
1554216170024210.0
1554216170042141.0
1554216170085237.5
1554216170108603.5
1554216170135287.2
1554216170143442.8
1554216170240402.0
1554216170301645.2
1554216170447044.5
1554216170530363.2
1554216170545875.2
1554216170584472.0
1554216170623349.0
1554216170624060.2
1554216170625386.2
1554216170662788.8
1554216170681100.5
1554216170704294.8
1554216170721131.8
1554216170825043.8
1554216170840819.5

25
24
24
