Time-differences (millis):

0.044
0.012
0.01
0.009
0.009
0.01
0.009
0.009
0.008
0.011
0.043
0.018
0.011
0.012
0.027
0.012
0.009
0.011
0.009
0.009
0.009
0.008
0.01
0.01

33.384
177.729
5.016
17.521
10.924
6.977
45.238
16.613
13.665
184.365
1.233
55.343
106.898
115.808
0.0
66.714
17.971
2.017
8.234
2.441
20.838
33.083
12.71

33.36575
177.9905
4.26275
15.91275
12.98625
5.2045
45.01825
16.559
13.75625
184.6775
1.1475
55.14175
106.81175
115.85225
0.0105
66.696
17.87275
2.05125
8.41575
2.324
20.726
0.0085
33.07075
12.74725

Test:	CR2_s_7
Requests:	25
Success:	16
Used:   	17

Local times (milisec):
min:	0.008
max:	0.044
mean:	0.013708333333333333
median:	0.01
stdev:	0.009997735250791928

Web server times (milisec):
min:	0.0
max:	184.365
mean:	41.50965217391305
median:	17.521
stdev:	54.15321581201442

App server times (milisec):
min:	0.0085
max:	184.6775
mean:	39.6920625
median:	16.235875
stdev:	53.75152607268619
diff:	15.25175