1554217761038607.0
1554217761038667.0
1554217761038714.0
1554217761038747.0
1554217761038760.0
1554217761038776.0
1554217761038786.0
1554217761038797.0
1554217761038826.0
1554217761038838.0
1554217761038847.0
1554217761038856.0
1554217761038866.0
1554217761038876.0
1554217761038885.0
1554217761038894.0
1554217761038903.0
1554217761038912.0
1554217761038921.0
1554217761038930.0
1554217761038940.0
1554217761038949.0
1554217761038959.0
1554217761038968.0
1554217761039437.0

1554217763210593.0
1554217763322258.0
1554217763418255.0
1554217763425890.0
1554217763463738.0
1554217763502488.0
1554217763516478.0
1554217763612260.0
1554217763647750.0
1554217763652142.0
1554217763664683.0
1554217763709942.0
1554217763711849.0
1554217763729614.0
1554217763812499.0
1554217763816134.0
1554217763833871.0
1554217763866561.0
1554217763894548.0
1554217763928650.0
1554217763964824.0
1554217763976083.0
1554217764030536.0
1554217764052048.0
1554217764060289.0

1554217763212999.5
1554217763324392.2
1554217763418644.5
1554217763427837.2
1554217763464200.2
1554217763504683.0
1554217763516816.2
1554217763612587.0
1554217763648153.8
1554217763652465.5
1554217763664997.8
1554217763710280.2
1554217763714126.5
1554217763729945.8
1554217763812845.5
1554217763816640.5
1554217763834283.0
1554217763866950.8
1554217763894906.2
1554217763929532.8
1554217763965177.5
1554217763976530.8
1554217764030845.8
1554217764052365.5
1554217764060607.5

25
25
25
