Time-differences (millis):

0.054
0.028
0.01
0.009
0.008
0.009
0.008
0.009
0.009
0.01
0.009
0.01
0.009
0.01
0.008
0.01
0.009
0.01
0.008
0.057
0.03
0.012
0.01
0.01

0.013
6.493
10.392
35.668
143.303
42.308
63.141
3.203
17.767
3.012
5.556
34.818
29.846
115.733
9.816
115.3
0.888
38.158
52.769
57.185
10.622
15.999
23.261
109.833

0.00025
6.28525
9.18375
35.8805
142.86775
42.45375
64.7405
1.6165
17.61675
2.98875
7.0325
33.41
29.87275
115.63825
9.84125
115.48975
0.863
38.11625
52.74275
57.12175
10.55775
16.633
22.783
109.67975

Test:	CR2_s_4
Requests:	25
Success:	24
Used:   	22

Local times (milisec):
min:	0.008
max:	0.057
mean:	0.014833333333333334
median:	0.01
stdev:	0.013729266317731201

Web server times (milisec):
min:	0.013
max:	143.303
mean:	39.3785
median:	26.5535
stdev:	41.83666798084105

App server times (milisec):
min:	0.00025
max:	142.86775
mean:	39.30897916666667
median:	26.327875
stdev:	41.88671157497046
diff:	0.76625