1554217112025253.0
1554217112025307.0
1554217112025335.0
1554217112025345.0
1554217112025354.0
1554217112025362.0
1554217112025371.0
1554217112025379.0
1554217112025388.0
1554217112025397.0
1554217112025407.0
1554217112025416.0
1554217112025426.0
1554217112025435.0
1554217112025445.0
1554217112025453.0
1554217112025463.0
1554217112025472.0
1554217112025482.0
1554217112025490.0
1554217112025547.0
1554217112025577.0
1554217112025589.0
1554217112025599.0
1554217112025609.0

1554216203923332.0
1554216203923345.0
1554216203929838.0
1554216203940230.0
1554216203975898.0
1554216204119201.0
1554216204161509.0
1554216204224650.0
1554216204227853.0
1554216204245620.0
1554216204248632.0
1554216204254188.0
1554216204289006.0
1554216204318852.0
1554216204434585.0
1554216204444401.0
1554216204559701.0
1554216204560589.0
1554216204598747.0
1554216204651516.0
1554216204708701.0
1554216204719323.0
1554216204735322.0
1554216204758583.0
1554216204868416.0

1554216203925334.0
1554216203925334.2
1554216203931619.5
1554216203940803.2
1554216203976683.8
1554216204119551.5
1554216204162005.2
1554216204226745.8
1554216204228362.2
1554216204245979.0
1554216204248967.8
1554216204256000.2
1554216204289410.2
1554216204319283.0
1554216204434921.2
1554216204444762.5
1554216204560252.2
1554216204561115.2
1554216204599231.5
1554216204651974.2
1554216204709096.0
1554216204719653.8
1554216204736286.8
1554216204759069.8
1554216204868749.5

25
24
22
