Time-differences (millis):

0.023
0.011
0.01
0.012
0.275
0.014
0.011
0.105
0.035
0.053
0.014
0.023
0.068
0.092
0.032
0.015
0.027
0.078
0.032
0.048
0.045
0.016
0.01
0.009

147.572
64.055
42.083
40.026
28.885
96.104
4.638
13.767
33.327
118.405
65.352
25.555
26.348
23.743
1.36
6.384
3.3
75.387
5.069
0.204
20.208
0.073
23.235

147.6555
64.92575
45.0275
35.4895
28.321
95.2005
4.65425
13.87425
33.49975
118.00175
66.78675
24.32
26.8455
23.10275
1.75825
5.9375
3.285
75.5225
5.17725
1.1925
18.1075
0.90725
0.73125
22.70525

Test:	CR2_s_15
Requests:	25
Success:	20
Used:   	20

Local times (milisec):
min:	0.009
max:	0.275
mean:	0.044083333333333335
median:	0.025
stdev:	0.056306549674366345

Web server times (milisec):
min:	0.073
max:	147.572
mean:	37.61217391304348
median:	25.555
stdev:	39.897829056515405

App server times (milisec):
min:	0.73125
max:	147.6555
mean:	35.95954166666667
median:	23.711375
stdev:	39.74292321252236
diff:	12.2925