1554314773044929.0
1554314773044952.0
1554314773044963.0
1554314773044973.0
1554314773044985.0
1554314773045260.0
1554314773045274.0
1554314773045285.0
1554314773045390.0
1554314773045425.0
1554314773045478.0
1554314773045492.0
1554314773045515.0
1554314773045583.0
1554314773045675.0
1554314773045707.0
1554314773045722.0
1554314773045749.0
1554314773045827.0
1554314773045859.0
1554314773045907.0
1554314773045952.0
1554314773045968.0
1554314773045978.0
1554314773045987.0

1554314774174526.0
1554314774322098.0
1554314774386153.0
1554314774428236.0
1554314774468262.0
1554314774497147.0
1554314774593251.0
1554314774597889.0
1554314774611656.0
1554314774644983.0
1554314774763388.0
1554314774828740.0
1554314774854295.0
1554314774880643.0
1554314774904386.0
1554314774905746.0
1554314774912130.0
1554314774915430.0
1554314774990817.0
1554314774995886.0
1554314774996090.0
1554314775016298.0
1554314775016371.0
1554314775039606.0

1554314774177085.0
1554314774324740.5
1554314774389666.2
1554314774434693.8
1554314774470183.2
1554314774498504.2
1554314774593704.8
1554314774598359.0
1554314774612233.2
1554314774645733.0
1554314774763734.8
1554314774830521.5
1554314774854841.5
1554314774881687.0
1554314774904789.8
1554314774906548.0
1554314774912485.5
1554314774915770.5
1554314774991293.0
1554314774996470.2
1554314774997662.8
1554314775015770.2
1554314775016677.5
1554314775017408.8
1554314775040114.0

25
20
20
