1554217800119745.0
1554217800119762.0
1554217800119771.0
1554217800119779.0
1554217800119789.0
1554217800119818.0
1554217800119832.0
1554217800119960.0
1554217800119976.0
1554217800119997.0
1554217800120038.0
1554217800120067.0
1554217800120079.0
1554217800120089.0
1554217800120101.0
1554217800120123.0
1554217800120134.0
1554217800120156.0
1554217800120166.0
1554217800120178.0
1554217800120221.0
1554217800120237.0
1554217800120250.0
1554217800120268.0
1554217800120285.0

1554217802226517.0
1554217802270700.0
1554217802303754.0
1554217802361029.0
1554217802366025.0
1554217802385243.0
1554217802510557.0
1554217802544116.0
1554217802581994.0
1554217802622832.0
1554217802733741.0
1554217802742712.0
1554217802802869.0
1554217802820965.0
1554217802844046.0
1554217802892823.0
1554217802922455.0
1554217802922476.0
1554217802972361.0
1554217803001802.0
1554217803032377.0
1554217803056635.0
1554217803093654.0
1554217803098011.0

1554217802228565.2
1554217802273097.0
1554217802306248.0
1554217802361537.8
1554217802366602.8
1554217802387127.0
1554217802512831.2
1554217802544525.5
1554217802582423.5
1554217802623234.0
1554217802734223.2
1554217802743106.5
1554217802803232.5
1554217802821343.5
1554217802844365.0
1554217802893139.8
1554217802922811.0
1554217802923268.0
1554217802972686.5
1554217802973453.2
1554217803002137.0
1554217803032696.8
1554217803057018.2
1554217803093980.8
1554217803098331.8

25
23
22
