1554216913159400.0
1554216913162547.0
1554216913162568.0
1554216913162579.0
1554216913162628.0
1554216913162760.0
1554216913162802.0
1554216913162838.0
1554216913162896.0
1554216913162944.0
1554216913162993.0
1554216913163008.0
1554216913163092.0
1554216913163103.0
1554216913163165.0
1554216913163201.0
1554216913163250.0
1554216913163292.0
1554216913163328.0
1554216913163377.0
1554216913163389.0
1554216913163473.0
1554216913164580.0
1554216913165288.0
1554216913165366.0

1554216005182714.0
1554216005217063.0
1554216005296622.0
1554216005328778.0
1554216005334745.0
1554216005338916.0
1554216005486232.0
1554216005495482.0
1554216005508379.0
1554216005518577.0
1554216005522618.0
1554216005597613.0
1554216005662095.0
1554216005666384.0
1554216005698403.0
1554216005698456.0
1554216005698552.0
1554216005719875.0
1554216005719989.0
1554216005733463.0
1554216005776278.0
1554216005785431.0
1554216005816721.0

1554216005186072.0
1554216005218967.0
1554216005298722.0
1554216005329167.5
1554216005337512.0
1554216005339246.2
1554216005488610.5
1554216005495846.5
1554216005508955.5
1554216005518954.5
1554216005523077.8
1554216005597935.0
1554216005662433.2
1554216005666691.8
1554216005698870.5
1554216005698894.8
1554216005700319.8
1554216005721335.8
1554216005721488.2
1554216005734216.2
1554216005776578.2
1554216005785755.5
1554216005790185.2
1554216005796140.2
1554216005817996.2

25
17
17
