1554293412020903.0
1554293412020916.0
1554293412020923.0
1554293412020930.0
1554293412020937.0
1554293412020945.0
1554293412020955.0
1554293412020970.0
1554293412020980.0
1554293412020990.0
1554293412020999.0
1554293412021009.0
1554293412021019.0
1554293412021028.0
1554293412021037.0
1554293412021046.0
1554293412021056.0
1554293412021065.0
1554293412021075.0
1554293412021085.0
1554293412021094.0
1554293412021103.0
1554293412021113.0
1554293412021122.0
1554293412021131.0

1554293413020640.0
1554293413139645.0
1554293413150943.0
1554293413327267.0
1554293413407322.0
1554293413437376.0
1554293413440414.0
1554293413527641.0
1554293413568767.0
1554293413577036.0
1554293413579500.0
1554293413637189.0
1554293413688049.0
1554293413732700.0
1554293413745143.0
1554293413745465.0
1554293413827431.0
1554293413827464.0
1554293413846142.0
1554293413851643.0
1554293413862156.0
1554293413870500.0
1554293413879948.0
1554293413904621.0
1554293413904701.0

1554293413022632.5
1554293413141664.0
1554293413153073.5
1554293413327838.8
1554293413407745.5
1554293413439514.5
1554293413441366.2
1554293413527961.0
1554293413571066.2
1554293413577387.8
1554293413579788.0
1554293413637583.5
1554293413688417.2
1554293413733010.8
1554293413745695.5
1554293413745732.0
1554293413827802.0
1554293413827802.2
1554293413846815.5
1554293413852040.0
1554293413862482.8
1554293413870843.5
1554293413880268.5
1554293413904926.8
1554293413905526.2

25
24
22
