1554314718056650.0
1554314718056682.0
1554314718056694.0
1554314718056703.0
1554314718056713.0
1554314718056723.0
1554314718056732.0
1554314718056742.0
1554314718056766.0
1554314718056776.0
1554314718056782.0
1554314718056788.0
1554314718056794.0
1554314718056800.0
1554314718056806.0
1554314718056813.0
1554314718056819.0
1554314718056825.0
1554314718056831.0
1554314718056838.0
1554314718056844.0
1554314718056850.0
1554314718056857.0
1554314718056869.0
1554314718056891.0

1554314719072330.0
1554314719093025.0
1554314719130663.0
1554314719333730.0
1554314719406480.0
1554314719406534.0
1554314719406573.0
1554314719431273.0
1554314719445681.0
1554314719467262.0
1554314719540754.0
1554314719559644.0
1554314719680941.0
1554314719726265.0
1554314719738926.0
1554314719756686.0
1554314719792308.0
1554314719862120.0
1554314719889897.0
1554314719901060.0
1554314719926461.0
1554314719967011.0
1554314720020792.0
1554314720050873.0
1554314720055493.0

1554314719074364.2
1554314719094944.0
1554314719131019.5
1554314719335448.5
1554314719409009.8
1554314719412644.8
1554314719414736.5
1554314719431711.8
1554314719447700.8
1554314719468359.2
1554314719541202.0
1554314719560126.8
1554314719681252.5
1554314719726577.0
1554314719739328.8
1554314719757072.5
1554314719792626.5
1554314719862510.2
1554314719891438.0
1554314719901410.5
1554314719926760.0
1554314719967330.2
1554314720021181.8
1554314720051172.5
1554314720055789.2

25
15
10
