Time-differences (millis):

0.017
0.01
0.009
0.01
0.02
0.011
0.009
0.009
0.009
0.011
0.008
0.009
0.009
0.009
0.009
0.011
0.012
0.01
0.009
0.01
0.031
0.034
0.018
0.013

13.858
176.815
3.282
16.769
2.051
71.159
65.135
12.628
48.589
21.348
17.92
0.777
7.183
39.809
74.706
104.974
14.011
6.164
49.5
0.117
10.044
27.425
38.729
9.129

13.7765
174.50125
5.08675
15.14275
4.4815
68.4565
66.656
11.10925
48.6105
21.4615
18.41625
1.287
6.04975
39.88875
74.71125
104.95925
14.15375
6.48425
49.334
0.463
9.4275
27.33875
38.66575
9.1195

Test:	CR2_s_11
Requests:	25
Success:	24
Used:   	24

Local times (milisec):
min:	0.008
max:	0.034
mean:	0.012791666666666666
median:	0.01
stdev:	0.006826923469467856

Web server times (milisec):
min:	0.117
max:	176.815
mean:	34.67175
median:	17.3445
stdev:	41.10557372367127

App server times (milisec):
min:	0.463
max:	174.50125
mean:	34.56588541666667
median:	16.7795
stdev:	40.63330207838596
diff:	0.9665