Time-differences (millis):

0.032
0.012
0.009
0.01
0.01
0.009
0.01
0.024
0.01
0.006
0.006
0.006
0.006
0.006
0.007
0.006
0.006
0.006
0.007
0.006
0.006
0.007
0.012
0.022

20.695
37.638
203.067
72.75
0.054
0.039
24.7
14.408
21.581
73.492
18.89
121.297
45.324
12.661
17.76
35.622
69.812
27.777
11.163
25.401
40.55
53.781
30.081
4.62

20.57975
36.0755
204.429
73.56125
3.635
2.09175
16.97525
15.989
20.6585
72.84275
18.92475
121.12575
45.3245
12.75175
17.74375
35.554
69.88375
28.92775
9.9725
25.3495
40.57025
53.8515
29.99075
4.61675

Test:	CR2_s_14
Requests:	25
Success:	15
Used:   	10

Local times (milisec):
min:	0.006
max:	0.032
mean:	0.010041666666666667
median:	0.007
stdev:	0.006662544015135899

Web server times (milisec):
min:	0.039
max:	203.067
mean:	40.965125
median:	26.589
stdev:	44.49205544550965

App server times (milisec):
min:	2.09175
max:	204.429
mean:	40.89270833333333
median:	27.138624999999998
stdev:	44.64511226538025
diff:	1.3175