Time-differences (millis):

0.032
0.016
0.031
0.133
0.021
0.013
0.051
0.028
0.014
0.067
0.018
0.04
0.019
0.01
0.023
0.062
0.019
0.039
0.027
0.021
0.021
0.033
0.039
0.026

72.657
24.303
6.119
27.264
220.526
8.113
3.231
11.412
42.066
4.389
7.138
29.886
13.413
47.856
17.66
69.373
2.694
3.914
35.812
21.93
69.261
8.879
3.892
4.965

72.5625
22.5455
7.99925
25.359
222.44675
6.41375
3.0315
11.8445
41.6725
6.0275
5.58125
29.749
13.595
47.738
17.879
69.35
2.443
3.919
36.0065
22.03175
69.2625
8.7075
3.8775
5.08675

Test:	CR2_s_2
Requests:	25
Success:	25
Used:   	25

Local times (milisec):
min:	0.01
max:	0.133
mean:	0.03345833333333333
median:	0.0265
stdev:	0.02577491056226488

Web server times (milisec):
min:	2.694
max:	220.526
mean:	31.531375
median:	15.5365
stdev:	45.994538389203015

App server times (milisec):
min:	2.443
max:	222.44675
mean:	31.463729166666667
median:	15.737000000000002
stdev:	46.341730776405065
diff:	0.823