1554293441023713.0
1554293441023758.0
1554293441023769.0
1554293441023779.0
1554293441023789.0
1554293441023798.0
1554293441023810.0
1554293441023821.0
1554293441023833.0
1554293441023843.0
1554293441023852.0
1554293441023862.0
1554293441023891.0
1554293441023902.0
1554293441023913.0
1554293441023923.0
1554293441023932.0
1554293441023942.0
1554293441023952.0
1554293441023962.0
1554293441023971.0
1554293441023980.0
1554293441023990.0
1554293441024001.0
1554293441024012.0

1554293441951727.0
1554293442056175.0
1554293442056334.0
1554293442086410.0
1554293442326788.0
1554293442381063.0
1554293442381139.0
1554293442443837.0
1554293442509011.0
1554293442509314.0
1554293442509378.0
1554293442532074.0
1554293442560697.0
1554293442560803.0
1554293442582060.0
1554293442646909.0
1554293442702076.0
1554293442760875.0
1554293442771107.0
1554293442825630.0
1554293442848526.0
1554293442867553.0

1554293441953985.2
1554293442058948.0
1554293442060118.0
1554293442087096.0
1554293442277304.5
1554293442329467.8
1554293442381520.2
1554293442381520.8
1554293442446634.8
1554293442509801.8
1554293442512040.2
1554293442514615.2
1554293442532879.0
1554293442561225.2
1554293442562105.0
1554293442582704.2
1554293442647515.0
1554293442659019.2
1554293442680499.5
1554293442702549.8
1554293442761332.0
1554293442771742.0
1554293442826062.0
1554293442848866.2
1554293442868583.2

25
15
9
