1554217539030150.0
1554217539030194.0
1554217539030206.0
1554217539030216.0
1554217539030225.0
1554217539030234.0
1554217539030244.0
1554217539030253.0
1554217539030262.0
1554217539030270.0
1554217539030281.0
1554217539030324.0
1554217539030342.0
1554217539030353.0
1554217539030365.0
1554217539030392.0
1554217539030404.0
1554217539030413.0
1554217539030424.0
1554217539030433.0
1554217539030442.0
1554217539030451.0
1554217539030459.0
1554217539030469.0
1554217539030479.0

1554217541090789.0
1554217541124173.0
1554217541301902.0
1554217541306918.0
1554217541324439.0
1554217541335363.0
1554217541342340.0
1554217541387578.0
1554217541404191.0
1554217541417856.0
1554217541602221.0
1554217541603454.0
1554217541658797.0
1554217541765695.0
1554217541881503.0
1554217541881503.0
1554217541948217.0
1554217541966188.0
1554217541968205.0
1554217541976439.0
1554217541978880.0
1554217541999718.0
1554217542032801.0
1554217542045511.0

1554217541093258.2
1554217541126624.0
1554217541304614.5
1554217541308877.2
1554217541324790.0
1554217541337776.2
1554217541342980.8
1554217541387999.0
1554217541404558.0
1554217541418314.2
1554217541602991.8
1554217541604139.2
1554217541659281.0
1554217541766092.8
1554217541881945.0
1554217541881955.5
1554217541948651.5
1554217541966524.2
1554217541968575.5
1554217541976991.2
1554217541979315.2
1554217542000041.2
1554217542000049.8
1554217542033120.5
1554217542045867.8

25
16
17
