Time-differences (millis):

0.013
0.007
0.007
0.007
0.008
0.01
0.015
0.01
0.01
0.009
0.01
0.01
0.009
0.009
0.009
0.01
0.009
0.01
0.01
0.009
0.009
0.01
0.009
0.009

119.005
11.298
176.324
80.055
30.054
3.038
87.227
41.126
8.269
2.464
57.689
50.86
44.651
12.443
0.322
81.966
0.033
18.678
5.501
10.513
8.344
9.448
24.673
0.08

119.0315
11.4095
174.76525
79.90675
31.769
1.85175
86.59475
43.10525
6.3215
2.40025
57.7955
50.83375
44.5935
12.68475
0.0365
82.07
0.00025
19.01325
5.2245
10.44275
8.36075
9.425
24.65825
0.5995

Test:	CR2_s_12
Requests:	25
Success:	24
Used:   	22

Local times (milisec):
min:	0.007
max:	0.015
mean:	0.0095
median:	0.009
stdev:	0.0017194539072421901

Web server times (milisec):
min:	0.033
max:	176.324
mean:	36.835875
median:	15.560500000000001
stdev:	44.50187113146016

App server times (milisec):
min:	0.00025
max:	174.76525
mean:	36.78723958333333
median:	15.849
stdev:	44.34886262103886
diff:	0.7715