1554293359088203.0
1554293359088220.0
1554293359088230.0
1554293359088239.0
1554293359088249.0
1554293359088269.0
1554293359088280.0
1554293359088289.0
1554293359088298.0
1554293359088307.0
1554293359088318.0
1554293359088326.0
1554293359088335.0
1554293359088344.0
1554293359088353.0
1554293359088362.0
1554293359088373.0
1554293359088385.0
1554293359088395.0
1554293359088404.0
1554293359088414.0
1554293359088445.0
1554293359088479.0
1554293359088497.0
1554293359088510.0

1554293360073982.0
1554293360087840.0
1554293360264655.0
1554293360267937.0
1554293360284706.0
1554293360286757.0
1554293360357916.0
1554293360423051.0
1554293360435679.0
1554293360484268.0
1554293360505616.0
1554293360523536.0
1554293360524313.0
1554293360531496.0
1554293360571305.0
1554293360646011.0
1554293360750985.0
1554293360764996.0
1554293360771160.0
1554293360820660.0
1554293360820777.0
1554293360830821.0
1554293360858246.0
1554293360896975.0
1554293360906104.0

1554293360076817.2
1554293360090593.8
1554293360265095.0
1554293360270181.8
1554293360285324.5
1554293360289806.0
1554293360358262.5
1554293360424918.5
1554293360436027.8
1554293360484638.2
1554293360506099.8
1554293360524516.0
1554293360525803.0
1554293360531852.8
1554293360571741.5
1554293360646452.8
1554293360751412.0
1554293360765565.8
1554293360772050.0
1554293360821384.0
1554293360821847.0
1554293360831274.5
1554293360858613.2
1554293360897279.0
1554293360906398.5

25
24
24
