Time-differences (millis):

0.06
0.047
0.033
0.013
0.016
0.01
0.011
0.029
0.012
0.009
0.009
0.01
0.01
0.009
0.009
0.009
0.009
0.009
0.009
0.01
0.009
0.01
0.009
0.469

111.665
95.997
7.635
37.848
38.75
13.99
95.782
35.49
4.392
12.541
45.259
1.907
17.765
82.885
3.635
17.737
32.69
27.987
34.102
36.174
11.259
54.453
21.512
8.241

111.39275
94.25225
9.19275
36.363
40.48275
12.13325
95.77075
35.56675
4.31175
12.53225
45.2825
3.84625
15.81925
82.89975
3.795
17.6425
32.66775
27.9555
34.6265
35.64475
11.35325
54.315
21.51975
8.242

Test:	CR2_s_9
Requests:	25
Success:	25
Used:   	25

Local times (milisec):
min:	0.009
max:	0.469
mean:	0.034583333333333334
median:	0.01
stdev:	0.09348234739972204

Web server times (milisec):
min:	1.907
max:	111.665
mean:	35.404
median:	30.338499999999996
stdev:	31.561904655426943

App server times (milisec):
min:	3.795
max:	111.39275
mean:	35.317
median:	30.311625
stdev:	31.349528390808164
diff:	0.75325