1554217044032727.0
1554217044032759.0
1554217044032775.0
1554217044032806.0
1554217044032939.0
1554217044032960.0
1554217044032973.0
1554217044033024.0
1554217044033052.0
1554217044033066.0
1554217044033133.0
1554217044033151.0
1554217044033191.0
1554217044033210.0
1554217044033220.0
1554217044033243.0
1554217044033305.0
1554217044033324.0
1554217044033363.0
1554217044033390.0
1554217044033411.0
1554217044033432.0
1554217044033465.0
1554217044033504.0
1554217044033530.0

1554216136062137.0
1554216136134794.0
1554216136159097.0
1554216136165216.0
1554216136192480.0
1554216136413006.0
1554216136421119.0
1554216136424350.0
1554216136435762.0
1554216136477828.0
1554216136482217.0
1554216136489355.0
1554216136519241.0
1554216136532654.0
1554216136580510.0
1554216136598170.0
1554216136667543.0
1554216136670237.0
1554216136674151.0
1554216136709963.0
1554216136731893.0
1554216136801154.0
1554216136810033.0
1554216136813925.0
1554216136818890.0

1554216136064343.0
1554216136136905.5
1554216136159451.0
1554216136167450.2
1554216136192809.2
1554216136415256.0
1554216136421669.8
1554216136424701.2
1554216136436545.8
1554216136478218.2
1554216136484245.8
1554216136489827.0
1554216136519576.0
1554216136533171.0
1554216136580909.0
1554216136598788.0
1554216136668138.0
1554216136670581.0
1554216136674500.0
1554216136710506.5
1554216136732538.2
1554216136801800.8
1554216136810508.2
1554216136814385.8
1554216136819472.5

25
25
25
