\Success codes:
17
25
24
24
25
21
16
20
25
23
24
24
15
15
20

Vouchers used:
17
25
24
22
25
20
17
20
25
22
24
22
9
10
20

Ratio:
1.0
1.0
1.0
1.0909090909090908
1.0
1.05
0.9411764705882353
1.0
1.0
1.0454545454545454
1.0
1.0909090909090908
1.6666666666666667
1.5
1.0

Local:
3.147
0.021
0.011
0.049
0.132
0.042
0.036
0.058
0.048
0.049
0.015
0.084
0.011
0.062
0.036
0.049
0.042
0.036
0.049
0.012
0.084
1.107
0.708
0.078
0.032
0.016
0.031
0.133
0.021
0.013
0.051
0.028
0.014
0.067
0.018
0.04
0.019
0.01
0.023
0.062
0.019
0.039
0.027
0.021
0.021
0.033
0.039
0.026
0.043
0.013
0.011
0.011
0.009
0.01
0.009
0.01
0.008
0.01
0.008
0.01
0.011
0.01
0.01
0.01
0.01
0.009
0.01
0.009
0.009
0.01
0.009
0.01
0.054
0.028
0.01
0.009
0.008
0.009
0.008
0.009
0.009
0.01
0.009
0.01
0.009
0.01
0.008
0.01
0.009
0.01
0.008
0.057
0.03
0.012
0.01
0.01
0.05
0.012
0.011
0.01
0.011
0.01
0.01
0.01
0.01
0.01
0.01
0.01
0.011
0.011
0.038
0.042
0.272
0.013
0.01
0.008
0.011
0.02
0.011
0.009
0.033
0.017
0.027
0.043
0.013
0.009
0.01
0.009
0.008
0.029
0.021
0.033
0.013
0.01
0.01
0.019
0.029
0.025
0.027
0.073
0.012
0.009
0.01
0.79
0.044
0.012
0.01
0.009
0.009
0.01
0.009
0.009
0.008
0.011
0.043
0.018
0.011
0.012
0.027
0.012
0.009
0.011
0.009
0.009
0.009
0.008
0.01
0.01
0.016
0.009
0.01
0.01
0.009
0.01
0.014
0.033
0.012
0.01
0.008
0.008
0.008
0.008
0.009
0.009
0.163
0.034
0.012
0.01
0.009
0.009
0.009
0.01
0.06
0.047
0.033
0.013
0.016
0.01
0.011
0.029
0.012
0.009
0.009
0.01
0.01
0.009
0.009
0.009
0.009
0.009
0.009
0.01
0.009
0.01
0.009
0.469
0.017
0.009
0.008
0.01
0.029
0.014
0.128
0.016
0.021
0.041
0.029
0.012
0.01
0.012
0.022
0.011
0.022
0.01
0.012
0.043
0.016
0.013
0.018
0.017
0.017
0.01
0.009
0.01
0.02
0.011
0.009
0.009
0.009
0.011
0.008
0.009
0.009
0.009
0.009
0.011
0.012
0.01
0.009
0.01
0.031
0.034
0.018
0.013
0.013
0.007
0.007
0.007
0.008
0.01
0.015
0.01
0.01
0.009
0.01
0.01
0.009
0.009
0.009
0.01
0.009
0.01
0.01
0.009
0.009
0.01
0.009
0.009
0.045
0.011
0.01
0.01
0.009
0.012
0.011
0.012
0.01
0.009
0.01
0.029
0.011
0.011
0.01
0.009
0.01
0.01
0.01
0.009
0.009
0.01
0.011
0.011
0.032
0.012
0.009
0.01
0.01
0.009
0.01
0.024
0.01
0.006
0.006
0.006
0.006
0.006
0.007
0.006
0.006
0.006
0.007
0.006
0.006
0.007
0.012
0.022
0.023
0.011
0.01
0.012
0.275
0.014
0.011
0.105
0.035
0.053
0.014
0.023
0.068
0.092
0.032
0.015
0.027
0.078
0.032
0.048
0.045
0.016
0.01
0.009

Web:
34.349
79.559
32.156
5.967
4.171
147.316
9.25
12.897
10.198
4.041
74.995
64.482
4.289
32.019
0.053
0.096
21.323
0.114
13.474
42.815
9.153
31.29
72.657
24.303
6.119
27.264
220.526
8.113
3.231
11.412
42.066
4.389
7.138
29.886
13.413
47.856
17.66
69.373
2.694
3.914
35.812
21.93
69.261
8.879
3.892
4.965
72.899
23.831
5.307
14.002
16.104
45.231
23.104
23.793
11.086
97.028
60.663
146.205
83.154
15.458
38.86
38.758
0.057
1.917
37.292
18.462
23.18
16.727
104.164
15.576
0.013
6.493
10.392
35.668
143.303
42.308
63.141
3.203
17.767
3.012
5.556
34.818
29.846
115.733
9.816
115.3
0.888
38.158
52.769
57.185
10.622
15.999
23.261
109.833
116.969
17.281
37.966
68.761
40.302
29.757
6.8
24.935
37.698
1.142
7.348
91.592
3.657
12.929
23.738
25.485
90.589
45.085
89.897
32.22
86.257
13.574
31.334
1.5
117.223
183.004
28.605
74.725
70.317
56.745
46.359
69.997
33.825
1.618
3.233
40.724
32.015
6.632
16.41
7.302
63.775
0.14
5.088
15.566
33.384
177.729
5.016
17.521
10.924
6.977
45.238
16.613
13.665
184.365
1.233
55.343
106.898
115.808
0.0
66.714
17.971
2.017
8.234
2.441
20.838
33.083
12.71
107.773
68.675
106.424
80.472
13.847
14.131
121.021
1.552
49.713
1.217
54.575
28.061
35.296
59.508
12.548
37.155
28.482
38.542
13.844
7.16
33.792
111.665
95.997
7.635
37.848
38.75
13.99
95.782
35.49
4.392
12.541
45.259
1.907
17.765
82.885
3.635
17.737
32.69
27.987
34.102
36.174
11.259
54.453
21.512
8.241
44.183
33.054
57.275
4.996
19.218
125.314
33.559
37.878
40.838
110.909
8.971
60.157
18.096
23.081
48.777
29.632
0.021
49.885
29.441
30.575
24.258
37.019
4.357
13.858
176.815
3.282
16.769
2.051
71.159
65.135
12.628
48.589
21.348
17.92
0.777
7.183
39.809
74.706
104.974
14.011
6.164
49.5
0.117
10.044
27.425
38.729
9.129
119.005
11.298
176.324
80.055
30.054
3.038
87.227
41.126
8.269
2.464
57.689
50.86
44.651
12.443
0.322
81.966
0.033
18.678
5.501
10.513
8.344
9.448
24.673
0.08
104.448
0.159
30.076
240.378
54.275
0.076
62.698
65.174
0.303
0.064
22.696
28.623
0.106
21.257
64.849
55.167
58.799
10.232
54.523
22.896
19.027
20.695
37.638
203.067
72.75
0.054
0.039
24.7
14.408
21.581
73.492
18.89
121.297
45.324
12.661
17.76
35.622
69.812
27.777
11.163
25.401
40.55
53.781
30.081
4.62
147.572
64.055
42.083
40.026
28.885
96.104
4.638
13.767
33.327
118.405
65.352
25.555
26.348
23.743
1.36
6.384
3.3
75.387
5.069
0.204
20.208
0.073
23.235

App:
32.895
79.755
30.4455
8.3445
1.73425
149.36425
7.236
13.109
9.999
4.12325
74.85725
64.49825
4.2585
32.17875
0.02425
1.425
21.016
0.1525
12.728
42.362
9.17725
4.42975
5.955
21.856
72.5625
22.5455
7.99925
25.359
222.44675
6.41375
3.0315
11.8445
41.6725
6.0275
5.58125
29.749
13.595
47.738
17.879
69.35
2.443
3.919
36.0065
22.03175
69.2625
8.7075
3.8775
5.08675
71.96225
24.06025
3.949
14.07175
17.931
43.0965
23.366
26.68375
8.1555
96.95925
61.24325
145.39925
83.31875
15.512
38.59675
38.877
0.71125
1.326
37.4025
18.31175
23.19425
16.837
103.912
15.77575
0.00025
6.28525
9.18375
35.8805
142.86775
42.45375
64.7405
1.6165
17.61675
2.98875
7.0325
33.41
29.87275
115.63825
9.84125
115.48975
0.863
38.11625
52.74275
57.12175
10.55775
16.633
22.783
109.67975
117.4045
15.14425
39.60075
69.002
38.42175
29.7455
8.59575
23.089
37.70425
1.13375
7.54975
91.39725
3.74825
12.85925
23.72825
25.4735
90.9385
44.8975
89.78525
32.16575
86.273
13.5945
31.31275
1.5625
117.318
182.80825
28.6415
74.70275
68.596
56.79625
46.369
69.86825
33.99
1.4255
3.2055
40.889
32.21875
6.408
16.54475
7.0285
64.038
0.0
5.144
15.4775
20.434
7.924
1.1605
1.22425
33.36575
177.9905
4.26275
15.91275
12.98625
5.2045
45.01825
16.559
13.75625
184.6775
1.1475
55.14175
106.81175
115.85225
0.0105
66.696
17.87275
2.05125
8.41575
2.324
20.726
0.0085
33.07075
12.74725
107.56425
66.9005
106.48025
82.33625
13.28025
14.393
119.60975
1.547
29.855
19.866
1.369
54.402
27.8385
35.3295
33.97775
25.88725
12.33225
36.97875
19.83575
8.7285
38.621
13.90225
6.95575
33.98775
111.39275
94.25225
9.19275
36.363
40.48275
12.13325
95.77075
35.56675
4.31175
12.53225
45.2825
3.84625
15.81925
82.89975
3.795
17.6425
32.66775
27.9555
34.6265
35.64475
11.35325
54.315
21.51975
8.242
44.53175
33.151
55.28975
5.065
20.52425
125.70425
31.69425
37.898
40.8105
110.98925
8.88325
60.126
18.111
23.0215
48.77475
29.67125
0.457
49.4185
0.76675
28.68375
30.55975
24.3215
36.9625
4.351
13.7765
174.50125
5.08675
15.14275
4.4815
68.4565
66.656
11.10925
48.6105
21.4615
18.41625
1.287
6.04975
39.88875
74.71125
104.95925
14.15375
6.48425
49.334
0.463
9.4275
27.33875
38.66575
9.1195
119.0315
11.4095
174.76525
79.90675
31.769
1.85175
86.59475
43.10525
6.3215
2.40025
57.7955
50.83375
44.5935
12.68475
0.0365
82.07
0.00025
19.01325
5.2245
10.44275
8.36075
9.425
24.65825
0.5995
104.96275
1.17
26.978
190.2085
52.16325
52.0525
0.0005
65.114
63.167
2.2385
2.575
18.26375
28.34625
0.87975
20.59925
64.81075
11.50425
21.48025
22.05025
58.78225
10.41
54.32
22.80425
19.717
20.57975
36.0755
204.429
73.56125
3.635
2.09175
16.97525
15.989
20.6585
72.84275
18.92475
121.12575
45.3245
12.75175
17.74375
35.554
69.88375
28.92775
9.9725
25.3495
40.57025
53.8515
29.99075
4.61675
147.6555
64.92575
45.0275
35.4895
28.321
95.2005
4.65425
13.87425
33.49975
118.00175
66.78675
24.32
26.8455
23.10275
1.75825
5.9375
3.285
75.5225
5.17725
1.1925
18.1075
0.90725
0.73125
22.70525

Diff:
19.89
0.823
0.981
0.76625
0.744
48.24575
15.25175
15.83475
0.75325
11.1755
0.9665
0.7715
6.658
1.3175
12.2925