Time-differences (millis):

0.017
0.009
0.008
0.01
0.029
0.014
0.128
0.016
0.021
0.041
0.029
0.012
0.01
0.012
0.022
0.011
0.022
0.01
0.012
0.043
0.016
0.013
0.018
0.017

44.183
33.054
57.275
4.996
19.218
125.314
33.559
37.878
40.838
110.909
8.971
60.157
18.096
23.081
48.777
29.632
0.021
49.885
29.441
30.575
24.258
37.019
4.357

44.53175
33.151
55.28975
5.065
20.52425
125.70425
31.69425
37.898
40.8105
110.98925
8.88325
60.126
18.111
23.0215
48.77475
29.67125
0.457
49.4185
0.76675
28.68375
30.55975
24.3215
36.9625
4.351

Test:	CR2_s_10
Requests:	25
Success:	23
Used:   	22

Local times (milisec):
min:	0.008
max:	0.128
mean:	0.0225
median:	0.016
stdev:	0.02434534148813512

Web server times (milisec):
min:	0.021
max:	125.314
mean:	37.89104347826087
median:	33.054
stdev:	30.16277851994869

App server times (milisec):
min:	0.457
max:	125.70425
mean:	36.240270833333334
median:	31.127000000000002
stdev:	30.417057028795952
diff:	11.1755