1554217628026271.0
1554217628026287.0
1554217628026296.0
1554217628026306.0
1554217628026316.0
1554217628026325.0
1554217628026335.0
1554217628026349.0
1554217628026382.0
1554217628026394.0
1554217628026404.0
1554217628026412.0
1554217628026420.0
1554217628026428.0
1554217628026436.0
1554217628026445.0
1554217628026454.0
1554217628026617.0
1554217628026651.0
1554217628026663.0
1554217628026673.0
1554217628026682.0
1554217628026691.0
1554217628026700.0
1554217628026710.0

1554217630119069.0
1554217630226842.0
1554217630295517.0
1554217630401941.0
1554217630482413.0
1554217630496260.0
1554217630510391.0
1554217630631412.0
1554217630632964.0
1554217630682677.0
1554217630683894.0
1554217630738469.0
1554217630766530.0
1554217630801826.0
1554217630861334.0
1554217630873882.0
1554217630911037.0
1554217630939519.0
1554217630978061.0
1554217630991905.0
1554217630999065.0
1554217631032857.0

1554217630121403.5
1554217630228967.8
1554217630295868.2
1554217630402348.5
1554217630484684.8
1554217630497965.0
1554217630512358.0
1554217630631967.8
1554217630633514.8
1554217630663369.8
1554217630683235.8
1554217630684604.8
1554217630739006.8
1554217630766845.2
1554217630802174.8
1554217630836152.5
1554217630862039.8
1554217630874372.0
1554217630911350.8
1554217630931186.5
1554217630939915.0
1554217630978536.0
1554217630992438.2
1554217630999394.0
1554217631033381.8

25
20
20
