Time-differences (millis):

0.043
0.013
0.011
0.011
0.009
0.01
0.009
0.01
0.008
0.01
0.008
0.01
0.011
0.01
0.01
0.01
0.01
0.009
0.01
0.009
0.009
0.01
0.009
0.01

72.899
23.831
5.307
14.002
16.104
45.231
23.104
23.793
11.086
97.028
60.663
146.205
83.154
15.458
38.86
38.758
0.057
1.917
37.292
18.462
23.18
16.727
104.164
15.576

71.96225
24.06025
3.949
14.07175
17.931
43.0965
23.366
26.68375
8.1555
96.95925
61.24325
145.39925
83.31875
15.512
38.59675
38.877
0.71125
1.326
37.4025
18.31175
23.19425
16.837
103.912
15.77575

Test:	CR2_s_3
Requests:	25
Success:	24
Used:   	24

Local times (milisec):
min:	0.008
max:	0.043
mean:	0.011208333333333332
median:	0.01
stdev:	0.006852350702126061

Web server times (milisec):
min:	0.057
max:	146.205
mean:	38.869083333333336
median:	23.4865
stdev:	37.09932343332079

App server times (milisec):
min:	0.71125
max:	145.39925
mean:	38.777197916666665
median:	23.713124999999998
stdev:	36.988485309986146
diff:	0.981