Time-differences (millis):

6.842
0.081
0.473
0.103
0.28
0.195
0.211
0.215
0.25
0.225
0.172
0.409
0.097
0.36
0.074
1115.679
0.001
0.0
0.001
6403.86
0.008
0.022
0.079
12802.814

2.195
1.716
0.029
3.51
0.759
0.275
0.936
0.804
6.092
4.358
1.019
0.7
0.037
1.09
0.045
2.593
1.948
2.053
0.038
1.859
1.375
0.042
1.551
1.323

1.98925
1.7155
1.812
1.5125
0.90625
1.51875
1.602
4.0995
0.28825
4.5375
0.52675
0.72425
0.418
0.68075
0.42075
3.26175
1.2345
1.76725
0.815
1.05625
1.3785
0.923
0.91375
1.06175

Test:	TI2_r_8
Requests:	25
Success:	14
Used:   	8

Local times (milisec):
min:	0.0
max:	12802.814
mean:	847.1854583333334
median:	0.203
stdev:	2866.151030275711

Web server times (milisec):
min:	0.029
max:	6.092
mean:	1.5144583333333332
median:	1.2065000000000001
stdev:	1.4784703016871912

App server times (milisec):
min:	0.28825
max:	4.5375
mean:	1.46515625
median:	1.1481249999999998
stdev:	1.0938671771083046
diff:	1.145