Time-differences (millis):

0.261
1.112
0.855
3.982
1.154
0.929
0.059
0.92
0.066
0.934
0.002
1.079
0.276
0.808
0.053
1086.601
0.152
2.051
7.491
6410.557
0.018
0.029
0.033
12806.561

0.351
5.028
0.304
2.662
1.619
0.499
5.423
0.467
1.58
7.233
3.22
0.043
1.03
0.573
1.168
2.185
0.942
1.111
0.559
4.244
0.038
5.721

1.5075
3.91475
2.4275
0.74125
0.47875
0.57875
4.83725
0.49975
1.573
7.3815
3.041
0.44475
0.602
0.5835
1.1385
2.58075
0.54475
1.10925
0.55425
4.385
0.45525
4.08575
0.60525
0.858

Test:	TI2_r_2
Requests:	25
Success:	12
Used:   	4

Local times (milisec):
min:	0.002
max:	12806.561
mean:	846.9159583333333
median:	0.8875
stdev:	2867.1272709134346

Web server times (milisec):
min:	0.038
max:	7.233
mean:	2.090909090909091
median:	1.1395
stdev:	2.124523586014631

App server times (milisec):
min:	0.44475
max:	7.3815
mean:	1.872
median:	0.983625
stdev:	1.8448411458065623
diff:	2.51025