Time-differences (millis):

0.099
0.655
0.137
4.423
0.075
0.402
0.052
0.369
0.016
0.509
0.0
0.411
0.048
0.428
0.001
1119.984
0.018
0.007
0.025
6398.25
0.066
1.89
0.001
12803.651

0.788
2.33
1.348
2.961
1.622
0.311
0.402
0.266
4.206
6.123
1.769
0.636
0.695
0.049
2.311
0.629
0.041
3.05
0.021
0.599
0.749
1.339

2.0865
1.284
1.33525
2.35425
0.25325
0.4265
1.34275
2.0125
1.12
6.14175
1.83275
0.6365
0.63525
0.43125
2.03325
0.5055
0.777
2.28225
0.319
0.295
0.23975
0.50475
0.1695
1.1725

Test:	TI2_r_22
Requests:	25
Success:	11
Used:   	4

Local times (milisec):
min:	0.0
max:	12803.651
mean:	847.1465416666666
median:	0.11800000000000001
stdev:	2865.85366564879

Web server times (milisec):
min:	0.021
max:	6.123
mean:	1.4656818181818183
median:	0.7685
stdev:	1.5320089327839672

App server times (milisec):
min:	0.1695
max:	6.14175
mean:	1.2579583333333333
median:	0.9485000000000001
stdev:	1.2663426876387893
diff:	1.952