Time-differences (millis):

0.808
5.942
0.263
0.264
0.281
0.24
2.482
0.555
0.001
2.026
0.057
2.517
0.06
0.699
0.046
1120.679
0.025
0.016
0.015
6396.7
0.001
0.001
0.001
12798.998

2.164
1.641
1.636
0.562
2.051
0.26
1.437
0.245
2.097
6.579
4.024
0.043
3.943
0.909
1.83
1.612
0.069
0.888
1.27
0.549
0.212
1.87
1.535
4.505

1.92675
1.656
2.2105
1.08675
1.011
3.3815
0.896
1.59575
3.72775
4.1475
1.9355
0.4575
1.44975
1.246
1.483
1.7555
0.834
0.4255
0.8245
1.07775
0.4115
1.42125
1.34275
4.55525

Test:	TI2_r_4
Requests:	25
Success:	12
Used:   	6

Local times (milisec):
min:	0.001
max:	12798.998
mean:	847.194875
median:	0.2635
stdev:	2864.796494845805

Web server times (milisec):
min:	0.043
max:	6.579
mean:	1.747125
median:	1.5735000000000001
stdev:	1.596264152502717

App server times (milisec):
min:	0.4115
max:	4.55525
mean:	1.70246875
median:	1.4355
stdev:	1.1461761955579024
diff:	1.73875