1555429298686578.0
1555429298686769.0
1555429298687101.0
1555429298687166.0
1555429298688622.0
1555429298688756.0
1555429298689271.0
1555429298689318.0
1555429298689669.0
1555429298689690.0
1555429298690117.0
1555429298690264.0
1555429298690651.0
1555429298690670.0
1555429298691122.0
1555429298691130.0
1555429299813687.0
1555429299813688.0
1555429299813722.0
1555429299813723.0
1555429306216723.0
1555429306216775.0
1555429306216872.0
1555429306217224.0
1555429319025412.0

1555429319017320.0
1555429319019996.0
1555429319020174.0
1555429319023328.0
1555429319024717.0
1555429319026350.0
1555429319026373.0
1555429319028148.0
1555429319029977.0
1555429319031526.0
1555429319036257.0
1555429319037595.0
1555429319037635.0
1555429319040636.0
1555429319041204.0
1555429319045449.0
1555429319046666.0
1555429319046853.0
1555429319047311.0
1555429319047762.0
1555429319048799.0
1555429319049674.0
1555429319050756.0
1555429319056265.0

1555429319018900.5
1555429319021320.5
1555429319022831.0
1555429319025846.5
1555429319026542.5
1555429319026942.8
1555429319027325.0
1555429319028320.0
1555429319030166.2
1555429319031709.8
1555429319036571.5
1555429319037879.8
1555429319040306.8
1555429319040818.0
1555429319041705.5
1555429319045602.5
1555429319047004.8
1555429319047458.8
1555429319047924.2
1555429319048375.2
1555429319048947.8
1555429319049915.5
1555429319050908.2
1555429319053272.5
1555429319056420.2

25
13
7
