Time-differences (millis):

0.065
1.507
0.477
0.05
0.352
0.079
0.339
0.095
0.351
0.022
0.426
0.087
0.418
0.047
0.302
1109.711
0.027
8.124
0.033
6400.165
0.035
0.018
0.017
3664.259
9144.152

2.051
0.033
11.282
1.745
0.598
0.54
0.508
3.054
2.712
0.41
0.566
5.129
1.003
0.579
2.266
0.036
1.973
0.057
1.004
2.794
1.186

1.8115
1.6035
11.0995
0.54375
0.9655
0.57675
1.03075
1.03525
2.68975
0.447
0.47025
5.1485
1.07875
0.477
2.30925
0.415
1.632
0.52025
3.71425
0.88825
1.10125
1.1055
0.54375
1.06

Test:	TI2_r_15
Requests:	25
Success:	15
Used:   	8

Local times (milisec):
min:	0.017
max:	9144.152
mean:	813.24632
median:	0.302
stdev:	2261.099569046233

Web server times (milisec):
min:	0.033
max:	11.282
mean:	1.8821904761904762
median:	1.004
stdev:	2.501193027717925

App server times (milisec):
min:	0.415
max:	11.0995
mean:	1.7611354166666666
median:	1.047625
stdev:	2.291190030381932
diff:	3.3445