Time-differences (millis):

4.113
2.875
0.773
0.175
0.852
0.201
0.334
0.26
0.194
0.174
0.312
0.149
0.362
0.109
0.504
0.042
0.335
0.033
0.421
0.16
0.293
0.037
0.309
995.026

8.671
0.029
0.03
3.785
3.949
0.261
0.038
0.05
4.724
1.143
4.686
0.555
2.455
2.164
1.405
0.583
0.558
0.855
0.583
0.54
2.033
1.766
0.928

12.30275
1.56975
1.39675
0.35775
0.929
0.626
0.6375
0.64775
1.88375
1.10025
4.78275
0.73475
2.17925
2.696
0.96375
0.57775
0.76775
1.216
0.7255
0.363
1.69125
1.48425
1.499
0.783

Test:	TI2_r_1
Requests:	25
Success:	18
Used:   	10

Local times (milisec):
min:	0.033
max:	995.026
mean:	42.00179166666666
median:	0.301
stdev:	202.99549894602592

Web server times (milisec):
min:	0.029
max:	8.671
mean:	1.817
median:	0.928
stdev:	2.110004459280079

App server times (milisec):
min:	0.35775
max:	12.30275
mean:	1.74646875
median:	1.032
stdev:	2.4395411379304286
diff:	2.36025