1555513133521952.0
1555513133522051.0
1555513133522706.0
1555513133522843.0
1555513133527266.0
1555513133527341.0
1555513133527743.0
1555513133527795.0
1555513133528164.0
1555513133528180.0
1555513133528689.0
1555513133528689.0
1555513133529100.0
1555513133529148.0
1555513133529576.0
1555513133529577.0
1555513134649561.0
1555513134649579.0
1555513134649586.0
1555513134649611.0
1555513141047861.0
1555513141047927.0
1555513141049817.0
1555513141049818.0
1555513153853469.0

1555513153847694.0
1555513153848482.0
1555513153850812.0
1555513153852160.0
1555513153855121.0
1555513153856743.0
1555513153857054.0
1555513153857456.0
1555513153857722.0
1555513153861928.0
1555513153868051.0
1555513153869820.0
1555513153870456.0
1555513153871151.0
1555513153871200.0
1555513153873511.0
1555513153874140.0
1555513153874181.0
1555513153877231.0
1555513153877252.0
1555513153877851.0
1555513153878600.0
1555513153879939.0

1555513153849910.5
1555513153851997.0
1555513153853281.0
1555513153854616.2
1555513153856970.5
1555513153857223.8
1555513153857650.2
1555513153858993.0
1555513153861005.5
1555513153862125.5
1555513153868267.2
1555513153870100.0
1555513153870736.5
1555513153871371.8
1555513153871803.0
1555513153873836.2
1555513153874341.8
1555513153875118.8
1555513153877401.0
1555513153877720.0
1555513153878015.0
1555513153878254.8
1555513153878759.5
1555513153878929.0
1555513153880101.5

25
11
4
