1555429160245867.0
1555429160246675.0
1555429160252617.0
1555429160252880.0
1555429160253144.0
1555429160253425.0
1555429160253665.0
1555429160256147.0
1555429160256702.0
1555429160256703.0
1555429160258729.0
1555429160258786.0
1555429160261303.0
1555429160261363.0
1555429160262062.0
1555429160262108.0
1555429161382787.0
1555429161382812.0
1555429161382828.0
1555429161382843.0
1555429167779543.0
1555429167779544.0
1555429167779545.0
1555429167779546.0
1555429180578544.0

1555429180570168.0
1555429180572332.0
1555429180573973.0
1555429180575609.0
1555429180576171.0
1555429180578222.0
1555429180578482.0
1555429180579919.0
1555429180580164.0
1555429180582261.0
1555429180588840.0
1555429180592864.0
1555429180592907.0
1555429180596850.0
1555429180597759.0
1555429180599589.0
1555429180601201.0
1555429180601270.0
1555429180602158.0
1555429180603428.0
1555429180603977.0
1555429180604189.0
1555429180606059.0
1555429180607594.0
1555429180612099.0

1555429180571531.2
1555429180573458.0
1555429180575114.0
1555429180577324.5
1555429180578411.2
1555429180579422.2
1555429180582803.8
1555429180583699.8
1555429180585295.5
1555429180589023.2
1555429180593170.8
1555429180595106.2
1555429180595563.8
1555429180597013.5
1555429180598259.5
1555429180599742.5
1555429180601498.0
1555429180602332.0
1555429180602757.5
1555429180603582.0
1555429180604659.8
1555429180605071.2
1555429180606492.5
1555429180607835.2
1555429180612390.5

25
12
6
