1555429345687138.0
1555429345687211.0
1555429345687652.0
1555429345691622.0
1555429345691789.0
1555429345692518.0
1555429345692637.0
1555429345693087.0
1555429345693138.0
1555429345696591.0
1555429345696670.0
1555429345697501.0
1555429345697665.0
1555429345698083.0
1555429345698244.0
1555429345706792.0
1555429346809715.0
1555429346826451.0
1555429346826452.0
1555429346826452.0
1555429353218321.0
1555429353218383.0
1555429353218384.0
1555429353218417.0
1555429366022182.0

1555429366019694.0
1555429366022489.0
1555429366024192.0
1555429366025815.0
1555429366027421.0
1555429366028738.0
1555429366028762.0
1555429366029300.0
1555429366031595.0
1555429366034837.0
1555429366037131.0
1555429366040810.0
1555429366040945.0
1555429366042079.0
1555429366044258.0
1555429366045422.0
1555429366047139.0
1555429366047185.0
1555429366052238.0
1555429366052362.0
1555429366053121.0
1555429366053709.0
1555429366056326.0
1555429366057012.0
1555429366063858.0

1555429366021215.8
1555429366023653.0
1555429366025321.5
1555429366026929.5
1555429366028959.2
1555429366029222.2
1555429366029461.0
1555429366030693.0
1555429366031818.8
1555429366035044.0
1555429366037840.2
1555429366041731.2
1555429366042253.8
1555429366042660.5
1555429366044539.8
1555429366045620.0
1555429366047337.8
1555429366052532.0
1555429366053290.2
1555429366053877.2
1555429366054349.5
1555429366054672.8
1555429366057162.0
1555429366060339.0
1555429366064049.8

25
12
6
