1555486422685586.0
1555486422686265.0
1555486422686661.0
1555486422686956.0
1555486422687422.0
1555486422687804.0
1555486422688145.0
1555486422688487.0
1555486422688929.0
1555486422689340.0
1555486422689754.0
1555486422690358.0
1555486422690465.0
1555486422690915.0
1555486422691030.0
1555486422691333.0
1555486423773934.0
1555486423774018.0
1555486423774018.0
1555486423774036.0
1555486430178592.0
1555486430178658.0
1555486430178659.0
1555486430178660.0
1555486442988929.0

1555486442983426.0
1555486442984738.0
1555486442986530.0
1555486442988158.0
1555486442989752.0
1555486442993079.0
1555486442993101.0
1555486442993590.0
1555486442994526.0
1555486443000804.0
1555486443001854.0
1555486443003609.0
1555486443004772.0
1555486443005937.0
1555486443007816.0
1555486443008428.0
1555486443008543.0
1555486443008587.0
1555486443012686.0
1555486443013486.0
1555486443015902.0
1555486443018228.0

1555486442985923.0
1555486442987649.8
1555486442989267.8
1555486442991005.8
1555486442992595.8
1555486442993311.2
1555486442993529.5
1555486442993755.2
1555486442994744.2
1555486443001074.2
1555486443002052.5
1555486443004319.2
1555486443005513.5
1555486443006759.2
1555486443007988.2
1555486443008773.5
1555486443009216.2
1555486443009620.8
1555486443012856.8
1555486443013364.5
1555486443013622.0
1555486443014781.2
1555486443016066.5
1555486443017476.5
1555486443018400.5

25
13
6
