1555486527936375.0
1555486527936454.0
1555486527936880.0
1555486527936914.0
1555486527937748.0
1555486527938036.0
1555486527938037.0
1555486527938502.0
1555486527938608.0
1555486527938968.0
1555486527943794.0
1555486527943871.0
1555486527944252.0
1555486527944328.0
1555486527944725.0
1555486527944811.0
1555486529063959.0
1555486529071313.0
1555486529071330.0
1555486529071353.0
1555486535462121.0
1555486535467438.0
1555486535467439.0
1555486535467456.0

1555486548262839.0
1555486548264715.0
1555486548266453.0
1555486548268088.0
1555486548269693.0
1555486548271839.0
1555486548272119.0
1555486548272182.0
1555486548274539.0
1555486548278796.0
1555486548283267.0
1555486548283378.0
1555486548283420.0
1555486548283914.0
1555486548285189.0
1555486548285247.0
1555486548287819.0
1555486548290007.0
1555486548291594.0
1555486548292635.0
1555486548292674.0
1555486548295478.0

1555486548265853.5
1555486548267588.5
1555486548269209.0
1555486548271357.2
1555486548272041.0
1555486548272342.8
1555486548272766.8
1555486548273397.2
1555486548274749.5
1555486548279011.8
1555486548283588.8
1555486548284087.5
1555486548284315.5
1555486548285400.0
1555486548286073.5
1555486548287446.8
1555486548287978.0
1555486548290179.8
1555486548291929.8
1555486548292814.8
1555486548293770.2
1555486548294833.8
1555486548295780.5
1555486548296372.8
1555486548296776.0

25
15
8
