Time-differences (millis):

0.085
0.478
0.053
0.367
0.087
4.596
0.069
0.407
0.132
10.225
0.325
0.092
2.788
0.139
0.415
1102.319
0.096
0.0
0.772
6402.833
0.011
0.061
0.004
757.243
12051.519

4.887
0.024
0.023
3.578
1.609
0.03
0.694
3.686
1.319
0.022
4.513
2.026
2.753
0.926
1.571
3.626
0.083
0.457
1.31
0.025
2.916
0.18
1.882
0.822

6.622
1.6875
0.71475
1.2225
0.60425
1.04725
0.619
0.872
1.345
0.87075
3.87125
1.7745
2.75975
1.30775
1.34675
3.56725
0.42475
1.32275
0.1715
2.94625
0.4385
1.425
0.843
3.0185

Test:	TI2_r_13
Requests:	25
Success:	15
Used:   	11

Local times (milisec):
min:	0.0
max:	12051.519
mean:	813.40464
median:	0.325
stdev:	2673.0394840020112

Web server times (milisec):
min:	0.022
max:	4.887
mean:	1.6234166666666665
median:	1.3145
stdev:	1.5469806473218743

App server times (milisec):
min:	0.1715
max:	6.622
mean:	1.7009375
median:	1.31525
stdev:	1.4614713276613014
diff:	1.67