Time-differences (millis):

0.101
0.91
0.059
0.637
0.13
0.718
0.206
0.287
0.217
0.199
0.206
0.275
0.109
0.452
0.147
1119.289
0.105
0.0
0.001
6400.052
0.13
1.37
0.001
12808.872

1.703
1.699
1.62
1.212
0.325
1.857
1.228
0.419
9.065
0.595
1.346
0.736
0.039
0.022
1.512
0.565
1.992
5.932
0.313
0.041
0.595
1.224
1.587
0.049

1.431
1.7035
3.1455
0.65325
0.275
1.217
0.8275
4.62925
4.11275
0.88525
0.95225
0.775
0.48375
0.454
0.6825
0.741
1.742
5.933
0.34025
0.24125
0.338
1.2135
1.64375
0.7975

Test:	TI2_r_5
Requests:	25
Success:	12
Used:   	4

Local times (milisec):
min:	0.0
max:	12808.872
mean:	847.2697083333333
median:	0.206
stdev:	2866.9927937379216

Web server times (milisec):
min:	0.022
max:	9.065
mean:	1.4865
median:	1.218
stdev:	2.0130438125645322

App server times (milisec):
min:	0.24125
max:	5.933
mean:	1.46740625
median:	0.856375
stdev:	1.4928500915095624
diff:	0.97225