Time-differences (millis):

3764.113
0.71
5.791
0.05
0.495
0.001
0.511
0.049
0.338
0.089
0.335
0.112
0.375
0.112
0.313
8.958
1106.681
1.018
0.001
0.001
6411.389
0.024
0.04
0.02
12804.746

1.236
2.586
1.268
1.693
1.57
0.316
2.253
1.468
3.567
4.441
3.238
0.921
1.084
1.787
1.718
1.012
1.007
0.036
2.083
1.173
0.918
0.385
0.39
1.225

3.64475
2.36525
0.45925
0.68775
1.231
1.13125
0.52
0.594
3.01875
4.37
3.231
0.9175
1.4105
1.517
1.7635
0.89875
1.06775
0.7805
1.2635
1.21375
0.94125
0.401
0.29525
1.23725

Test:	TI2_r_21
Requests:	25
Success:	13
Used:   	6

Local times (milisec):
min:	0.001
max:	12804.746
mean:	964.2508799999999
median:	0.335
stdev:	2866.591623705862

Web server times (milisec):
min:	0.036
max:	4.441
mean:	1.5572916666666667
median:	1.252
stdev:	1.0586694470836522

App server times (milisec):
min:	0.29525
max:	4.37
mean:	1.4566875
median:	1.1725
stdev:	1.0882240649283264
diff:	1.287