1555429248395919.0
1555429248396020.0
1555429248396930.0
1555429248396989.0
1555429248397626.0
1555429248397756.0
1555429248398474.0
1555429248398680.0
1555429248398967.0
1555429248399184.0
1555429248399383.0
1555429248399589.0
1555429248399864.0
1555429248399973.0
1555429248400425.0
1555429248400572.0
1555429249519861.0
1555429249519966.0
1555429249519966.0
1555429249519967.0
1555429255920019.0
1555429255920149.0
1555429255921519.0
1555429255921520.0
1555429268730392.0

1555429268722612.0
1555429268724315.0
1555429268726014.0
1555429268727634.0
1555429268728846.0
1555429268729171.0
1555429268731028.0
1555429268732256.0
1555429268732675.0
1555429268741740.0
1555429268742335.0
1555429268743681.0
1555429268744417.0
1555429268744456.0
1555429268744478.0
1555429268745990.0
1555429268746555.0
1555429268748547.0
1555429268754479.0
1555429268754792.0
1555429268754833.0
1555429268755428.0
1555429268756652.0
1555429268758239.0
1555429268758288.0

1555429268724021.5
1555429268725452.5
1555429268727156.0
1555429268730301.5
1555429268730954.8
1555429268731229.8
1555429268732446.8
1555429268733274.2
1555429268737903.5
1555429268742016.2
1555429268742901.5
1555429268743853.8
1555429268744628.8
1555429268745112.5
1555429268745566.5
1555429268746249.0
1555429268746990.0
1555429268748732.0
1555429268754665.0
1555429268755005.2
1555429268755246.5
1555429268755584.5
1555429268756798.0
1555429268758441.8
1555429268759239.2

25
12
4
