Time-differences (millis):

0.191
0.332
0.065
1.456
0.134
0.515
0.047
0.351
0.021
0.427
0.147
0.387
0.019
0.452
0.008
1122.557
0.001
0.034
0.001
6403.0
0.052
0.097
0.352
12808.188

2.676
0.178
3.154
1.389
1.633
0.023
1.775
1.829
1.549
4.731
1.338
0.04
3.001
0.568
4.245
1.217
0.187
0.458
0.451
1.037
0.875
1.082
5.509

2.42
1.5105
3.0155
0.696
0.40025
0.38225
0.995
1.84625
1.5435
4.86175
1.30825
2.427
0.51125
0.8875
3.897
1.40225
0.454
0.4655
0.451
0.5725
0.96775
0.99275
2.36425
3.14775

Test:	TI2_r_6
Requests:	25
Success:	13
Used:   	7

Local times (milisec):
min:	0.001
max:	12808.188
mean:	847.4514166666667
median:	0.16899999999999998
stdev:	2867.145624593984

Web server times (milisec):
min:	0.023
max:	5.509
mean:	1.6932608695652174
median:	1.338
stdev:	1.5300180396260128

App server times (milisec):
min:	0.38225
max:	4.86175
mean:	1.5633229166666667
median:	1.151625
stdev:	1.2151583218533228
diff:	1.422