1555429472174947.0
1555429472175033.0
1555429472175504.0
1555429472175504.0
1555429472175783.0
1555429472175995.0
1555429472176283.0
1555429472176388.0
1555429472176706.0
1555429472176891.0
1555429472177183.0
1555429472177399.0
1555429472179665.0
1555429472179666.0
1555429472179666.0
1555429472179667.0
1555429473305187.0
1555429473305251.0
1555429473305311.0
1555429473305347.0
1555429479709414.0
1555429479709414.0
1555429479709427.0
1555429479709441.0
1555429492507187.0

1555429492503823.0
1555429492504266.0
1555429492506762.0
1555429492508175.0
1555429492511164.0
1555429492512745.0
1555429492513039.0
1555429492513284.0
1555429492513688.0
1555429492518422.0
1555429492523986.0
1555429492524395.0
1555429492524468.0
1555429492527155.0
1555429492527270.0
1555429492528701.0
1555429492530224.0
1555429492530339.0
1555429492532173.0
1555429492533070.0
1555429492534308.0
1555429492535798.0

1555429492505775.5
1555429492507918.5
1555429492509284.8
1555429492510673.0
1555429492512962.5
1555429492513217.0
1555429492513459.0
1555429492514514.2
1555429492514915.5
1555429492518625.8
1555429492524649.2
1555429492525348.2
1555429492526391.0
1555429492527478.2
1555429492528315.2
1555429492529205.5
1555429492530518.8
1555429492530943.0
1555429492532761.5
1555429492533510.0
1555429492534453.8
1555429492535945.5
1555429492537125.5
1555429492537563.5
1555429492539174.5

25
12
5
