Time-differences (millis):

0.684
0.189
0.05
1.024
0.306
0.757
0.091
0.493
0.139
0.591
0.16
1.063
0.321
1.119
0.054
1114.415
0.708
0.057
0.038
6402.586
1.17
1.108
0.0
12804.858

2.483
0.382
0.295
4.262
1.617
0.66
0.251
1.847
1.895
6.798
1.529
0.577
0.976
0.365
0.045
2.142
1.158
0.545
1.819
1.191
1.171
1.087
1.08

3.54075
1.37
2.1565
0.745
0.60775
0.23275
0.889
1.013
1.83975
7.114
1.31525
0.4775
1.3555
0.74975
0.82775
0.58175
1.2525
1.1175
1.465
1.20825
1.126
1.04725
0.8265
2.2315

Test:	TI2_r_17
Requests:	25
Success:	16
Used:   	4

Local times (milisec):
min:	0.0
max:	12804.858
mean:	847.165875
median:	0.542
stdev:	2866.4086351399696

Web server times (milisec):
min:	0.045
max:	6.798
mean:	1.4858695652173912
median:	1.158
stdev:	1.4854295156114956

App server times (milisec):
min:	0.23275
max:	7.114
mean:	1.4621041666666668
median:	1.12175
stdev:	1.3890725106215631
diff:	1.706