1555486467747242.0
1555486467747327.0
1555486467747805.0
1555486467747858.0
1555486467748225.0
1555486467748312.0
1555486467752908.0
1555486467752977.0
1555486467753384.0
1555486467753516.0
1555486467763741.0
1555486467764066.0
1555486467764158.0
1555486467766946.0
1555486467767085.0
1555486467767500.0
1555486468869819.0
1555486468869915.0
1555486468869915.0
1555486468870687.0
1555486475273520.0
1555486475273531.0
1555486475273592.0
1555486475273596.0
1555486476030839.0
1555486488082358.0

1555486488073323.0
1555486488078210.0
1555486488078234.0
1555486488078257.0
1555486488081835.0
1555486488083444.0
1555486488083474.0
1555486488084168.0
1555486488087854.0
1555486488089173.0
1555486488089195.0
1555486488093708.0
1555486488095734.0
1555486488098487.0
1555486488099413.0
1555486488100984.0
1555486488104610.0
1555486488104693.0
1555486488105150.0
1555486488106460.0
1555486488106485.0
1555486488109401.0
1555486488109581.0
1555486488111463.0
1555486488112285.0

1555486488074648.2
1555486488081270.2
1555486488082957.8
1555486488083672.5
1555486488084895.0
1555486488085499.2
1555486488086546.5
1555486488087165.5
1555486488088037.5
1555486488089382.5
1555486488090253.2
1555486488094124.5
1555486488095899.0
1555486488098658.8
1555486488099966.5
1555486488101313.2
1555486488104880.5
1555486488105305.2
1555486488106628.0
1555486488106799.5
1555486488109745.8
1555486488110184.2
1555486488111609.2
1555486488112452.2
1555486488115470.8

25
15
11
