Time-differences (millis):

0.684
4.685
0.069
0.363
0.121
0.363
0.086
0.343
0.373
8.534
0.077
0.553
0.119
0.515
0.045
1107.008
2.223
0.001
0.017
6403.867
0.01
0.011
0.018
12804.465

2.715
1.367
1.665
1.786
1.124
0.043
1.455
2.391
2.766
5.213
1.073
0.85
0.63
1.107
1.411
3.007
1.706
1.954
1.588
0.573
0.663
0.064
3.171

2.38175
1.3195
1.81375
1.90175
0.73025
0.714
1.30875
1.075
2.753
5.28625
1.30875
0.61675
0.622
1.02625
1.4105
3.4535
1.27775
1.9195
1.65525
0.59975
0.95175
1.0125
0.4475
1.7075

Test:	TI2_r_24
Requests:	25
Success:	14
Used:   	7

Local times (milisec):
min:	0.001
max:	12804.465
mean:	847.2729166666667
median:	0.353
stdev:	2866.2996220960104

Web server times (milisec):
min:	0.043
max:	5.213
mean:	1.6661739130434783
median:	1.455
stdev:	1.1654642716014278

App server times (milisec):
min:	0.4475
max:	5.28625
mean:	1.5538854166666667
median:	1.30875
stdev:	1.0778119188872755
diff:	1.35875