1555429888804749.0
1555429888804817.0
1555429888805367.0
1555429888805410.0
1555429888805959.0
1555429888806015.0
1555429888806427.0
1555429888806485.0
1555429888807088.0
1555429888807089.0
1555429888807617.0
1555429888807702.0
1555429888809328.0
1555429888809386.0
1555429888810152.0
1555429888810204.0
1555429889884378.0
1555429889884379.0
1555429889884506.0
1555429889884507.0
1555429896288131.0
1555429896296352.0
1555429896296417.0
1555429896296435.0
1555429909098419.0

1555429909090578.0
1555429909091649.0
1555429909092177.0
1555429909109291.0
1555429909110366.0
1555429909110649.0
1555429909112167.0
1555429909112646.0
1555429909113228.0
1555429909118089.0
1555429909119815.0
1555429909120381.0
1555429909125642.0
1555429909126827.0
1555429909127779.0
1555429909128272.0
1555429909132749.0
1555429909133759.0
1555429909136452.0
1555429909137433.0
1555429909138235.0
1555429909139766.0
1555429909139803.0
1555429909142458.0

1555429909093500.2
1555429909095094.8
1555429909096221.0
1555429909112068.8
1555429909112884.5
1555429909113795.2
1555429909114582.5
1555429909116214.2
1555429909116853.5
1555429909118290.0
1555429909119985.8
1555429909120540.0
1555429909125855.2
1555429909127005.2
1555429909127994.2
1555429909128423.5
1555429909132899.8
1555429909133899.2
1555429909136974.5
1555429909137927.5
1555429909138669.8
1555429909139949.0
1555429909140372.0
1555429909142138.5
1555429909143151.0

25
14
6
