Success codes:
18
12
15
12
12
13
12
14
12
14
14
13
15
15
15
12
16
13
14
13
13
11
16
14
15

Vouchers used:
10
4
8
6
4
7
6
8
5
8
6
6
11
8
8
5
4
6
5
4
6
4
8
7
7

Ratio:
1.8
3.0
1.875
2.0
3.0
1.8571428571428572
2.0
1.75
2.4
1.75
2.3333333333333335
2.1666666666666665
1.3636363636363635
1.875
1.875
2.4
4.0
2.1666666666666665
2.8
3.25
2.1666666666666665
2.75
2.0
2.0
2.142857142857143

Local:
4.113
2.875
0.773
0.175
0.852
0.201
0.334
0.26
0.194
0.174
0.312
0.149
0.362
0.109
0.504
0.042
0.335
0.033
0.421
0.16
0.293
0.037
0.309
995.026
0.261
1.112
0.855
3.982
1.154
0.929
0.059
0.92
0.066
0.934
0.002
1.079
0.276
0.808
0.053
1086.601
0.152
2.051
7.491
6410.557
0.018
0.029
0.033
12806.561
10.471
0.074
0.335
0.131
11.218
0.778
0.354
0.562
0.303
0.276
0.117
0.402
0.229
0.311
0.683
1094.469
0.096
0.061
0.01
6400.747
0.001
9.1
0.075
12798.008
0.808
5.942
0.263
0.264
0.281
0.24
2.482
0.555
0.001
2.026
0.057
2.517
0.06
0.699
0.046
1120.679
0.025
0.016
0.015
6396.7
0.001
0.001
0.001
12798.998
0.101
0.91
0.059
0.637
0.13
0.718
0.206
0.287
0.217
0.199
0.206
0.275
0.109
0.452
0.147
1119.289
0.105
0.0
0.001
6400.052
0.13
1.37
0.001
12808.872
0.191
0.332
0.065
1.456
0.134
0.515
0.047
0.351
0.021
0.427
0.147
0.387
0.019
0.452
0.008
1122.557
0.001
0.034
0.001
6403.0
0.052
0.097
0.352
12808.188
0.073
0.441
3.97
0.167
0.729
0.119
0.45
0.051
3.453
0.079
0.831
0.164
0.418
0.161
8.548
1102.923
16.736
0.001
0.0
6391.869
0.062
0.001
0.033
12803.765
6.842
0.081
0.473
0.103
0.28
0.195
0.211
0.215
0.25
0.225
0.172
0.409
0.097
0.36
0.074
1115.679
0.001
0.0
0.001
6403.86
0.008
0.022
0.079
12802.814
0.086
0.471
0.0
0.279
0.212
0.288
0.105
0.318
0.185
0.292
0.216
2.266
0.001
0.0
0.001
1125.52
0.064
0.06
0.036
6404.067
0.0
0.013
0.014
12797.746
7.463
0.001
0.59
0.081
0.422
0.031
0.366
0.093
0.324
0.079
0.286
0.164
0.239
0.238
0.108
1127.004
0.027
0.063
0.001
6398.708
0.063
0.026
0.026
12806.473
0.068
0.55
0.043
0.549
0.056
0.412
0.058
0.603
0.001
0.528
0.085
1.626
0.058
0.766
0.052
1074.174
0.001
0.127
0.001
6403.624
8.221
0.065
0.018
12801.984
0.679
0.396
0.295
0.466
0.382
0.341
0.342
0.442
0.411
0.414
0.604
0.107
0.45
0.115
0.303
1082.601
0.084
0.0
0.018
6404.556
0.066
0.001
0.001
12810.269
0.085
0.478
0.053
0.367
0.087
4.596
0.069
0.407
0.132
10.225
0.325
0.092
2.788
0.139
0.415
1102.319
0.096
0.0
0.772
6402.833
0.011
0.061
0.004
757.243
12051.519
0.079
0.426
0.034
0.834
0.288
0.001
0.465
0.106
0.36
4.826
0.077
0.381
0.076
0.397
0.086
1119.148
7.354
0.017
0.023
6390.768
5.317
0.001
0.017
0.065
1.507
0.477
0.05
0.352
0.079
0.339
0.095
0.351
0.022
0.426
0.087
0.418
0.047
0.302
1109.711
0.027
8.124
0.033
6400.165
0.035
0.018
0.017
3664.259
9144.152
0.001
0.717
0.026
0.218
0.246
0.24
0.267
0.205
0.244
0.281
0.191
0.534
0.001
0.418
0.086
1104.556
0.09
0.001
0.018
6405.361
0.0
0.029
0.014
12809.076
0.684
0.189
0.05
1.024
0.306
0.757
0.091
0.493
0.139
0.591
0.16
1.063
0.321
1.119
0.054
1114.415
0.708
0.057
0.038
6402.586
1.17
1.108
0.0
12804.858
0.697
0.0
5.515
0.063
0.584
0.152
0.658
0.142
0.707
0.495
1.313
0.071
1.175
0.062
2.502
1099.767
0.0
0.011
0.045
6413.349
0.084
0.0
0.0
12820.322
0.738
1.965
0.069
1.424
0.001
1.895
0.751
0.062
2.201
0.122
2.477
0.06
0.433
0.046
0.304
1105.579
0.042
0.041
0.052
6405.606
0.647
0.0
7.348
12804.622
0.72
0.001
1.279
0.196
0.695
0.084
0.578
0.135
0.543
0.058
0.486
0.124
0.39
0.128
0.396
1110.89
1.344
0.053
1.223
6399.845
0.038
5.299
10.003
12805.304
3764.113
0.71
5.791
0.05
0.495
0.001
0.511
0.049
0.338
0.089
0.335
0.112
0.375
0.112
0.313
8.958
1106.681
1.018
0.001
0.001
6411.389
0.024
0.04
0.02
12804.746
0.099
0.655
0.137
4.423
0.075
0.402
0.052
0.369
0.016
0.509
0.0
0.411
0.048
0.428
0.001
1119.984
0.018
0.007
0.025
6398.25
0.066
1.89
0.001
12803.651
0.725
0.211
0.283
0.415
3.291
0.07
0.421
6.869
0.071
0.322
0.085
0.385
0.015
0.549
0.012
0.456
0.06
0.334
0.08
1115.235
0.001
0.018
0.007
6403.146
0.684
4.685
0.069
0.363
0.121
0.363
0.086
0.343
0.373
8.534
0.077
0.553
0.119
0.515
0.045
1107.008
2.223
0.001
0.017
6403.867
0.01
0.011
0.018
12804.465
0.709
0.001
0.0
0.358
0.069
0.287
0.086
0.46
0.054
0.306
0.099
0.348
0.095
0.334
0.069
1115.163
0.098
7.644
0.0
6407.094
0.001
0.018
0.007
12802.731

Web:
8.671
0.029
0.03
3.785
3.949
0.261
0.038
0.05
4.724
1.143
4.686
0.555
2.455
2.164
1.405
0.583
0.558
0.855
0.583
0.54
2.033
1.766
0.928
0.351
5.028
0.304
2.662
1.619
0.499
5.423
0.467
1.58
7.233
3.22
0.043
1.03
0.573
1.168
2.185
0.942
1.111
0.559
4.244
0.038
5.721
2.305
0.027
3.336
1.716
1.736
0.262
0.046
0.569
3.588
5.185
0.83
1.001
0.912
0.832
0.329
3.355
2.534
1.068
4.674
0.582
3.141
1.427
2.164
1.641
1.636
0.562
2.051
0.26
1.437
0.245
2.097
6.579
4.024
0.043
3.943
0.909
1.83
1.612
0.069
0.888
1.27
0.549
0.212
1.87
1.535
4.505
1.703
1.699
1.62
1.212
0.325
1.857
1.228
0.419
9.065
0.595
1.346
0.736
0.039
0.022
1.512
0.565
1.992
5.932
0.313
0.041
0.595
1.224
1.587
0.049
2.676
0.178
3.154
1.389
1.633
0.023
1.775
1.829
1.549
4.731
1.338
0.04
3.001
0.568
4.245
1.217
0.187
0.458
0.451
1.037
0.875
1.082
5.509
2.795
1.703
1.623
1.606
1.317
0.024
0.538
2.295
3.242
2.294
3.679
0.135
1.134
2.179
1.164
1.717
0.046
5.053
0.124
0.759
0.588
2.617
0.686
6.846
2.195
1.716
0.029
3.51
0.759
0.275
0.936
0.804
6.092
4.358
1.019
0.7
0.037
1.09
0.045
2.593
1.948
2.053
0.038
1.859
1.375
0.042
1.551
1.323
0.443
2.496
1.413
2.989
1.581
0.294
0.245
0.404
4.734
5.564
0.409
0.073
2.687
0.115
1.431
1.523
0.115
1.834
0.897
1.238
1.49
0.11
3.868
1.648
1.607
1.64
0.293
0.037
2.161
3.106
3.241
1.65
1.884
0.628
2.122
1.171
1.15
0.947
0.868
0.599
0.359
2.941
1.211
0.389
1.071
0.528
17.114
1.075
0.283
1.518
0.479
0.582
4.861
1.726
0.566
5.261
1.185
0.952
0.493
4.477
1.01
2.693
0.981
0.802
1.531
0.037
2.655
1.312
1.792
1.628
1.594
3.327
0.022
0.489
0.936
6.278
1.05
1.755
1.163
1.165
1.879
0.612
0.115
0.044
4.099
0.8
2.416
2.326
4.887
0.024
0.023
3.578
1.609
0.03
0.694
3.686
1.319
0.022
4.513
2.026
2.753
0.926
1.571
3.626
0.083
0.457
1.31
0.025
2.916
0.18
1.882
0.822
1.876
1.738
1.635
1.605
2.146
0.28
0.063
2.357
4.257
4.471
0.111
0.042
0.494
1.275
0.058
2.572
2.188
1.587
1.041
0.039
2.804
2.051
0.033
11.282
1.745
0.598
0.54
0.508
3.054
2.712
0.41
0.566
5.129
1.003
0.579
2.266
0.036
1.973
0.057
1.004
2.794
1.186
0.391
2.644
1.26
3.59
0.407
0.284
1.632
2.099
1.234
6.393
0.375
0.046
1.883
2.097
0.592
0.797
2.711
1.058
0.038
4.149
0.553
1.961
2.483
0.382
0.295
4.262
1.617
0.66
0.251
1.847
1.895
6.798
1.529
0.577
0.976
0.365
0.045
2.142
1.158
0.545
1.819
1.191
1.171
1.087
1.08
1.951
1.656
2.012
1.915
1.684
0.043
0.34
0.831
3.368
7.776
1.95
0.679
1.412
0.04
0.041
1.471
0.568
1.579
1.523
4.841
1.669
3.757
2.679
1.713
1.615
1.949
1.035
0.264
0.277
0.034
4.665
4.067
3.562
0.952
0.795
0.05
2.342
0.465
0.536
1.327
1.433
1.487
0.176
0.999
2.471
1.385
1.65
1.664
0.673
0.344
0.784
9.378
1.036
0.126
0.793
0.462
1.0
1.396
1.126
1.856
2.875
0.941
1.122
0.492
0.649
1.236
2.586
1.268
1.693
1.57
0.316
2.253
1.468
3.567
4.441
3.238
0.921
1.084
1.787
1.718
1.012
1.007
0.036
2.083
1.173
0.918
0.385
0.39
1.225
0.788
2.33
1.348
2.961
1.622
0.311
0.402
0.266
4.206
6.123
1.769
0.636
0.695
0.049
2.311
0.629
0.041
3.05
0.021
0.599
0.749
1.339
1.67
0.03
2.592
2.424
1.606
0.256
0.037
0.598
0.222
8.69
1.718
3.504
1.982
0.725
0.228
0.548
0.042
0.551
1.385
0.444
0.687
3.902
1.523
0.07
2.715
1.367
1.665
1.786
1.124
0.043
1.455
2.391
2.766
5.213
1.073
0.85
0.63
1.107
1.411
3.007
1.706
1.954
1.588
0.573
0.663
0.064
3.171
0.779
1.38
0.955
1.274
0.392
5.635
0.423
2.785
0.298
0.917
6.896
0.051
1.447
2.401
0.154
3.029
2.148
0.052
1.08
1.747
4.148
1.046
1.266
0.869

App:
12.30275
1.56975
1.39675
0.35775
0.929
0.626
0.6375
0.64775
1.88375
1.10025
4.78275
0.73475
2.17925
2.696
0.96375
0.57775
0.76775
1.216
0.7255
0.363
1.69125
1.48425
1.499
0.783
1.5075
3.91475
2.4275
0.74125
0.47875
0.57875
4.83725
0.49975
1.573
7.3815
3.041
0.44475
0.602
0.5835
1.1385
2.58075
0.54475
1.10925
0.55425
4.385
0.45525
4.08575
0.60525
0.858
1.9775
1.64875
1.7165
1.748
0.7035
0.272
0.5825
6.30575
2.5425
1.23375
0.5045
0.93
1.4565
0.87775
1.2915
1.4495
2.07325
1.03675
4.578
3.3945
0.43575
0.758
1.131
1.06475
1.92675
1.656
2.2105
1.08675
1.011
3.3815
0.896
1.59575
3.72775
4.1475
1.9355
0.4575
1.44975
1.246
1.483
1.7555
0.834
0.4255
0.8245
1.07775
0.4115
1.42125
1.34275
4.55525
1.431
1.7035
3.1455
0.65325
0.275
1.217
0.8275
4.62925
4.11275
0.88525
0.95225
0.775
0.48375
0.454
0.6825
0.741
1.742
5.933
0.34025
0.24125
0.338
1.2135
1.64375
0.7975
2.42
1.5105
3.0155
0.696
0.40025
0.38225
0.995
1.84625
1.5435
4.86175
1.30825
2.427
0.51125
0.8875
3.897
1.40225
0.454
0.4655
0.451
0.5725
0.96775
0.99275
2.36425
3.14775
2.43725
1.6685
1.608
2.02975
0.263
0.23875
1.232
1.12575
3.22525
2.79625
3.891
0.5225
0.40675
1.87925
1.08025
1.71775
5.19425
0.75825
0.587
0.47225
0.32325
2.48925
3.177
3.71075
1.98925
1.7155
1.812
1.5125
0.90625
1.51875
1.602
4.0995
0.28825
4.5375
0.52675
0.72425
0.418
0.68075
0.42075
3.26175
1.2345
1.76725
0.815
1.05625
1.3785
0.923
0.91375
1.06175
2.143
1.36625
1.38825
2.2895
0.2545
0.242
1.05525
0.40125
3.71025
6.0235
0.699
1.04275
1.08725
0.837
0.89025
1.31325
0.42425
1.8185
0.7485
0.94375
1.49175
1.18
0.438
1.611
2.18825
1.24075
1.63825
1.63975
0.69325
0.2835
1.21
0.9815
3.14275
3.17
1.649
2.03125
1.007
1.62375
1.1715
1.11525
0.96225
1.00125
0.81575
0.40625
1.36925
1.186
1.81675
0.4355
1.5945
1.12625
15.84775
0.81575
0.91075
0.78725
1.63175
0.63925
1.4365
1.69575
0.55425
5.31525
1.15
0.989
0.42925
4.47625
0.9995
3.07525
0.953
0.74225
1.27925
0.423
1.7665
1.0125
1.72675
1.618
1.738
1.59
0.7155
0.21825
0.22575
0.989
6.33
0.97825
2.26675
1.19425
1.24575
1.229
0.78525
0.44275
0.4045
3.236
0.50775
0.2575
1.15925
1.28525
1.41
0.924
6.622
1.6875
0.71475
1.2225
0.60425
1.04725
0.619
0.872
1.345
0.87075
3.87125
1.7745
2.75975
1.30775
1.34675
3.56725
0.42475
1.32275
0.1715
2.94625
0.4385
1.425
0.843
3.0185
1.735
1.6205
2.14825
0.68375
0.30175
0.424
0.6305
1.35225
4.26225
4.577
0.49875
0.228
1.0845
0.6735
1.37325
0.53125
2.20175
1.75
0.885
0.9555
1.0635
0.94675
0.59225
0.40325
1.8115
1.6035
11.0995
0.54375
0.9655
0.57675
1.03075
1.03525
2.68975
0.447
0.47025
5.1485
1.07875
0.477
2.30925
0.415
1.632
0.52025
3.71425
0.88825
1.10125
1.1055
0.54375
1.06
2.2485
1.213
1.44
1.65875
0.2445
0.971
1.278
1.5185
2.83075
5.22125
0.79375
1.059
0.263
1.91525
0.872
1.17325
2.07225
0.9825
2.72875
1.4335
0.62825
0.7485
1.1675
1.19925
3.54075
1.37
2.1565
0.745
0.60775
0.23275
0.889
1.013
1.83975
7.114
1.31525
0.4775
1.3555
0.74975
0.82775
0.58175
1.2525
1.1175
1.465
1.20825
1.126
1.04725
0.8265
2.2315
1.828
1.607
2.225
1.706
0.8105
0.27625
1.47625
0.91275
1.84425
7.761
2.06275
0.54375
1.51075
0.44625
0.49125
0.5655
0.864
1.26625
1.49025
5.46125
3.3145
1.8535
0.93875
1.1725
2.34025
1.64375
1.60775
2.04975
0.2765
0.2675
0.95875
0.51125
3.33225
5.82675
1.68
1.256
0.54375
0.4425
1.879
0.5425
0.45075
1.923
1.15925
1.3395
0.9425
1.3965
0.9475
1.35975
2.2085
1.3425
1.666
1.434
0.26325
1.51525
0.229
0.634
7.77375
1.48225
0.48075
0.52875
1.854
0.48475
0.616
1.1195
1.238
2.875
0.93275
1.2645
0.57575
0.6465
0.40825
0.122
3.64475
2.36525
0.45925
0.68775
1.231
1.13125
0.52
0.594
3.01875
4.37
3.231
0.9175
1.4105
1.517
1.7635
0.89875
1.06775
0.7805
1.2635
1.21375
0.94125
0.401
0.29525
1.23725
2.0865
1.284
1.33525
2.35425
0.25325
0.4265
1.34275
2.0125
1.12
6.14175
1.83275
0.6365
0.63525
0.43125
2.03325
0.5055
0.777
2.28225
0.319
0.295
0.23975
0.50475
0.1695
1.1725
2.5375
1.60475
0.66675
1.089
0.24325
0.111
0.94775
0.9
0.64375
5.85775
1.70675
3.50875
2.0105
0.99975
0.511
0.563
0.4555
0.45275
1.134
0.4495
0.60975
3.30025
1.59475
0.4495
2.38175
1.3195
1.81375
1.90175
0.73025
0.714
1.30875
1.075
2.753
5.28625
1.30875
0.61675
0.622
1.02625
1.4105
3.4535
1.27775
1.9195
1.65525
0.59975
0.95175
1.0125
0.4475
1.7075
2.33375
2.1405
1.28725
1.17675
1.257
0.99675
3.229
0.27475
0.9025
1.01125
5.93675
0.4675
1.35425
2.202
3.50125
0.90425
0.81225
0.45125
0.65125
1.717
4.19
1.265
1.276
0.596

Diff:
2.36025
2.51025
3.1725
1.73875
0.97225
1.422
1.1255
1.145
3.005
1.16625
2.15275
2.549
1.67
2.9735
3.3445
2.48125
1.706
2.6415
2.78675
2.49125
1.287
1.952
1.6245
1.35875
1.462