Time-differences (millis):

0.709
0.001
0.0
0.358
0.069
0.287
0.086
0.46
0.054
0.306
0.099
0.348
0.095
0.334
0.069
1115.163
0.098
7.644
0.0
6407.094
0.001
0.018
0.007
12802.731

0.779
1.38
0.955
1.274
0.392
5.635
0.423
2.785
0.298
0.917
6.896
0.051
1.447
2.401
0.154
3.029
2.148
0.052
1.08
1.747
4.148
1.046
1.266
0.869

2.33375
2.1405
1.28725
1.17675
1.257
0.99675
3.229
0.27475
0.9025
1.01125
5.93675
0.4675
1.35425
2.202
3.50125
0.90425
0.81225
0.45125
0.65125
1.717
4.19
1.265
1.276
0.596

Test:	TI2_r_25
Requests:	25
Success:	15
Used:   	7

Local times (milisec):
min:	0.0
max:	12802.731
mean:	847.334625
median:	0.0985
stdev:	2866.3944904999717

Web server times (milisec):
min:	0.051
max:	6.896
mean:	1.7155
median:	1.173
stdev:	1.7357500571423194

App server times (milisec):
min:	0.27475
max:	5.93675
mean:	1.6639270833333333
median:	1.261
stdev:	1.353464249779156
diff:	1.462