Time-differences (millis):

0.72
0.001
1.279
0.196
0.695
0.084
0.578
0.135
0.543
0.058
0.486
0.124
0.39
0.128
0.396
1110.89
1.344
0.053
1.223
6399.845
0.038
5.299
10.003
12805.304

0.999
2.471
1.385
1.65
1.664
0.673
0.344
0.784
9.378
1.036
0.126
0.793
0.462
1.0
1.396
1.126
1.856
2.875
0.941
1.122
0.492
0.649

2.2085
1.3425
1.666
1.434
0.26325
1.51525
0.229
0.634
7.77375
1.48225
0.48075
0.52875
1.854
0.48475
0.616
1.1195
1.238
2.875
0.93275
1.2645
0.57575
0.6465
0.40825
0.122

Test:	TI2_r_20
Requests:	25
Success:	13
Used:   	4

Local times (milisec):
min:	0.001
max:	12805.304
mean:	847.4921666666667
median:	0.5145
stdev:	2866.0699281718234

Web server times (milisec):
min:	0.126
max:	9.378
mean:	1.5100909090909092
median:	1.018
stdev:	1.8790090577112817

App server times (milisec):
min:	0.122
max:	7.77375
mean:	1.320625
median:	1.026125
stdev:	1.5339123253103908
diff:	2.49125