1555512935292371.0
1555512935293068.0
1555512935293068.0
1555512935298583.0
1555512935298646.0
1555512935299230.0
1555512935299382.0
1555512935300040.0
1555512935300182.0
1555512935300889.0
1555512935301384.0
1555512935302697.0
1555512935302768.0
1555512935303943.0
1555512935304005.0
1555512935306507.0
1555512936406274.0
1555512936406274.0
1555512936406285.0
1555512936406330.0
1555512942819679.0
1555512942819763.0
1555512942819763.0
1555512942819763.0
1555512955640085.0

1555512955620568.0
1555512955622519.0
1555512955624175.0
1555512955626187.0
1555512955628102.0
1555512955629786.0
1555512955629829.0
1555512955630169.0
1555512955631000.0
1555512955634368.0
1555512955642144.0
1555512955644094.0
1555512955644773.0
1555512955646185.0
1555512955646225.0
1555512955646266.0
1555512955647737.0
1555512955648305.0
1555512955649884.0
1555512955651407.0
1555512955656248.0
1555512955657917.0
1555512955661674.0

1555512955621904.2
1555512955623732.2
1555512955625339.2
1555512955627564.2
1555512955629270.2
1555512955630080.8
1555512955630357.0
1555512955631833.2
1555512955632746.0
1555512955634590.2
1555512955642351.2
1555512955644414.0
1555512955644957.8
1555512955646468.5
1555512955646914.8
1555512955647406.0
1555512955647971.5
1555512955648835.5
1555512955650101.8
1555512955651592.0
1555512955657053.2
1555512955660367.8
1555512955662221.2
1555512955663160.0
1555512955664332.5

25
13
6
