Time-differences (millis):

7.463
0.001
0.59
0.081
0.422
0.031
0.366
0.093
0.324
0.079
0.286
0.164
0.239
0.238
0.108
1127.004
0.027
0.063
0.001
6398.708
0.063
0.026
0.026
12806.473

0.11
3.868
1.648
1.607
1.64
0.293
0.037
2.161
3.106
3.241
1.65
1.884
0.628
2.122
1.171
1.15
0.947
0.868
0.599
0.359
2.941
1.211
0.389

2.18825
1.24075
1.63825
1.63975
0.69325
0.2835
1.21
0.9815
3.14275
3.17
1.649
2.03125
1.007
1.62375
1.1715
1.11525
0.96225
1.00125
0.81575
0.40625
1.36925
1.186
1.81675
0.4355

Test:	TI2_r_10
Requests:	25
Success:	14
Used:   	8

Local times (milisec):
min:	0.001
max:	12806.473
mean:	847.6198333333333
median:	0.136
stdev:	2866.4201605639173

Web server times (milisec):
min:	0.037
max:	3.868
mean:	1.4621739130434783
median:	1.211
stdev:	1.0652619674467578

App server times (milisec):
min:	0.2835
max:	3.17
mean:	1.36578125
median:	1.198
stdev:	0.7368767459045584
diff:	1.16625