1555513270749724.0
1555513270750433.0
1555513270750434.0
1555513270750434.0
1555513270750792.0
1555513270750861.0
1555513270751148.0
1555513270751234.0
1555513270751694.0
1555513270751748.0
1555513270752054.0
1555513270752153.0
1555513270752501.0
1555513270752596.0
1555513270752930.0
1555513270752999.0
1555513271868162.0
1555513271868260.0
1555513271875904.0
1555513271875904.0
1555513278282998.0
1555513278282999.0
1555513278283017.0
1555513278283024.0
1555513291085755.0

1555513291079400.0
1555513291080179.0
1555513291081559.0
1555513291082514.0
1555513291083788.0
1555513291084180.0
1555513291089815.0
1555513291090238.0
1555513291093023.0
1555513291093321.0
1555513291094238.0
1555513291101134.0
1555513291101185.0
1555513291102632.0
1555513291105033.0
1555513291105187.0
1555513291108216.0
1555513291110364.0
1555513291110416.0
1555513291111496.0
1555513291113243.0
1555513291117391.0
1555513291118437.0
1555513291119703.0
1555513291120572.0

1555513291080815.8
1555513291083149.5
1555513291085290.0
1555513291086577.2
1555513291087754.0
1555513291089011.0
1555513291090007.8
1555513291093236.8
1555513291093511.5
1555513291094414.0
1555513291095425.2
1555513291101362.0
1555513291101829.5
1555513291103183.8
1555513291105385.8
1555513291108887.0
1555513291109791.2
1555513291110603.5
1555513291111054.8
1555513291111706.0
1555513291113423.0
1555513291117613.0
1555513291118878.0
1555513291120154.0
1555513291120750.0

25
15
7
