1555513028907867.0
1555513028908587.0
1555513028908588.0
1555513028909867.0
1555513028910063.0
1555513028910758.0
1555513028910842.0
1555513028911420.0
1555513028911555.0
1555513028912098.0
1555513028912156.0
1555513028912642.0
1555513028912766.0
1555513028913156.0
1555513028913284.0
1555513028913680.0
1555513030024570.0
1555513030025914.0
1555513030025967.0
1555513030027190.0
1555513036427035.0
1555513036427073.0
1555513036432372.0
1555513036442375.0
1555513049247679.0

1555513049243323.0
1555513049244322.0
1555513049246793.0
1555513049248178.0
1555513049249828.0
1555513049251492.0
1555513049252165.0
1555513049252509.0
1555513049253293.0
1555513049262671.0
1555513049263707.0
1555513049263833.0
1555513049264626.0
1555513049265088.0
1555513049266088.0
1555513049267484.0
1555513049268610.0
1555513049270466.0
1555513049273341.0
1555513049274282.0
1555513049275404.0
1555513049275896.0
1555513049276545.0

1555513049245762.8
1555513049247971.2
1555513049249313.8
1555513049250979.8
1555513049252413.8
1555513049252677.0
1555513049254192.2
1555513049254421.2
1555513049255055.2
1555513049262829.0
1555513049264311.2
1555513049264792.0
1555513049265320.8
1555513049267174.8
1555513049267659.5
1555513049268275.5
1555513049269395.0
1555513049270633.0
1555513049273508.0
1555513049274440.8
1555513049275705.2
1555513049276281.0
1555513049276927.5
1555513049277335.8
1555513049277457.8

25
13
4
