1555429428246588.0
1555429428253430.0
1555429428253511.0
1555429428253984.0
1555429428254087.0
1555429428254367.0
1555429428254562.0
1555429428254773.0
1555429428254988.0
1555429428255238.0
1555429428255463.0
1555429428255635.0
1555429428256044.0
1555429428256141.0
1555429428256501.0
1555429428256575.0
1555429429372254.0
1555429429372255.0
1555429429372255.0
1555429429372256.0
1555429435776116.0
1555429435776124.0
1555429435776146.0
1555429435776225.0
1555429448579039.0

1555429448574983.0
1555429448577178.0
1555429448578894.0
1555429448578923.0
1555429448582433.0
1555429448583192.0
1555429448583467.0
1555429448584403.0
1555429448585207.0
1555429448591299.0
1555429448595657.0
1555429448596676.0
1555429448597376.0
1555429448597413.0
1555429448598503.0
1555429448598548.0
1555429448601141.0
1555429448603089.0
1555429448605142.0
1555429448605180.0
1555429448607039.0
1555429448608414.0
1555429448608456.0
1555429448610007.0
1555429448611330.0

1555429448576364.8
1555429448578354.0
1555429448580069.5
1555429448581881.5
1555429448583394.0
1555429448584300.2
1555429448585819.0
1555429448587421.0
1555429448591520.5
1555429448591808.8
1555429448596346.2
1555429448596873.0
1555429448597597.2
1555429448598015.2
1555429448598696.0
1555429448599116.8
1555429448602378.5
1555429448603613.0
1555429448605380.2
1555429448606195.2
1555429448607251.5
1555429448608630.0
1555429448609553.0
1555429448610466.8
1555429448611528.5

25
14
8
