Time-differences (millis):

0.001
0.717
0.026
0.218
0.246
0.24
0.267
0.205
0.244
0.281
0.191
0.534
0.001
0.418
0.086
1104.556
0.09
0.001
0.018
6405.361
0.0
0.029
0.014
12809.076

0.391
2.644
1.26
3.59
0.407
0.284
1.632
2.099
1.234
6.393
0.375
0.046
1.883
2.097
0.592
0.797
2.711
1.058
0.038
4.149
0.553
1.961

2.2485
1.213
1.44
1.65875
0.2445
0.971
1.278
1.5185
2.83075
5.22125
0.79375
1.059
0.263
1.91525
0.872
1.17325
2.07225
0.9825
2.72875
1.4335
0.62825
0.7485
1.1675
1.19925

Test:	TI2_r_16
Requests:	25
Success:	12
Used:   	5

Local times (milisec):
min:	0.0
max:	12809.076
mean:	846.7841666666666
median:	0.2115
stdev:	2867.449106622798

Web server times (milisec):
min:	0.038
max:	6.393
mean:	1.645181818181818
median:	1.2469999999999999
stdev:	1.5536395560521332

App server times (milisec):
min:	0.2445
max:	5.22125
mean:	1.485875
median:	1.2061250000000001
stdev:	1.0367850076915237
diff:	2.48125