Time-differences (millis):

0.073
0.441
3.97
0.167
0.729
0.119
0.45
0.051
3.453
0.079
0.831
0.164
0.418
0.161
8.548
1102.923
16.736
0.001
0.0
6391.869
0.062
0.001
0.033
12803.765

2.795
1.703
1.623
1.606
1.317
0.024
0.538
2.295
3.242
2.294
3.679
0.135
1.134
2.179
1.164
1.717
0.046
5.053
0.124
0.759
0.588
2.617
0.686
6.846

2.43725
1.6685
1.608
2.02975
0.263
0.23875
1.232
1.12575
3.22525
2.79625
3.891
0.5225
0.40675
1.87925
1.08025
1.71775
5.19425
0.75825
0.587
0.47225
0.32325
2.48925
3.177
3.71075

Test:	TI2_r_7
Requests:	25
Success:	12
Used:   	6

Local times (milisec):
min:	0.0
max:	12803.765
mean:	847.2935
median:	0.2925
stdev:	2864.926274054732

Web server times (milisec):
min:	0.024
max:	6.846
mean:	1.8401666666666667
median:	1.6145
stdev:	1.6454203550848447

App server times (milisec):
min:	0.23875
max:	5.19425
mean:	1.78475
median:	1.6382500000000002
stdev:	1.3453355973753232
diff:	1.1255