1555429110352103.0
1555429110362574.0
1555429110362648.0
1555429110362983.0
1555429110363114.0
1555429110374332.0
1555429110375110.0
1555429110375464.0
1555429110376026.0
1555429110376329.0
1555429110376605.0
1555429110376722.0
1555429110377124.0
1555429110377353.0
1555429110377664.0
1555429110378347.0
1555429111472816.0
1555429111472912.0
1555429111472973.0
1555429111472983.0
1555429117873730.0
1555429117873731.0
1555429117882831.0
1555429117882906.0
1555429130680914.0

1555429130674166.0
1555429130676471.0
1555429130676498.0
1555429130679834.0
1555429130681550.0
1555429130683286.0
1555429130683548.0
1555429130683594.0
1555429130684163.0
1555429130687751.0
1555429130692936.0
1555429130693766.0
1555429130694767.0
1555429130695679.0
1555429130696511.0
1555429130696840.0
1555429130700195.0
1555429130702729.0
1555429130703797.0
1555429130708471.0
1555429130709053.0
1555429130712194.0
1555429130713621.0

1555429130675689.8
1555429130677667.2
1555429130679316.0
1555429130681032.5
1555429130682780.5
1555429130683484.0
1555429130683756.0
1555429130684338.5
1555429130690644.2
1555429130693186.8
1555429130694420.5
1555429130694925.0
1555429130695855.0
1555429130697311.5
1555429130698189.2
1555429130699480.8
1555429130700930.2
1555429130703003.5
1555429130704040.2
1555429130708618.2
1555429130712012.8
1555429130712448.5
1555429130713206.5
1555429130714337.5
1555429130715402.2

25
15
8
