Time-differences (millis):

0.725
0.211
0.283
0.415
3.291
0.07
0.421
6.869
0.071
0.322
0.085
0.385
0.015
0.549
0.012
0.456
0.06
0.334
0.08
1115.235
0.001
0.018
0.007
6403.146

1.67
0.03
2.592
2.424
1.606
0.256
0.037
0.598
0.222
8.69
1.718
3.504
1.982
0.725
0.228
0.548
0.042
0.551
1.385
0.444
0.687
3.902
1.523
0.07

2.5375
1.60475
0.66675
1.089
0.24325
0.111
0.94775
0.9
0.64375
5.85775
1.70675
3.50875
2.0105
0.99975
0.511
0.563
0.4555
0.45275
1.134
0.4495
0.60975
3.30025
1.59475
0.4495

Test:	TI2_r_23
Requests:	25
Success:	16
Used:   	8

Local times (milisec):
min:	0.001
max:	6403.146
mean:	313.8775416666667
median:	0.3025
stdev:	1316.7751953804143

Web server times (milisec):
min:	0.03
max:	8.69
mean:	1.4764166666666667
median:	0.706
stdev:	1.8895171436723943

App server times (milisec):
min:	0.111
max:	5.85775
mean:	1.3478020833333333
median:	0.923875
stdev:	1.323820223286541
diff:	1.6245