1555429533147187.0
1555429533154650.0
1555429533154651.0
1555429533155241.0
1555429533155322.0
1555429533155744.0
1555429533155775.0
1555429533156141.0
1555429533156234.0
1555429533156558.0
1555429533156637.0
1555429533156923.0
1555429533157087.0
1555429533157326.0
1555429533157564.0
1555429533157672.0
1555429534284676.0
1555429534284703.0
1555429534284766.0
1555429534284767.0
1555429540683475.0
1555429540683538.0
1555429540683564.0
1555429540683590.0
1555429553490063.0

1555429553484203.0
1555429553484313.0
1555429553488181.0
1555429553489829.0
1555429553491436.0
1555429553493076.0
1555429553493369.0
1555429553493406.0
1555429553495567.0
1555429553498673.0
1555429553501914.0
1555429553503564.0
1555429553505448.0
1555429553506076.0
1555429553508198.0
1555429553509369.0
1555429553510519.0
1555429553511466.0
1555429553512334.0
1555429553512933.0
1555429553513292.0
1555429553516233.0
1555429553517444.0
1555429553517833.0

1555429553485890.8
1555429553488079.0
1555429553489319.8
1555429553490958.0
1555429553492597.8
1555429553493291.0
1555429553493574.5
1555429553494784.5
1555429553495766.0
1555429553498908.8
1555429553502078.8
1555429553503727.8
1555429553505759.0
1555429553506766.0
1555429553508389.8
1555429553509561.2
1555429553510676.5
1555429553511638.8
1555429553512640.0
1555429553513455.8
1555429553513862.0
1555429553515231.2
1555429553516417.2
1555429553518234.0
1555429553518669.5

25
14
8
