1555486585186015.0
1555486585186080.0
1555486585187587.0
1555486585188064.0
1555486585188114.0
1555486585188466.0
1555486585188545.0
1555486585188884.0
1555486585188979.0
1555486585189330.0
1555486585189352.0
1555486585189778.0
1555486585189865.0
1555486585190283.0
1555486585190330.0
1555486585190632.0
1555486586300343.0
1555486586300370.0
1555486586308494.0
1555486586308527.0
1555486592708692.0
1555486592708727.0
1555486592708745.0
1555486592708762.0
1555486596373021.0
1555486605517173.0

1555486605512453.0
1555486605514504.0
1555486605514537.0
1555486605525819.0
1555486605527564.0
1555486605528162.0
1555486605528702.0
1555486605529210.0
1555486605532264.0
1555486605534976.0
1555486605535386.0
1555486605535952.0
1555486605541081.0
1555486605542084.0
1555486605542663.0
1555486605544929.0
1555486605544965.0
1555486605546938.0
1555486605546995.0
1555486605547999.0
1555486605550793.0
1555486605551979.0

1555486605513838.8
1555486605515650.2
1555486605517253.8
1555486605528353.2
1555486605528897.0
1555486605529862.5
1555486605530439.2
1555486605531470.0
1555486605532505.2
1555486605535195.0
1555486605535642.0
1555486605536112.2
1555486605541260.8
1555486605542339.5
1555486605542816.5
1555486605545125.8
1555486605545540.8
1555486605547172.8
1555486605547693.0
1555486605551407.2
1555486605552295.5
1555486605553396.8
1555486605554502.2
1555486605555046.0
1555486605556106.0

25
15
8
