1555513065949242.0
1555513069713355.0
1555513069714065.0
1555513069719856.0
1555513069719906.0
1555513069720401.0
1555513069720402.0
1555513069720913.0
1555513069720962.0
1555513069721300.0
1555513069721389.0
1555513069721724.0
1555513069721836.0
1555513069722211.0
1555513069722323.0
1555513069722636.0
1555513069731594.0
1555513070838275.0
1555513070839293.0
1555513070839294.0
1555513070839295.0
1555513077250684.0
1555513077250708.0
1555513077250748.0
1555513077250768.0
1555513090055514.0

1555513090051063.0
1555513090052299.0
1555513090054885.0
1555513090056153.0
1555513090057846.0
1555513090059416.0
1555513090059732.0
1555513090061985.0
1555513090063453.0
1555513090067020.0
1555513090071461.0
1555513090074699.0
1555513090075620.0
1555513090076704.0
1555513090078491.0
1555513090080209.0
1555513090081221.0
1555513090082228.0
1555513090082264.0
1555513090084347.0
1555513090085520.0
1555513090086438.0
1555513090086823.0
1555513090087213.0
1555513090088438.0

1555513090053636.2
1555513090057281.0
1555513090059646.2
1555513090060105.5
1555513090060793.2
1555513090062024.2
1555513090063155.5
1555513090063675.5
1555513090064269.5
1555513090067288.2
1555513090071658.2
1555513090074889.2
1555513090075806.8
1555513090077217.2
1555513090078734.2
1555513090080497.8
1555513090081396.5
1555513090082464.2
1555513090083244.8
1555513090084508.2
1555513090085722.0
1555513090086663.2
1555513090087064.2
1555513090087359.5
1555513090088596.8

25
13
6
