1555513176875847.0
1555513176876572.0
1555513176876783.0
1555513176877066.0
1555513176877481.0
1555513176880772.0
1555513176880842.0
1555513176881263.0
1555513176888132.0
1555513176888203.0
1555513176888525.0
1555513176888610.0
1555513176888995.0
1555513176889010.0
1555513176889559.0
1555513176889571.0
1555513176890027.0
1555513176890087.0
1555513176890421.0
1555513176890501.0
1555513178005736.0
1555513178005737.0
1555513178005755.0
1555513178005762.0
1555513184408908.0

1555513184402730.0
1555513184404400.0
1555513184404430.0
1555513184407022.0
1555513184409446.0
1555513184411052.0
1555513184411308.0
1555513184411345.0
1555513184411943.0
1555513184412165.0
1555513184420855.0
1555513184422573.0
1555513184426077.0
1555513184428059.0
1555513184428784.0
1555513184429012.0
1555513184429560.0
1555513184429602.0
1555513184430153.0
1555513184431538.0
1555513184431982.0
1555513184432669.0
1555513184436571.0
1555513184438094.0
1555513184438164.0

1555513184406425.8
1555513184408963.2
1555513184410568.0
1555513184411234.8
1555513184412323.8
1555513184412567.0
1555513184412678.0
1555513184413625.8
1555513184414525.8
1555513184415169.5
1555513184421027.2
1555513184422734.0
1555513184426242.8
1555513184428253.2
1555513184429253.0
1555513184429764.0
1555513184430327.0
1555513184430782.5
1555513184431235.2
1555513184432369.2
1555513184432818.8
1555513184433428.5
1555513184436728.8
1555513184438323.5
1555513184438773.0

25
16
8
