1555512831904664.0
1555512831905348.0
1555512831905537.0
1555512831905587.0
1555512831906611.0
1555512831906917.0
1555512831907674.0
1555512831907765.0
1555512831908258.0
1555512831908397.0
1555512831908988.0
1555512831909148.0
1555512831910211.0
1555512831910532.0
1555512831911651.0
1555512831911705.0
1555512833026120.0
1555512833026828.0
1555512833026885.0
1555512833026923.0
1555512839429509.0
1555512839430679.0
1555512839431787.0
1555512839431787.0
1555512852236645.0

1555512852232255.0
1555512852234738.0
1555512852235120.0
1555512852235415.0
1555512852239677.0
1555512852241294.0
1555512852241954.0
1555512852242205.0
1555512852244052.0
1555512852245947.0
1555512852252745.0
1555512852254274.0
1555512852254851.0
1555512852255827.0
1555512852256192.0
1555512852256237.0
1555512852258379.0
1555512852259537.0
1555512852260082.0
1555512852261901.0
1555512852263092.0
1555512852264263.0
1555512852265350.0
1555512852266430.0

1555512852233720.0
1555512852237260.8
1555512852238630.8
1555512852240787.2
1555512852241532.2
1555512852242140.0
1555512852242372.8
1555512852243261.8
1555512852244274.8
1555512852246114.5
1555512852253228.5
1555512852254543.8
1555512852255021.2
1555512852256376.8
1555512852257126.5
1555512852257954.2
1555512852258536.0
1555512852259788.5
1555512852260906.0
1555512852262371.0
1555512852263579.2
1555512852264705.2
1555512852265752.5
1555512852266579.0
1555512852268810.5

25
16
4
