1555513220594142.0
1555513220594826.0
1555513220599511.0
1555513220599580.0
1555513220599943.0
1555513220600064.0
1555513220600427.0
1555513220600513.0
1555513220600856.0
1555513220601229.0
1555513220609763.0
1555513220609840.0
1555513220610393.0
1555513220610512.0
1555513220611027.0
1555513220611072.0
1555513221718080.0
1555513221720303.0
1555513221720304.0
1555513221720321.0
1555513228124188.0
1555513228124198.0
1555513228124209.0
1555513228124227.0
1555513240928692.0

1555513240936096.0
1555513240938811.0
1555513240940178.0
1555513240941843.0
1555513240943629.0
1555513240944753.0
1555513240944796.0
1555513240946251.0
1555513240948642.0
1555513240951408.0
1555513240956621.0
1555513240957694.0
1555513240958544.0
1555513240959174.0
1555513240960281.0
1555513240961692.0
1555513240964699.0
1555513240966405.0
1555513240968359.0
1555513240969947.0
1555513240970520.0
1555513240971183.0
1555513240971247.0
1555513240974418.0

1555513240937611.2
1555513240939993.0
1555513240941312.5
1555513240943126.2
1555513240945028.0
1555513240945758.2
1555513240946472.2
1555513240947781.0
1555513240948856.0
1555513240951609.0
1555513240956895.2
1555513240958204.0
1555513240958820.8
1555513240959442.8
1555513240960469.0
1555513240961879.5
1555513240965333.0
1555513240966610.8
1555513240968530.2
1555513240970185.5
1555513240970785.2
1555513240971737.0
1555513240972749.5
1555513240973197.0
1555513240974904.5

25
14
7
