Time-differences (millis):

0.068
0.55
0.043
0.549
0.056
0.412
0.058
0.603
0.001
0.528
0.085
1.626
0.058
0.766
0.052
1074.174
0.001
0.127
0.001
6403.624
8.221
0.065
0.018
12801.984

1.071
0.528
17.114
1.075
0.283
1.518
0.479
0.582
4.861
1.726
0.566
5.261
1.185
0.952
0.493
4.477
1.01
2.693
0.981
0.802
1.531
0.037
2.655

1.5945
1.12625
15.84775
0.81575
0.91075
0.78725
1.63175
0.63925
1.4365
1.69575
0.55425
5.31525
1.15
0.989
0.42925
4.47625
0.9995
3.07525
0.953
0.74225
1.27925
0.423
1.7665
1.0125

Test:	TI2_r_11
Requests:	25
Success:	14
Used:   	6

Local times (milisec):
min:	0.001
max:	12801.984
mean:	845.5695833333333
median:	0.10600000000000001
stdev:	2865.7756112602383

Web server times (milisec):
min:	0.037
max:	17.114
mean:	2.2556521739130435
median:	1.071
stdev:	3.5539736993027917

App server times (milisec):
min:	0.423
max:	15.84775
mean:	2.06878125
median:	1.069375
stdev:	3.1713917877272095
diff:	2.15275