1555429042185185.0
1555429042185446.0
1555429042186558.0
1555429042187413.0
1555429042191395.0
1555429042192549.0
1555429042193478.0
1555429042193537.0
1555429042194457.0
1555429042194523.0
1555429042195457.0
1555429042195459.0
1555429042196538.0
1555429042196814.0
1555429042197622.0
1555429042197675.0
1555429043284276.0
1555429043284428.0
1555429043286479.0
1555429043293970.0
1555429049704527.0
1555429049704545.0
1555429049704574.0
1555429049704607.0
1555429062511168.0

1555429062499832.0
1555429062500183.0
1555429062505211.0
1555429062505515.0
1555429062508177.0
1555429062509796.0
1555429062510295.0
1555429062515718.0
1555429062516185.0
1555429062517765.0
1555429062524998.0
1555429062528218.0
1555429062528261.0
1555429062529291.0
1555429062529864.0
1555429062531032.0
1555429062533217.0
1555429062534159.0
1555429062535270.0
1555429062535829.0
1555429062540073.0
1555429062540111.0
1555429062545832.0

1555429062501435.0
1555429062502942.5
1555429062506857.2
1555429062509284.8
1555429062510026.0
1555429062510504.8
1555429062511083.5
1555429062515920.8
1555429062516420.5
1555429062517993.5
1555429062525375.0
1555429062528416.0
1555429062528860.8
1555429062529462.8
1555429062530046.2
1555429062531184.8
1555429062533765.5
1555429062534310.2
1555429062535419.5
1555429062535973.8
1555429062540358.8
1555429062540814.0
1555429062544899.8
1555429062545505.0
1555429062546363.0

25
12
4
