Time-differences (millis):

0.697
0.0
5.515
0.063
0.584
0.152
0.658
0.142
0.707
0.495
1.313
0.071
1.175
0.062
2.502
1099.767
0.0
0.011
0.045
6413.349
0.084
0.0
0.0
12820.322

1.951
1.656
2.012
1.915
1.684
0.043
0.34
0.831
3.368
7.776
1.95
0.679
1.412
0.04
0.041
1.471
0.568
1.579
1.523
4.841
1.669
3.757

1.828
1.607
2.225
1.706
0.8105
0.27625
1.47625
0.91275
1.84425
7.761
2.06275
0.54375
1.51075
0.44625
0.49125
0.5655
0.864
1.26625
1.49025
5.46125
3.3145
1.8535
0.93875
1.1725

Test:	TI2_r_18
Requests:	25
Success:	13
Used:   	6

Local times (milisec):
min:	0.0
max:	12820.322
mean:	847.8214166666667
median:	0.3235
stdev:	2870.0098710193515

Web server times (milisec):
min:	0.04
max:	7.776
mean:	1.8684545454545454
median:	1.6175
stdev:	1.7836368872207553

App server times (milisec):
min:	0.27625
max:	7.761
mean:	1.76784375
median:	1.48325
stdev:	1.6788349023700218
diff:	2.6415