1555512789564363.0
1555512789564364.0
1555512789565081.0
1555512789565107.0
1555512789565325.0
1555512789565571.0
1555512789565811.0
1555512789566078.0
1555512789566283.0
1555512789566527.0
1555512789566808.0
1555512789566999.0
1555512789567533.0
1555512789567534.0
1555512789567952.0
1555512789568038.0
1555512790672594.0
1555512790672684.0
1555512790672685.0
1555512790672703.0
1555512797078064.0
1555512797078064.0
1555512797078093.0
1555512797078107.0
1555512809887183.0

1555512809875884.0
1555512809876275.0
1555512809878919.0
1555512809880179.0
1555512809883769.0
1555512809884176.0
1555512809884460.0
1555512809886092.0
1555512809888191.0
1555512809889425.0
1555512809895818.0
1555512809896193.0
1555512809896239.0
1555512809898122.0
1555512809900219.0
1555512809900811.0
1555512809901608.0
1555512809904319.0
1555512809905377.0
1555512809905415.0
1555512809909564.0
1555512809910117.0
1555512809912078.0

1555512809877822.8
1555512809880071.2
1555512809881284.2
1555512809882724.2
1555512809884383.0
1555512809884627.5
1555512809885598.5
1555512809886876.5
1555512809888395.0
1555512809891225.8
1555512809896447.0
1555512809897240.8
1555512809898299.8
1555512809898562.8
1555512809900478.0
1555512809901350.0
1555512809902523.2
1555512809904595.5
1555512809905578.0
1555512809908306.8
1555512809909740.2
1555512809910368.5
1555512809911117.0
1555512809912284.5
1555512809913483.8

25
12
5
