1555427893171107.0
1555427893175220.0
1555427893178095.0
1555427893178868.0
1555427893179043.0
1555427893179895.0
1555427893180096.0
1555427893180430.0
1555427893180690.0
1555427893180884.0
1555427893181058.0
1555427893181370.0
1555427893181519.0
1555427893181881.0
1555427893181990.0
1555427893182494.0
1555427893182536.0
1555427893182871.0
1555427893182904.0
1555427893183325.0
1555427893183485.0
1555427893183778.0
1555427893183815.0
1555427893184124.0
1555427894179150.0

1555427894175700.0
1555427894184371.0
1555427894184400.0
1555427894184430.0
1555427894188215.0
1555427894192164.0
1555427894192425.0
1555427894192463.0
1555427894192513.0
1555427894197237.0
1555427894198380.0
1555427894203066.0
1555427894203621.0
1555427894206076.0
1555427894208240.0
1555427894209645.0
1555427894210228.0
1555427894210786.0
1555427894211641.0
1555427894212224.0
1555427894212764.0
1555427894214797.0
1555427894216563.0
1555427894217491.0

1555427894177082.5
1555427894189385.2
1555427894190955.0
1555427894192351.8
1555427894192709.5
1555427894193638.5
1555427894194264.5
1555427894194902.0
1555427894195549.8
1555427894197433.5
1555427894198533.8
1555427894203316.5
1555427894204051.2
1555427894206230.5
1555427894208926.5
1555427894209890.2
1555427894210468.0
1555427894211235.8
1555427894212451.8
1555427894213177.2
1555427894213540.2
1555427894215231.5
1555427894216715.8
1555427894218214.8
1555427894218997.8

25
18
10
