Time-differences (millis):

10.471
0.074
0.335
0.131
11.218
0.778
0.354
0.562
0.303
0.276
0.117
0.402
0.229
0.311
0.683
1094.469
0.096
0.061
0.01
6400.747
0.001
9.1
0.075
12798.008

2.305
0.027
3.336
1.716
1.736
0.262
0.046
0.569
3.588
5.185
0.83
1.001
0.912
0.832
0.329
3.355
2.534
1.068
4.674
0.582
3.141
1.427

1.9775
1.64875
1.7165
1.748
0.7035
0.272
0.5825
6.30575
2.5425
1.23375
0.5045
0.93
1.4565
0.87775
1.2915
1.4495
2.07325
1.03675
4.578
3.3945
0.43575
0.758
1.131
1.06475

Test:	TI2_r_3
Requests:	25
Success:	15
Used:   	8

Local times (milisec):
min:	0.001
max:	12798.008
mean:	847.0337916666667
median:	0.323
stdev:	2864.6083571064296

Web server times (milisec):
min:	0.027
max:	5.185
mean:	1.793409090909091
median:	1.2475
stdev:	1.5122147321408743

App server times (milisec):
min:	0.272
max:	6.30575
mean:	1.6546875
median:	1.2626249999999999
stdev:	1.3892071347769623
diff:	3.1725