1555512986468945.0
1555512986469683.0
1555512986471648.0
1555512986471717.0
1555512986473141.0
1555512986473142.0
1555512986475037.0
1555512986475788.0
1555512986475850.0
1555512986478051.0
1555512986478173.0
1555512986480650.0
1555512986480710.0
1555512986481143.0
1555512986481189.0
1555512986481493.0
1555512987587072.0
1555512987587114.0
1555512987587155.0
1555512987587207.0
1555512993992813.0
1555512993993460.0
1555512993993460.0
1555512994000808.0
1555513006805430.0

1555513006808766.0
1555513006811445.0
1555513006813158.0
1555513006814773.0
1555513006816722.0
1555513006817757.0
1555513006818021.0
1555513006818298.0
1555513006818332.0
1555513006822997.0
1555513006827064.0
1555513006830626.0
1555513006831578.0
1555513006832373.0
1555513006832423.0
1555513006834765.0
1555513006835230.0
1555513006835766.0
1555513006837093.0
1555513006838526.0
1555513006840013.0
1555513006840189.0

1555513006810304.2
1555513006812644.5
1555513006814288.2
1555513006815896.0
1555513006817945.8
1555513006818222.2
1555513006818489.8
1555513006819448.5
1555513006819959.8
1555513006823292.0
1555513006829118.8
1555513006830798.8
1555513006832054.8
1555513006832598.5
1555513006833041.0
1555513006834920.0
1555513006835462.5
1555513006835913.2
1555513006837836.2
1555513006838995.5
1555513006840335.0
1555513006841277.5
1555513006842674.0
1555513006843621.5
1555513006844981.2

25
14
5
