\Success codes:
23
18
21
14
22
23
22
25
23
20
24
24
22
22
25

Vouchers used:
24
14
21
14
20
23
22
24
23
20
22
24
20
21
23

Ratio:
0.9583333333333334
1.2857142857142858
1.0
1.0
1.1
1.0
1.0
1.0416666666666667
1.0
1.0
1.0909090909090908
1.0
1.1
1.0476190476190477
1.0869565217391304

Local:
0.001
0.001
0.001
0.39
5.105
0.002
0.001
0.145
0.005
0.031
0.896
0.001
0.001
0.074
0.137
0.011
0.101
0.042
0.716
0.001
0.015
1.734
0.001
0.105
5006.787
2.281
0.731
0.016
2.861
0.001
0.052
0.015
0.101
0.015
0.916
0.003
0.005
0.134
0.061
0.058
0.059
0.08
0.016
3.158
1.089
0.145
0.018
0.069
0.004
5006.295
0.028
0.001
0.154
0.037
0.521
0.023
2.158
0.001
0.001
0.028
0.085
0.025
0.084
0.006
0.111
0.001
0.014
3.591
0.0
0.044
0.062
0.022
0.02
0.089
0.002
0.001
0.001
0.014
0.046
3.176
0.001
0.093
0.002
0.033
0.027
0.059
0.014
0.001
0.085
0.016
0.082
0.691
1.342
0.001
0.0
0.081
0.071
3.71
0.001
5005.719
0.755
0.032
0.068
0.059
0.744
0.01
2.132
0.621
0.581
0.046
0.01
0.075
0.031
0.001
0.07
0.028
0.309
1.06
0.004
0.016
0.333
3.794
0.162
0.001
0.018
0.34
2.346
0.001
0.139
0.048
0.148
0.093
0.078
0.107
0.076
0.163
0.066
0.333
0.133
0.098
10.388
1.273
5.102
0.284
0.245
0.113
0.247
0.116
0.08
5010.758
0.001
0.585
0.0
0.054
0.309
1.72
0.0
0.001
0.065
0.032
4.436
0.001
0.001
0.076
0.009
0.023
0.113
1.471
1.318
0.49
0.01
0.091
0.087
0.091
0.085
0.033
0.133
0.133
0.236
0.4
0.119
0.523
0.132
0.47
0.105
0.118
0.125
0.419
2.745
1.009
0.143
0.136
0.848
0.131
0.144
0.142
1.393
3.158
0.236
2.972
0.001
0.14
0.02
0.093
0.076
0.102
1.14
0.003
0.007
0.092
0.035
0.041
0.039
0.041
0.029
0.055
0.012
0.145
0.107
0.106
0.011
0.032
3.334
0.001
0.33
0.001
0.003
0.101
0.155
0.017
0.069
0.026
0.072
0.018
0.076
3.181
0.002
0.0
0.002
0.083
0.025
0.034
0.183
0.139
0.086
0.001
3.633
0.002
0.246
0.888
0.001
0.478
0.214
0.111
0.327
0.68
0.001
0.194
0.669
0.972
0.23
0.263
0.211
0.11
0.317
0.063
0.179
0.176
0.081
0.898
0.305
0.513
0.001
0.287
0.06
1.207
0.015
0.024
0.344
0.14
0.407
1.205
0.001
3.068
0.001
0.854
0.017
0.001
0.149
0.006
1.888
0.137
0.086
0.144
0.298
0.052
0.021
0.143
0.046
0.095
0.119
0.356
0.211
0.0
0.016
0.175
0.061
0.031
0.147
0.035
0.582
0.0
0.035
0.129
0.037
0.003
0.111
0.055
3.222
5015.16
0.001
0.001
0.844
0.001
0.0
0.811
3.054
0.049
0.311
0.015
0.002
2.151
0.001
0.001
0.424
0.186
0.043
0.029
0.081
0.041
0.021
0.075
0.036
0.017
0.001
0.001
0.001
0.586
0.035
1.963
0.001
0.001
0.125
0.013
0.777
0.001
0.099
0.137
0.007
0.112
2.41
0.001
0.241
2.83
0.235
0.302
0.006
0.171

Web:
59.69
69.106
51.599
54.204
38.006
9.073
34.272
16.479
67.896
14.627
13.43
56.206
35.764
25.396
2.652
66.222
10.951
1.815
10.305
13.752
10.754
107.444
38.749
4890.2
7.421
94.993
48.349
20.111
2.417
45.385
73.916
22.74
10.319
36.033
64.458
28.324
13.467
8.297
53.584
12.963
21.716
48.708
28.103
7.233
69.626
10.692
4775.31
160.465
83.831
47.097
38.625
99.94
12.525
8.894
68.113
35.883
3.841
46.429
50.854
4.837
0.963
13.172
8.657
7.341
5.658
11.948
2.948
10.988
72.792
73.458
7.703
9.877
60.459
33.241
4.163
60.698
28.725
0.084
5.767
15.488
9.093
63.202
30.702
8.23
61.24
80.884
0.39
48.332
0.007
25.058
7.785
14.492
10.28
23.712
4709.039
59.394
28.582
37.523
124.67
18.471
11.439
53.17
41.837
57.267
4.959
167.313
0.108
61.529
38.482
0.173
0.064
0.949
61.069
43.663
1.076
0.038
15.38
7.217
12.843
57.174
78.746
28.931
33.697
46.82
99.641
32.671
13.633
49.143
0.815
28.988
106.368
32.816
5.033
20.839
0.032
25.926
0.124
23.545
17.382
14.932
2.356
54.081
4268.231
708.589
4.572
189.295
60.058
0.198
22.918
127.542
0.13
1.661
24.641
47.189
78.091
7.272
71.074
81.841
0.897
6.054
39.164
36.933
35.961
2.253
38.026
6.15
13.384
18.444
22.739
83.199
97.943
75.124
129.675
22.666
29.741
49.752
9.932
16.882
13.442
9.835
10.412
61.788
21.847
7.813
2.64
51.225
6.998
24.759
13.91
21.485
4.566
8.471
38.503
70.717
0.054
159.944
71.715
64.798
8.659
64.497
11.427
7.582
16.304
22.003
8.285
29.219
60.123
2.361
4.327
19.196
6.454
0.12
28.08
0.043
9.051
20.259
108.7
48.769
5.951
32.549
35.3
12.475
45.409
78.371
19.331
15.441
53.506
70.713
15.463
6.24
4.248
4.754
1.206
9.326
58.454
31.561
28.466
0.086
9.318
10.453
11.497
97.673
14.886
84.442
3.694
6.864
17.387
32.697
35.586
53.27
66.663
0.088
44.471
31.001
4.603
0.948
36.356
5.153
16.042
15.711
24.778
0.077
42.416
39.934
216.241
74.428
41.991
17.328
3.737
8.385
1.484
50.974
18.982
8.184
17.467
32.14
25.0
93.908
8.527
45.926
41.788
26.395
9.4
8.441
42.86
9.908
8.534
35.078
134.494
17.664
10.511
95.379
0.072
48.4
80.947
8.285
35.618
68.307
8.707
53.174
2.198
69.673
31.586
66.126
23.641
36.715
0.022
28.73
27.883
25.326
46.943
4698.365
9.187
7.386
31.784
44.491
25.368
72.054
38.087
111.085
58.803
52.342
46.562
80.856
22.72
0.058
0.851
5.487
12.255
40.329
37.863
0.067
26.407
30.427
0.091
13.459
111.104
61.729
46.892
59.297
14.691
48.384
3.9
89.578
6.803
32.154
28.595
0.056
18.015
3.708
28.068
20.822
8.999
96.707
19.1
0.813
6.725
55.336
26.836
25.007

App:
60.27075
66.73525
52.87425
54.381
36.7845
9.00475
36.01175
14.777
67.7335
14.70675
13.3815
56.289
35.59125
25.49225
2.68025
66.121
11.0875
2.12475
9.81675
14.0005
10.6265
51.52925
55.77375
38.774
4890.20125
8.5045
92.30575
50.1795
20.38425
1.854
38.30625
5.5065
0.128
75.8005
22.4605
8.602
36.065
64.48175
28.18975
13.569
8.38425
53.4735
12.88575
21.709
48.71875
28.1365
7.31025
69.5195
10.6705
4775.67925
160.25175
83.37925
47.68875
36.584
101.71325
10.825
8.8335
68.084
37.581
2.22525
46.515
50.75025
4.888
1.35425
12.5605
8.777
7.232
5.82825
11.87125
3.054
11.1175
73.797
72.106
7.8735
10.11075
60.46375
33.21775
4.3615
60.4505
27.0055
0.0225
6.06525
15.22675
9.126
63.18025
30.6695
8.17475
61.44175
52.4325
26.9575
1.7055
0.48775
47.97175
0.61625
24.385
8.2085
15.39275
8.92725
23.89425
4709.13925
59.111
29.86825
36.658
124.0145
17.2485
11.43675
54.9725
39.663
57.47375
5.79225
166.32975
0.0005
61.60725
38.8275
0.7835
0.05525
3.88575
57.62225
43.972
0.87975
0.02975
14.91775
7.2155
12.96325
57.4515
78.64975
28.93025
33.88375
44.95575
99.5475
34.373
11.9185
49.217
0.8275
23.4385
5.43225
0.001
106.41725
32.9485
5.753
19.965
0.562
25.4875
0.28075
23.2715
17.48675
14.81675
2.48025
53.964
4268.666
708.12075
5.0165
188.7495
58.8785
2.89725
21.74725
125.864
0.702
0.84725
24.69675
47.11625
78.188
7.468
70.8785
81.9135
0.9845
6.13225
39.5235
36.90725
35.93475
2.229
37.44975
6.22325
13.2975
19.2145
22.042
83.47
96.26475
76.8275
127.90725
22.828
31.3275
48.10775
9.92125
16.89
13.33275
9.87025
10.554
61.81775
22.01475
8.5515
1.6915
51.10325
6.96675
26.06125
12.68825
21.5215
4.617
9.2315
38.315
69.192
2.2255
159.31425
70.4365
64.678
11.36825
61.589
11.6115
7.75225
15.96075
21.94725
8.25225
29.595
59.78825
2.99
3.84475
19.087
6.7155
2.15
25.94375
1.504
7.56425
20.48325
108.1955
47.14875
7.62425
32.42775
34.03975
13.882
43.974
78.058
19.544
15.34225
53.311
70.7965
17.09075
4.59375
4.7825
4.27625
1.0935
9.39475
58.4315
32.06825
27.922
1.644
7.80975
10.4335
11.2165
97.778
14.87575
82.98425
3.59425
11.38225
12.94875
32.5165
35.57325
53.75375
66.265
0.9985
43.55025
31.04425
4.771
0.62925
36.74325
4.8585
17.2865
14.504
24.70375
0.134
42.383
39.92575
215.91825
74.8425
39.9545
17.434
5.1945
9.70975
3.42325
46.19525
18.96625
8.33875
17.27125
32.2835
24.85725
93.93025
8.43
46.12075
41.57025
26.443
9.51775
8.31675
42.92775
11.744
7.359
34.426
134.1615
19.104
7.61775
95.283
0.02075
48.3765
82.489
6.83975
35.71425
68.14725
8.691
54.9365
2.091
34.451
33.7485
31.33475
66.30475
23.46525
36.75925
1.52
27.19825
28.01275
25.17725
46.97225
4698.347
9.6325
7.10975
30.29125
44.65675
26.911
70.3865
39.6645
110.35575
57.942
52.35675
46.59
80.93825
22.57025
0.0
0.91875
5.3915
12.3755
40.236
38.03525
0.022
26.41775
30.30775
0.038
13.73575
111.81275
61.14825
47.16125
59.2245
12.837
48.53325
4.569
88.78925
6.8665
32.0845
28.5545
0.02825
18.06375
3.82125
29.3735
19.362
8.97225
96.83225
19.57875
0.1565
6.97575
55.14375
26.853
25.01075

Diff:
3.26825
-42.64675
0.88325
-19.687
1.241
-29.9255
0.96425
0.94
1.032
0.90325
0.93575
1.09
-3.8335
0.743
0.848