Time-differences (millis):

0.033
0.133
0.133
0.236
0.4
0.119
0.523
0.132
0.47
0.105
0.118
0.125
0.419
2.745
1.009
0.143
0.136
0.848
0.131
0.144
0.142
1.393
3.158
0.236

22.739
83.199
97.943
75.124
129.675
22.666
29.741
49.752
9.932
16.882
13.442
9.835
10.412
61.788
21.847
7.813
2.64
51.225
6.998
24.759
13.91
21.485
4.566
8.471

22.042
83.47
96.26475
76.8275
127.90725
22.828
31.3275
48.10775
9.92125
16.89
13.33275
9.87025
10.554
61.81775
22.01475
8.5515
1.6915
51.10325
6.96675
26.06125
12.68825
21.5215
4.617
9.2315

Test:	TI2_s_8
Requests:	25
Success:	25
Used:   	24

Local times (milisec):
min:	0.033
max:	3.158
mean:	0.5429583333333333
median:	0.1435
stdev:	0.8144709394643151

Web server times (milisec):
min:	2.64
max:	129.675
mean:	33.20183333333333
median:	21.666
stdev:	33.66991591480657

App server times (milisec):
min:	1.6915
max:	127.90725
mean:	33.150333333333336
median:	21.768124999999998
stdev:	33.393083535746776
diff:	0.94