1554284463493245.0
1554284463495526.0
1554284463496257.0
1554284463496273.0
1554284463499134.0
1554284463499135.0
1554284463499187.0
1554284463499202.0
1554284463499303.0
1554284463499318.0
1554284463500234.0
1554284463500237.0
1554284463500242.0
1554284463500376.0
1554284463500437.0
1554284463500495.0
1554284463500554.0
1554284463500634.0
1554284463500650.0
1554284463503808.0
1554284463504897.0
1554284463505042.0
1554284463505060.0
1554284463505129.0
1554284463505133.0
1554284468511428.0
1554284468511456.0

1554284464645381.0
1554284464652802.0
1554284464747795.0
1554284464796144.0
1554284464816255.0
1554284464818672.0
1554284464864057.0
1554284464937973.0
1554284464960713.0
1554284464971032.0
1554284465007065.0
1554284465071523.0
1554284465099847.0
1554284465113314.0
1554284465121611.0
1554284465175195.0
1554284465188158.0
1554284465209874.0
1554284465258582.0
1554284465286685.0
1554284465293918.0
1554284465363544.0
1554284465374236.0
1554284470149546.0
1554284470310011.0

1554284464647404.0
1554284464655908.5
1554284464748214.2
1554284464798393.8
1554284464818778.0
1554284464820632.0
1554284464858938.2
1554284464864444.8
1554284464864572.8
1554284464940373.2
1554284464962833.8
1554284464971435.8
1554284465007500.8
1554284465071982.5
1554284465100172.2
1554284465113741.2
1554284465122125.5
1554284465175599.0
1554284465188484.8
1554284465210193.8
1554284465258912.5
1554284465287049.0
1554284465294359.2
1554284465363878.8
1554284465374549.2
1554284470150228.5
1554284470310480.2

25
18
14
