Time-differences (millis):

0.585
0.0
0.054
0.309
1.72
0.0
0.001
0.065
0.032
4.436
0.001
0.001
0.076
0.009
0.023
0.113
1.471
1.318
0.49
0.01
0.091
0.087
0.091
0.085

4.572
189.295
60.058
0.198
22.918
127.542
0.13
1.661
24.641
47.189
78.091
7.272
71.074
81.841
0.897
6.054
39.164
36.933
35.961
2.253
38.026
6.15
13.384
18.444

5.0165
188.7495
58.8785
2.89725
21.74725
125.864
0.702
0.84725
24.69675
47.11625
78.188
7.468
70.8785
81.9135
0.9845
6.13225
39.5235
36.90725
35.93475
2.229
37.44975
6.22325
13.2975
19.2145

Test:	TI2_s_7
Requests:	25
Success:	22
Used:   	22

Local times (milisec):
min:	0.0
max:	4.436
mean:	0.46116666666666667
median:	0.0805
stdev:	0.9817874854909623

Web server times (milisec):
min:	0.13
max:	189.295
mean:	38.072833333333335
median:	23.7795
stdev:	45.891048480794886

App server times (milisec):
min:	0.702
max:	188.7495
mean:	38.0358125
median:	23.222
stdev:	45.54027356638692
diff:	0.96425