1554317118238486.0
1554317118238487.0
1554317118238488.0
1554317118238489.0
1554317118239075.0
1554317118239110.0
1554317118241073.0
1554317118241074.0
1554317118241075.0
1554317118241200.0
1554317118241213.0
1554317118241990.0
1554317118241991.0
1554317118242090.0
1554317118242227.0
1554317118242234.0
1554317118242346.0
1554317118244756.0
1554317118244757.0
1554317118244998.0
1554317118247828.0
1554317118248063.0
1554317118248365.0
1554317118248371.0
1554317118248542.0

1554317119423442.0
1554317119534546.0
1554317119596275.0
1554317119643167.0
1554317119702464.0
1554317119717155.0
1554317119765539.0
1554317119769439.0
1554317119859017.0
1554317119865820.0
1554317119897974.0
1554317119926569.0
1554317119926625.0
1554317119944640.0
1554317119948348.0
1554317119976416.0
1554317119997238.0
1554317120006237.0
1554317120102944.0
1554317120122044.0
1554317120122857.0
1554317120129582.0
1554317120184918.0
1554317120211754.0
1554317120236761.0

1554317119425331.8
1554317119537144.5
1554317119598292.8
1554317119645454.0
1554317119704678.5
1554317119717515.5
1554317119766048.8
1554317119770617.8
1554317119859407.0
1554317119866273.5
1554317119898358.0
1554317119926912.5
1554317119926940.8
1554317119945004.5
1554317119948825.8
1554317119978199.2
1554317119997561.2
1554317120006533.5
1554317120103365.8
1554317120122944.5
1554317120123101.0
1554317120130076.8
1554317120185220.5
1554317120212073.5
1554317120237084.2

25
25
23
