1554284400478156.0
1554284400478157.0
1554284400478158.0
1554284400478159.0
1554284400478549.0
1554284400483654.0
1554284400483656.0
1554284400483657.0
1554284400483802.0
1554284400483807.0
1554284400483838.0
1554284400484734.0
1554284400484735.0
1554284400484736.0
1554284400484810.0
1554284400484947.0
1554284400484958.0
1554284400485059.0
1554284400485101.0
1554284400485817.0
1554284400485818.0
1554284400485833.0
1554284400487567.0
1554284400487568.0
1554284400487673.0
1554284405494460.0

1554284401493204.0
1554284401552894.0
1554284401622000.0
1554284401673599.0
1554284401727803.0
1554284401765809.0
1554284401774882.0
1554284401809154.0
1554284401825633.0
1554284401893529.0
1554284401908156.0
1554284401921586.0
1554284401977792.0
1554284402013556.0
1554284402038952.0
1554284402041604.0
1554284402107826.0
1554284402118777.0
1554284402120592.0
1554284402130897.0
1554284402144649.0
1554284402155403.0
1554284402262847.0
1554284402301596.0
1554284407191796.0

1554284401495390.5
1554284401555661.2
1554284401622396.5
1554284401675270.8
1554284401729651.8
1554284401766436.2
1554284401775441.0
1554284401811452.8
1554284401826229.8
1554284401893963.2
1554284401908670.0
1554284401922051.5
1554284401978340.5
1554284402013931.8
1554284402039424.0
1554284402042104.2
1554284402108225.2
1554284402119312.8
1554284402121437.5
1554284402131254.2
1554284402145254.8
1554284402155881.2
1554284402207410.5
1554284402263184.2
1554284402301958.2
1554284407192159.5

25
23
24
