1554317088246303.0
1554317088246304.0
1554317088246305.0
1554317088247149.0
1554317088247150.0
1554317088247150.0
1554317088247961.0
1554317088251015.0
1554317088251064.0
1554317088251375.0
1554317088251390.0
1554317088251392.0
1554317088253543.0
1554317088253544.0
1554317088253545.0
1554317088253969.0
1554317088254155.0
1554317088254198.0
1554317088254227.0
1554317088254308.0
1554317088254349.0
1554317088254370.0
1554317088254445.0
1554317088254481.0
1554317088254498.0

1554317089460534.0
1554317089469721.0
1554317089477107.0
1554317089508891.0
1554317089553382.0
1554317089578750.0
1554317089650804.0
1554317089688891.0
1554317089799976.0
1554317089858779.0
1554317089911121.0
1554317089957683.0
1554317090038539.0
1554317090061259.0
1554317090061317.0
1554317090062168.0
1554317090067655.0
1554317090079910.0
1554317090120239.0
1554317090158102.0
1554317090158169.0
1554317090184576.0
1554317090215003.0
1554317090215094.0
1554317090228553.0

1554317089462220.2
1554317089471852.8
1554317089478962.5
1554317089509253.8
1554317089553910.5
1554317089580821.5
1554317089651208.0
1554317089690872.5
1554317089801228.2
1554317089859170.2
1554317089911527.0
1554317089958117.0
1554317090039055.2
1554317090061625.5
1554317090061625.5
1554317090062544.2
1554317090067935.8
1554317090080311.2
1554317090120547.2
1554317090158582.5
1554317090158604.5
1554317090185022.2
1554317090215330.0
1554317090215368.0
1554317090229103.8

25
22
21
