Time-differences (millis):

2.972
0.001
0.14
0.02
0.093
0.076
0.102
1.14
0.003
0.007
0.092
0.035
0.041
0.039
0.041
0.029
0.055
0.012
0.145
0.107
0.106
0.011
0.032
3.334

38.503
70.717
0.054
159.944
71.715
64.798
8.659
64.497
11.427
7.582
16.304
22.003
8.285
29.219
60.123
2.361
4.327
19.196
6.454
0.12
28.08
0.043
9.051
20.259

38.315
69.192
2.2255
159.31425
70.4365
64.678
11.36825
61.589
11.6115
7.75225
15.96075
21.94725
8.25225
29.595
59.78825
2.99
3.84475
19.087
6.7155
2.15
25.94375
1.504
7.56425
20.48325

Test:	TI2_s_9
Requests:	25
Success:	23
Used:   	23

Local times (milisec):
min:	0.001
max:	3.334
mean:	0.35970833333333335
median:	0.048
stdev:	0.8907960035426384

Web server times (milisec):
min:	0.043
max:	159.944
mean:	30.155041666666666
median:	17.75
stdev:	36.7179363023378

App server times (milisec):
min:	1.504
max:	159.31425
mean:	30.09617708333333
median:	17.523875
stdev:	36.12156550000404
diff:	1.032