1554284977515139.0
1554284977518111.0
1554284977518112.0
1554284977518252.0
1554284977518272.0
1554284977518365.0
1554284977518441.0
1554284977518543.0
1554284977519683.0
1554284977519686.0
1554284977519693.0
1554284977519785.0
1554284977519820.0
1554284977519861.0
1554284977519900.0
1554284977519941.0
1554284977519970.0
1554284977520025.0
1554284977520037.0
1554284977520182.0
1554284977520289.0
1554284977520395.0
1554284977520406.0
1554284977520438.0
1554284977523772.0

1554284978620212.0
1554284978658715.0
1554284978729432.0
1554284978729486.0
1554284978889430.0
1554284978961145.0
1554284979025943.0
1554284979034602.0
1554284979099099.0
1554284979110526.0
1554284979118108.0
1554284979134412.0
1554284979156415.0
1554284979164700.0
1554284979193919.0
1554284979254042.0
1554284979256403.0
1554284979260730.0
1554284979279926.0
1554284979286380.0
1554284979286500.0
1554284979314580.0
1554284979314623.0
1554284979323674.0
1554284979343933.0

1554284978622337.8
1554284978660652.8
1554284978729844.8
1554284978732070.2
1554284978891384.5
1554284978961821.0
1554284979026499.0
1554284979037867.2
1554284979099456.2
1554284979111067.8
1554284979118820.0
1554284979134780.8
1554284979156728.0
1554284979164980.2
1554284979194575.2
1554284979254363.5
1554284979257353.5
1554284979261198.2
1554284979280285.2
1554284979287000.8
1554284979289150.8
1554284979315094.5
1554284979316598.5
1554284979324162.8
1554284979344646.0

25
23
23
