Time-differences (millis):

0.001
0.154
0.037
0.521
0.023
2.158
0.001
0.001
0.028
0.085
0.025
0.084
0.006
0.111
0.001
0.014
3.591
0.0
0.044
0.062
0.022
0.02
0.089
0.002

83.831
47.097
38.625
99.94
12.525
8.894
68.113
35.883
3.841
46.429
50.854
4.837
0.963
13.172
8.657
7.341
5.658
11.948
2.948
10.988
72.792
73.458
7.703
9.877

83.37925
47.68875
36.584
101.71325
10.825
8.8335
68.084
37.581
2.22525
46.515
50.75025
4.888
1.35425
12.5605
8.777
7.232
5.82825
11.87125
3.054
11.1175
73.797
72.106
7.8735
10.11075

Test:	TI2_s_3
Requests:	25
Success:	21
Used:   	21

Local times (milisec):
min:	0.0
max:	3.591
mean:	0.295
median:	0.026500000000000003
stdev:	0.828921142732869

Web server times (milisec):
min:	0.963
max:	99.94
mean:	30.265583333333332
median:	12.2365
stdev:	30.31967911513787

App server times (milisec):
min:	1.35425
max:	101.71325
mean:	30.197885416666665
median:	11.494375
stdev:	30.5327317190609
diff:	0.88325