1554317027273977.0
1554317027274490.0
1554317027274491.0
1554317027274778.0
1554317027274838.0
1554317027276045.0
1554317027276060.0
1554317027276084.0
1554317027276428.0
1554317027276568.0
1554317027276975.0
1554317027278180.0
1554317027278181.0
1554317027281249.0
1554317027281250.0
1554317027282104.0
1554317027282121.0
1554317027282122.0
1554317027282271.0
1554317027282277.0
1554317027284165.0
1554317027284302.0
1554317027284388.0
1554317027284532.0
1554317027284830.0

1554317028437468.0
1554317028653709.0
1554317028728137.0
1554317028770128.0
1554317028787456.0
1554317028791193.0
1554317028799578.0
1554317028801062.0
1554317028852036.0
1554317028871018.0
1554317028879202.0
1554317028896669.0
1554317028928809.0
1554317028953809.0
1554317029047717.0
1554317029056244.0
1554317029102170.0
1554317029143958.0
1554317029170353.0
1554317029179753.0
1554317029188194.0
1554317029231054.0
1554317029240962.0
1554317029249496.0
1554317029284574.0

1554317028439791.5
1554317028655709.8
1554317028730552.2
1554317028770506.8
1554317028787940.8
1554317028793135.2
1554317028802845.0
1554317028806268.2
1554317028852463.5
1554317028871429.8
1554317028879768.5
1554317028897039.8
1554317028929323.2
1554317028954180.5
1554317029048110.8
1554317029056540.8
1554317029102661.5
1554317029144231.8
1554317029170674.8
1554317029180192.5
1554317029188509.2
1554317029231437.0
1554317029243181.0
1554317029250540.0
1554317029284966.0

25
24
24
