1554316994776645.0
1554316994776647.0
1554316994776893.0
1554316994777781.0
1554316994777782.0
1554316994778260.0
1554316994778474.0
1554316994778585.0
1554316994778912.0
1554316994779592.0
1554316994779593.0
1554316994779787.0
1554316994780456.0
1554316994781428.0
1554316994781658.0
1554316994781921.0
1554316994782132.0
1554316994782242.0
1554316994782559.0
1554316994782622.0
1554316994782801.0
1554316994782977.0
1554316994783058.0
1554316994783956.0
1554316994784261.0

1554316996076970.0
1554316996088467.0
1554316996186140.0
1554316996201026.0
1554316996285468.0
1554316996289162.0
1554316996296026.0
1554316996313413.0
1554316996346110.0
1554316996381696.0
1554316996434966.0
1554316996501629.0
1554316996501717.0
1554316996546188.0
1554316996577189.0
1554316996581792.0
1554316996582740.0
1554316996619096.0
1554316996624249.0
1554316996640291.0
1554316996656002.0
1554316996680780.0
1554316996680857.0
1554316996723273.0
1554316996763207.0

1554316996079123.2
1554316996090339.8
1554316996188117.8
1554316996202993.5
1554316996285977.8
1554316996289572.0
1554316996300954.2
1554316996313903.0
1554316996346419.5
1554316996381992.8
1554316996435746.5
1554316996502011.5
1554316996503010.0
1554316996546560.2
1554316996577604.5
1554316996582375.5
1554316996583004.8
1554316996619748.0
1554316996624606.5
1554316996641893.0
1554316996656397.0
1554316996681100.8
1554316996681234.8
1554316996723617.8
1554316996763543.5

25
24
22
