Time-differences (millis):

2.281
0.731
0.016
2.861
0.001
0.052
0.015
0.101
0.015
0.916
0.003
0.005
0.134
0.061
0.058
0.059
0.08
0.016
3.158
1.089
0.145
0.018
0.069
0.004
5006.295
0.028

7.421
94.993
48.349
20.111
2.417
45.385
73.916
22.74
10.319
36.033
64.458
28.324
13.467
8.297
53.584
12.963
21.716
48.708
28.103
7.233
69.626
10.692
4775.31
160.465

8.5045
92.30575
50.1795
20.38425
1.854
38.30625
5.5065
0.128
75.8005
22.4605
8.602
36.065
64.48175
28.18975
13.569
8.38425
53.4735
12.88575
21.709
48.71875
28.1365
7.31025
69.5195
10.6705
4775.67925
160.25175

Test:	TI2_s_2
Requests:	25
Success:	18
Used:   	14

Local times (milisec):
min:	0.001
max:	5006.295
mean:	193.0081153846154
median:	0.06
stdev:	981.7221638657377

Web server times (milisec):
min:	2.417
max:	4775.31
mean:	236.02625
median:	28.213500000000003
stdev:	967.5271044813726

App server times (milisec):
min:	0.128
max:	4775.67925
mean:	217.81062500000002
median:	25.2985
stdev:	930.3082518088031
diff:	-42.64675