1554285008615768.0
1554285008615769.0
1554285008616099.0
1554285008616100.0
1554285008616103.0
1554285008616204.0
1554285008616359.0
1554285008616376.0
1554285008616445.0
1554285008616471.0
1554285008616543.0
1554285008616561.0
1554285008616637.0
1554285008619818.0
1554285008619820.0
1554285008619820.0
1554285008619822.0
1554285008619905.0
1554285008619930.0
1554285008619964.0
1554285008620147.0
1554285008620286.0
1554285008620372.0
1554285008620373.0
1554285008624006.0

1554285009754499.0
1554285009863199.0
1554285009911968.0
1554285009917919.0
1554285009950468.0
1554285009985768.0
1554285009998243.0
1554285010043652.0
1554285010122023.0
1554285010141354.0
1554285010156795.0
1554285010210301.0
1554285010281014.0
1554285010296477.0
1554285010302717.0
1554285010306965.0
1554285010311719.0
1554285010312925.0
1554285010322251.0
1554285010380705.0
1554285010412266.0
1554285010440732.0
1554285010440818.0
1554285010450136.0
1554285010460589.0

1554285009757023.5
1554285009865219.0
1554285009912367.8
1554285009919992.0
1554285009952419.8
1554285009986459.5
1554285010000341.5
1554285010044315.5
1554285010122373.5
1554285010141917.5
1554285010157259.8
1554285010210570.8
1554285010281367.2
1554285010298458.0
1554285010303051.8
1554285010307834.2
1554285010312110.5
1554285010313204.0
1554285010322598.8
1554285010381030.2
1554285010413098.5
1554285010441020.5
1554285010442664.5
1554285010450474.2
1554285010460907.8

25
20
20
