1554284582770642.0
1554284582770643.0
1554284582770644.0
1554284582770658.0
1554284582770704.0
1554284582773880.0
1554284582773881.0
1554284582773974.0
1554284582773976.0
1554284582774009.0
1554284582774036.0
1554284582774095.0
1554284582774109.0
1554284582774110.0
1554284582774195.0
1554284582774211.0
1554284582774293.0
1554284582774984.0
1554284582776326.0
1554284582776327.0
1554284582776327.0
1554284582776408.0
1554284582776479.0
1554284582780189.0
1554284582780190.0
1554284587785909.0
1554284587786664.0

1554284584048750.0
1554284584109209.0
1554284584142450.0
1554284584146613.0
1554284584207311.0
1554284584236036.0
1554284584236120.0
1554284584241887.0
1554284584257375.0
1554284584266468.0
1554284584329670.0
1554284584360372.0
1554284584368602.0
1554284584429842.0
1554284584510726.0
1554284584511116.0
1554284584559448.0
1554284584559455.0
1554284584584513.0
1554284584592298.0
1554284584606790.0
1554284584617070.0
1554284584640782.0
1554284589349821.0
1554284589409215.0

1554284584050904.8
1554284584111368.5
1554284584144586.2
1554284584148947.8
1554284584209398.2
1554284584236403.8
1554284584236426.2
1554284584242491.5
1554284584257718.2
1554284584266844.2
1554284584330024.5
1554284584360694.0
1554284584368868.8
1554284584430310.5
1554284584482743.0
1554284584509700.5
1554284584511406.0
1554284584511893.8
1554284584559865.5
1554284584560481.8
1554284584584866.8
1554284584593075.2
1554284584608468.0
1554284584617395.2
1554284584641289.5
1554284589350428.8
1554284589409539.8

25
14
14
