1554317054517266.0
1554317054517318.0
1554317054517339.0
1554317054517482.0
1554317054517528.0
1554317054517623.0
1554317054517742.0
1554317054518098.0
1554317054518309.0
1554317054518309.0
1554317054518325.0
1554317054518500.0
1554317054518561.0
1554317054518592.0
1554317054518739.0
1554317054518774.0
1554317054519356.0
1554317054519356.0
1554317054519391.0
1554317054519520.0
1554317054519557.0
1554317054519560.0
1554317054519671.0
1554317054519726.0
1554317054522948.0
1554317059538108.0

1554317055601041.0
1554317055735535.0
1554317055753199.0
1554317055763710.0
1554317055859089.0
1554317055859161.0
1554317055907561.0
1554317055988508.0
1554317055996793.0
1554317056032411.0
1554317056100718.0
1554317056109425.0
1554317056162599.0
1554317056164797.0
1554317056234470.0
1554317056266056.0
1554317056332182.0
1554317056355823.0
1554317056392538.0
1554317056392560.0
1554317056421290.0
1554317056449173.0
1554317056474499.0
1554317056521442.0
1554317061219807.0

1554317055603355.2
1554317055737516.8
1554317055756620.8
1554317055764238.5
1554317055859521.5
1554317055859542.2
1554317055907918.8
1554317055990407.8
1554317055997247.5
1554317056032961.8
1554317056101109.0
1554317056109800.0
1554317056164736.5
1554317056166827.5
1554317056201278.5
1554317056235027.0
1554317056266361.8
1554317056332666.5
1554317056356131.8
1554317056392891.0
1554317056394411.0
1554317056421609.2
1554317056449622.0
1554317056474799.2
1554317056521771.5
1554317061220118.5

25
22
20
