Time-differences (millis):

0.001
0.001
0.844
0.001
0.0
0.811
3.054
0.049
0.311
0.015
0.002
2.151
0.001
0.001
0.424
0.186
0.043
0.029
0.081
0.041
0.021
0.075
0.036
0.017

9.187
7.386
31.784
44.491
25.368
72.054
38.087
111.085
58.803
52.342
46.562
80.856
22.72
0.058
0.851
5.487
12.255
40.329
37.863
0.067
26.407
30.427
0.091
13.459

9.6325
7.10975
30.29125
44.65675
26.911
70.3865
39.6645
110.35575
57.942
52.35675
46.59
80.93825
22.57025
0.0
0.91875
5.3915
12.3755
40.236
38.03525
0.022
26.41775
30.30775
0.038
13.73575

Test:	TI2_s_14
Requests:	25
Success:	22
Used:   	21

Local times (milisec):
min:	0.0
max:	3.054
mean:	0.3414583333333333
median:	0.0385
stdev:	0.7476872735696195

Web server times (milisec):
min:	0.058
max:	111.085
mean:	32.000791666666665
median:	28.417
stdev:	28.469628188924062

App server times (milisec):
min:	0.0
max:	110.35575
mean:	31.953479166666668
median:	28.601125000000003
stdev:	28.256595040873112
diff:	0.743