Time-differences (millis):

0.032
0.068
0.059
0.744
0.01
2.132
0.621
0.581
0.046
0.01
0.075
0.031
0.001
0.07
0.028
0.309
1.06
0.004
0.016
0.333
3.794
0.162
0.001
0.018

28.582
37.523
124.67
18.471
11.439
53.17
41.837
57.267
4.959
167.313
0.108
61.529
38.482
0.173
0.064
0.949
61.069
43.663
1.076
0.038
15.38
7.217
12.843
57.174

29.86825
36.658
124.0145
17.2485
11.43675
54.9725
39.663
57.47375
5.79225
166.32975
0.0005
61.60725
38.8275
0.7835
0.05525
3.88575
57.62225
43.972
0.87975
0.02975
14.91775
7.2155
12.96325
57.4515

Test:	TI2_s_5
Requests:	25
Success:	22
Used:   	20

Local times (milisec):
min:	0.001
max:	3.794
mean:	0.42520833333333335
median:	0.0635
stdev:	0.8662230347979051

Web server times (milisec):
min:	0.038
max:	167.313
mean:	35.20816666666666
median:	23.5265
stdev:	41.17355342689165

App server times (milisec):
min:	0.0005
max:	166.32975
mean:	35.15286458333333
median:	23.558374999999998
stdev:	40.80742371286637
diff:	1.241