Time-differences (millis):

0.001
0.001
0.014
0.046
3.176
0.001
0.093
0.002
0.033
0.027
0.059
0.014
0.001
0.085
0.016
0.082
0.691
1.342
0.001
0.0
0.081
0.071
3.71
0.001
5005.719
0.755

60.459
33.241
4.163
60.698
28.725
0.084
5.767
15.488
9.093
63.202
30.702
8.23
61.24
80.884
0.39
48.332
0.007
25.058
7.785
14.492
10.28
23.712
4709.039
59.394

60.46375
33.21775
4.3615
60.4505
27.0055
0.0225
6.06525
15.22675
9.126
63.18025
30.6695
8.17475
61.44175
52.4325
26.9575
1.7055
0.48775
47.97175
0.61625
24.385
8.2085
15.39275
8.92725
23.89425
4709.13925
59.111

Test:	TI2_s_4
Requests:	25
Success:	14
Used:   	14

Local times (milisec):
min:	0.0
max:	5005.719
mean:	192.92392307692307
median:	0.0395
stdev:	981.6218988245902

Web server times (milisec):
min:	0.007
max:	4709.039
mean:	223.3527083333333
median:	24.384999999999998
stdev:	955.7638501382013

App server times (milisec):
min:	0.0225
max:	4709.13925
mean:	206.10134615384615
median:	24.139625000000002
stdev:	918.7095957535877
diff:	-19.687