1554284623599476.0
1554284623599508.0
1554284623599576.0
1554284623599635.0
1554284623600379.0
1554284623600389.0
1554284623602521.0
1554284623603142.0
1554284623603723.0
1554284623603769.0
1554284623603779.0
1554284623603854.0
1554284623603885.0
1554284623603886.0
1554284623603956.0
1554284623603984.0
1554284623604293.0
1554284623605353.0
1554284623605357.0
1554284623605373.0
1554284623605706.0
1554284623609500.0
1554284623609662.0
1554284623609663.0
1554284623609681.0

1554284624604929.0
1554284624633511.0
1554284624671034.0
1554284624795704.0
1554284624814175.0
1554284624825614.0
1554284624878784.0
1554284624920621.0
1554284624977888.0
1554284624982847.0
1554284625150160.0
1554284625150268.0
1554284625211797.0
1554284625250279.0
1554284625250452.0
1554284625250516.0
1554284625251465.0
1554284625312534.0
1554284625356197.0
1554284625357273.0
1554284625357311.0
1554284625372691.0
1554284625379908.0
1554284625392751.0
1554284625449925.0

1554284624607097.8
1554284624636966.0
1554284624673624.0
1554284624797638.5
1554284624814887.0
1554284624826323.8
1554284624881296.2
1554284624920959.2
1554284624978433.0
1554284624984225.2
1554284625150555.0
1554284625150555.5
1554284625212162.8
1554284625250990.2
1554284625251773.8
1554284625251829.0
1554284625255714.8
1554284625313337.0
1554284625357309.0
1554284625358188.8
1554284625358218.5
1554284625373136.2
1554284625380351.8
1554284625393315.0
1554284625450766.5

25
22
20
