Time-differences (millis):

0.34
2.346
0.001
0.139
0.048
0.148
0.093
0.078
0.107
0.076
0.163
0.066
0.333
0.133
0.098
10.388
1.273
5.102
0.284
0.245
0.113
0.247
0.116
0.08
5010.758
0.001

78.746
28.931
33.697
46.82
99.641
32.671
13.633
49.143
0.815
28.988
106.368
32.816
5.033
20.839
0.032
25.926
0.124
23.545
17.382
14.932
2.356
54.081
4268.231
708.589

78.64975
28.93025
33.88375
44.95575
99.5475
34.373
11.9185
49.217
0.8275
23.4385
5.43225
0.001
106.41725
32.9485
5.753
19.965
0.562
25.4875
0.28075
23.2715
17.48675
14.81675
2.48025
53.964
4268.666
708.12075

Test:	TI2_s_6
Requests:	25
Success:	23
Used:   	23

Local times (milisec):
min:	0.001
max:	5010.758
mean:	193.56830769230768
median:	0.136
stdev:	982.5202585382866

Web server times (milisec):
min:	0.032
max:	4268.231
mean:	237.22245833333332
median:	28.9595
stdev:	870.0735118299901

App server times (milisec):
min:	0.001
max:	4268.666
mean:	218.89979807692308
median:	24.463
stdev:	837.1141700999423
diff:	-29.9255