1554284548727087.0
1554284548727088.0
1554284548727242.0
1554284548727279.0
1554284548727800.0
1554284548727823.0
1554284548729981.0
1554284548729982.0
1554284548729983.0
1554284548730011.0
1554284548730096.0
1554284548730121.0
1554284548730205.0
1554284548730211.0
1554284548730322.0
1554284548730323.0
1554284548730337.0
1554284548733928.0
1554284548733928.0
1554284548733972.0
1554284548734034.0
1554284548734056.0
1554284548734076.0
1554284548734165.0
1554284548734167.0

1554284549848627.0
1554284549932458.0
1554284549979555.0
1554284550018180.0
1554284550118120.0
1554284550130645.0
1554284550139539.0
1554284550207652.0
1554284550243535.0
1554284550247376.0
1554284550293805.0
1554284550344659.0
1554284550349496.0
1554284550350459.0
1554284550363631.0
1554284550372288.0
1554284550379629.0
1554284550385287.0
1554284550397235.0
1554284550400183.0
1554284550411171.0
1554284550483963.0
1554284550557421.0
1554284550565124.0
1554284550575001.0

1554284549850959.0
1554284549934338.2
1554284549982027.0
1554284550018611.0
1554284550120324.2
1554284550131149.2
1554284550139982.8
1554284550208066.8
1554284550245647.8
1554284550247873.0
1554284550294388.0
1554284550345138.2
1554284550350026.2
1554284550351380.5
1554284550363941.0
1554284550372718.0
1554284550379950.0
1554284550385778.2
1554284550397649.5
1554284550400703.5
1554284550411821.0
1554284550485618.0
1554284550557724.0
1554284550565597.5
1554284550575708.2

25
21
21
