Time-differences (millis):

0.513
0.001
0.287
0.06
1.207
0.015
0.024
0.344
0.14
0.407
1.205
0.001
3.068
0.001
0.854
0.017
0.001
0.149
0.006
1.888
0.137
0.086
0.144
0.298

216.241
74.428
41.991
17.328
3.737
8.385
1.484
50.974
18.982
8.184
17.467
32.14
25.0
93.908
8.527
45.926
41.788
26.395
9.4
8.441
42.86
9.908
8.534
35.078

215.91825
74.8425
39.9545
17.434
5.1945
9.70975
3.42325
46.19525
18.96625
8.33875
17.27125
32.2835
24.85725
93.93025
8.43
46.12075
41.57025
26.443
9.51775
8.31675
42.92775
11.744
7.359
34.426

Test:	TI2_s_12
Requests:	25
Success:	24
Used:   	24

Local times (milisec):
min:	0.001
max:	3.068
mean:	0.4522083333333333
median:	0.14200000000000002
stdev:	0.7377786859843225

Web server times (milisec):
min:	1.484
max:	216.241
mean:	35.296083333333335
median:	21.991
stdev:	44.905929491226594

App server times (milisec):
min:	3.42325
max:	215.91825
mean:	35.215604166666665
median:	21.911749999999998
stdev:	44.644429330478765
diff:	1.09