Time-differences (millis):

0.052
0.021
0.143
0.046
0.095
0.119
0.356
0.211
0.0
0.016
0.175
0.061
0.031
0.147
0.035
0.582
0.0
0.035
0.129
0.037
0.003
0.111
0.055
3.222
5015.16

134.494
17.664
10.511
95.379
0.072
48.4
80.947
8.285
35.618
68.307
8.707
53.174
2.198
69.673
31.586
66.126
23.641
36.715
0.022
28.73
27.883
25.326
46.943
4698.365

134.1615
19.104
7.61775
95.283
0.02075
48.3765
82.489
6.83975
35.71425
68.14725
8.691
54.9365
2.091
34.451
33.7485
31.33475
66.30475
23.46525
36.75925
1.52
27.19825
28.01275
25.17725
46.97225
4698.347

Test:	TI2_s_13
Requests:	25
Success:	22
Used:   	20

Local times (milisec):
min:	0.0
max:	5015.16
mean:	200.83368
median:	0.061
stdev:	1002.9848512313434

Web server times (milisec):
min:	0.022
max:	4698.365
mean:	234.11525
median:	33.602000000000004
stdev:	951.4562944967572

App server times (milisec):
min:	0.02075
max:	4698.347
mean:	224.67052999999999
median:	33.7485
stdev:	932.5642610994203
diff:	-3.8335