1554284880854528.0
1554284880854561.0
1554284880854694.0
1554284880854827.0
1554284880855063.0
1554284880855463.0
1554284880855582.0
1554284880856105.0
1554284880856237.0
1554284880856707.0
1554284880856812.0
1554284880856930.0
1554284880857055.0
1554284880857474.0
1554284880860219.0
1554284880861228.0
1554284880861371.0
1554284880861507.0
1554284880862355.0
1554284880862486.0
1554284880862630.0
1554284880862772.0
1554284880864165.0
1554284880867323.0
1554284880867559.0

1554284881906435.0
1554284881929174.0
1554284882012373.0
1554284882110316.0
1554284882185440.0
1554284882315115.0
1554284882337781.0
1554284882367522.0
1554284882417274.0
1554284882427206.0
1554284882444088.0
1554284882457530.0
1554284882467365.0
1554284882477777.0
1554284882539565.0
1554284882561412.0
1554284882569225.0
1554284882571865.0
1554284882623090.0
1554284882630088.0
1554284882654847.0
1554284882668757.0
1554284882690242.0
1554284882694808.0
1554284882703279.0

1554284881908979.8
1554284881931021.8
1554284882014491.8
1554284882110756.5
1554284882187584.0
1554284882315491.2
1554284882338319.2
1554284882369646.8
1554284882417754.5
1554284882427675.8
1554284882444565.8
1554284882457898.5
1554284882467768.8
1554284882478322.8
1554284882540140.5
1554284882562155.2
1554284882570706.8
1554284882572398.2
1554284882623501.5
1554284882630468.2
1554284882656529.5
1554284882669217.8
1554284882690739.2
1554284882695356.2
1554284882704587.8

25
25
24
