1554284670807437.0
1554284670807777.0
1554284670810123.0
1554284670810124.0
1554284670810263.0
1554284670810311.0
1554284670810459.0
1554284670810552.0
1554284670810630.0
1554284670810737.0
1554284670810813.0
1554284670810976.0
1554284670811042.0
1554284670811375.0
1554284670811508.0
1554284670811606.0
1554284670821994.0
1554284670823267.0
1554284670828369.0
1554284670828653.0
1554284670828898.0
1554284670829011.0
1554284670829258.0
1554284670829374.0
1554284670829454.0
1554284675840212.0
1554284675840213.0

1554284671953533.0
1554284672032279.0
1554284672061210.0
1554284672094907.0
1554284672141727.0
1554284672241368.0
1554284672274039.0
1554284672287672.0
1554284672336815.0
1554284672337630.0
1554284672366618.0
1554284672472986.0
1554284672505802.0
1554284672510835.0
1554284672531674.0
1554284672531706.0
1554284672557632.0
1554284672557756.0
1554284672581301.0
1554284672598683.0
1554284672613615.0
1554284672615971.0
1554284672670052.0
1554284676938283.0
1554284677646872.0

1554284671955763.5
1554284672034413.2
1554284672063343.5
1554284672097227.2
1554284672142183.0
1554284672241730.5
1554284672276103.5
1554284672288022.0
1554284672337239.0
1554284672338066.5
1554284672361505.0
1554284672366937.2
1554284672366938.2
1554284672473355.5
1554284672506304.0
1554284672512057.0
1554284672532022.0
1554284672532584.0
1554284672558071.5
1554284672558352.2
1554284672581623.8
1554284672599110.5
1554284672613927.2
1554284672616407.5
1554284672670371.5
1554284676939037.5
1554284677647158.2

25
23
23
