Time-differences (millis):

0.001
0.33
0.001
0.003
0.101
0.155
0.017
0.069
0.026
0.072
0.018
0.076
3.181
0.002
0.0
0.002
0.083
0.025
0.034
0.183
0.139
0.086
0.001
3.633

108.7
48.769
5.951
32.549
35.3
12.475
45.409
78.371
19.331
15.441
53.506
70.713
15.463
6.24
4.248
4.754
1.206
9.326
58.454
31.561
28.466
0.086
9.318
10.453

108.1955
47.14875
7.62425
32.42775
34.03975
13.882
43.974
78.058
19.544
15.34225
53.311
70.7965
17.09075
4.59375
4.7825
4.27625
1.0935
9.39475
58.4315
32.06825
27.922
1.644
7.80975
10.4335

Test:	TI2_s_10
Requests:	25
Success:	20
Used:   	20

Local times (milisec):
min:	0.0
max:	3.633
mean:	0.34325
median:	0.051500000000000004
stdev:	0.9491137399196937

Web server times (milisec):
min:	0.086
max:	108.7
mean:	29.420416666666664
median:	17.397
stdev:	28.30196534567054

App server times (milisec):
min:	1.0935
max:	108.1955
mean:	29.328510416666667
median:	18.317375
stdev:	28.03990669170955
diff:	0.90325