Time-differences (millis):

0.001
0.001
0.001
0.39
5.105
0.002
0.001
0.145
0.005
0.031
0.896
0.001
0.001
0.074
0.137
0.011
0.101
0.042
0.716
0.001
0.015
1.734
0.001
0.105
5006.787

59.69
69.106
51.599
54.204
38.006
9.073
34.272
16.479
67.896
14.627
13.43
56.206
35.764
25.396
2.652
66.222
10.951
1.815
10.305
13.752
10.754
107.444
38.749
4890.2

60.27075
66.73525
52.87425
54.381
36.7845
9.00475
36.01175
14.777
67.7335
14.70675
13.3815
56.289
35.59125
25.49225
2.68025
66.121
11.0875
2.12475
9.81675
14.0005
10.6265
51.52925
55.77375
38.774
4890.20125

Test:	TI2_s_1
Requests:	25
Success:	23
Used:   	24

Local times (milisec):
min:	0.001
max:	5006.787
mean:	200.65216
median:	0.031
stdev:	1001.2786499336187

Web server times (milisec):
min:	1.815
max:	4890.2
mean:	237.44133333333332
median:	35.018
stdev:	991.3966061095948

App server times (milisec):
min:	2.12475
max:	4890.20125
mean:	227.87076
median:	36.01175
stdev:	971.5747366850384
diff:	3.26825