1554284734371274.0
1554284734371859.0
1554284734371859.0
1554284734371913.0
1554284734372222.0
1554284734373942.0
1554284734373942.0
1554284734373943.0
1554284734374008.0
1554284734374040.0
1554284734378476.0
1554284734378477.0
1554284734378478.0
1554284734378554.0
1554284734378563.0
1554284734378586.0
1554284734378699.0
1554284734380170.0
1554284734381488.0
1554284734381978.0
1554284734381988.0
1554284734382079.0
1554284734382166.0
1554284734382257.0
1554284734382342.0

1554284735331986.0
1554284735336558.0
1554284735525853.0
1554284735585911.0
1554284735586109.0
1554284735609027.0
1554284735736569.0
1554284735736699.0
1554284735738360.0
1554284735763001.0
1554284735810190.0
1554284735888281.0
1554284735895553.0
1554284735966627.0
1554284736048468.0
1554284736049365.0
1554284736055419.0
1554284736094583.0
1554284736131516.0
1554284736167477.0
1554284736169730.0
1554284736207756.0
1554284736213906.0
1554284736227290.0
1554284736245734.0

1554284735333962.8
1554284735338979.2
1554284735527728.8
1554284735586607.2
1554284735589504.5
1554284735611251.8
1554284735737115.8
1554284735737817.8
1554284735738665.0
1554284735763361.8
1554284735810478.0
1554284735888666.0
1554284735896134.0
1554284735967012.5
1554284736048926.0
1554284736049910.5
1554284736056042.8
1554284736095566.2
1554284736132473.5
1554284736168408.2
1554284736170637.2
1554284736208087.0
1554284736214310.2
1554284736227607.8
1554284736246822.2

25
22
22
