Time-differences (millis):

0.002
0.246
0.888
0.001
0.478
0.214
0.111
0.327
0.68
0.001
0.194
0.669
0.972
0.23
0.263
0.211
0.11
0.317
0.063
0.179
0.176
0.081
0.898
0.305

11.497
97.673
14.886
84.442
3.694
6.864
17.387
32.697
35.586
53.27
66.663
0.088
44.471
31.001
4.603
0.948
36.356
5.153
16.042
15.711
24.778
0.077
42.416
39.934

11.2165
97.778
14.87575
82.98425
3.59425
11.38225
12.94875
32.5165
35.57325
53.75375
66.265
0.9985
43.55025
31.04425
4.771
0.62925
36.74325
4.8585
17.2865
14.504
24.70375
0.134
42.383
39.92575

Test:	TI2_s_11
Requests:	25
Success:	24
Used:   	22

Local times (milisec):
min:	0.001
max:	0.972
mean:	0.31733333333333336
median:	0.222
stdev:	0.2926877942920344

Web server times (milisec):
min:	0.077
max:	97.673
mean:	28.593208333333333
median:	21.0825
stdev:	26.542674679252336

App server times (milisec):
min:	0.134
max:	97.778
mean:	28.517510416666667
median:	20.995125
stdev:	26.34021677579899
diff:	0.93575