Time-differences (millis):

0.001
0.001
0.001
0.586
0.035
1.963
0.001
0.001
0.125
0.013
0.777
0.001
0.099
0.137
0.007
0.112
2.41
0.001
0.241
2.83
0.235
0.302
0.006
0.171

111.104
61.729
46.892
59.297
14.691
48.384
3.9
89.578
6.803
32.154
28.595
0.056
18.015
3.708
28.068
20.822
8.999
96.707
19.1
0.813
6.725
55.336
26.836
25.007

111.81275
61.14825
47.16125
59.2245
12.837
48.53325
4.569
88.78925
6.8665
32.0845
28.5545
0.02825
18.06375
3.82125
29.3735
19.362
8.97225
96.83225
19.57875
0.1565
6.97575
55.14375
26.853
25.01075

Test:	TI2_s_15
Requests:	25
Success:	25
Used:   	23

Local times (milisec):
min:	0.001
max:	2.83
mean:	0.41900000000000004
median:	0.10550000000000001
stdev:	0.799347723214807

Web server times (milisec):
min:	0.056
max:	111.104
mean:	33.88829166666667
median:	25.9215
stdev:	31.355498393741527

App server times (milisec):
min:	0.02825
max:	111.81275
mean:	33.82302083333333
median:	25.931875
stdev:	31.408003997779723
diff:	0.848