Time-differences (millis):

0.012
0.006
0.005
0.007
0.006
0.009
0.008
0.009
0.009
0.009
0.01
0.009
0.008
0.008
0.011
0.026
0.013
0.022
0.025
0.024
0.011
0.011
0.024
0.028

0.516
2.544
0.529
0.107
2.499
0.734
1.262
0.173
3.705
3.397
3.619
0.584
0.939
1.827
2.653
0.915
1.316
1.242
0.173
4.553
1.445
1.519

0.0795
2.932
0.3045
0.9785
2.15275
0.308
1.15525
2.202
0.8705
2.55325
3.63875
1.014
0.4165
1.89425
3.46775
0.39
1.06475
1.259
1.164
3.76875
1.18125
0.4255
1.0155
0.8815

Test:	CR_f_15
Requests:	25
Success:	15
Used:   	7

Local times (milisec):
min:	0.005
max:	0.028
mean:	0.012916666666666667
stdev:	0.007330203548195031

Web server times (milisec):
min:	0.107
max:	4.553
mean:	1.6477727272727274
stdev:	1.2897412413724583

App server times (milisec):
min:	0.0795
max:	3.76875
mean:	1.4632395833333334
stdev:	1.1097684283492157
diff:	2.7235