1554122596026432.0
1554122596026454.0
1554122596026460.0
1554122596026466.0
1554122596026475.0
1554122596026485.0
1554122596026494.0
1554122596026503.0
1554122596026512.0
1554122596026521.0
1554122596026529.0
1554122596026538.0
1554122596026551.0
1554122596026608.0
1554122596026627.0
1554122596026648.0
1554122596026676.0
1554122596131206.0
1554122596131234.0
1554122596131805.0
1554122596133303.0
1554122596133322.0
1554122596133333.0
1554122596133344.0
1554122596133363.0

1554122542526592.0
1554122542528130.0
1554122542528178.0
1554122542530219.0
1554122542530782.0
1554122542532560.0
1554122542533204.0
1554122542535094.0
1554122542535971.0
1554122542537555.0
1554122542542442.0
1554122542546214.0
1554122542549504.0
1554122542550004.0
1554122542551125.0
1554122542553072.0
1554122542554987.0
1554122542627168.0
1554122542630250.0
1554122542630287.0
1554122542630308.0
1554122542632093.0

1554122542528902.5
1554122542530466.5
1554122542530559.8
1554122542532849.0
1554122542532902.8
1554122542535294.0
1554122542538077.8
1554122542539977.0
1554122542542823.2
1554122542544039.8
1554122542546784.0
1554122542550995.5
1554122542551620.8
1554122542553546.0
1554122542555708.0
1554122542558512.5
1554122542563845.8
1554122542627700.2
1554122542627789.2
1554122542630634.8
1554122542630654.8
1554122542631462.2
1554122542631694.2
1554122542632725.8
1554122542634398.8

25
12
5
