Time-differences (millis):

0.018
0.01
0.01
0.087
0.017
0.029
0.156
0.013
0.011
0.01
0.01
0.009
0.01
0.009
0.01
0.01
0.01
0.009
0.009
116.357
0.02
0.01
0.189
0.013

0.013
3.246
0.074
0.506
1.995
3.016
0.082
1.019
1.014
2.234
3.361
7.983
2.056
4.036
10.554
2.406
2.418
2.58
3.234
64.23
1.996

1.99875
0.984
0.647
2.2085
2.78025
2.22725
0.19275
3.5895
7.86675
2.19425
1.155
2.80225
3.4995
4.08
3.152
2.342
2.51475
2.56375
3.08975
64.224
0.12725
1.94525
0.01025
1.091

Test:	CR_f_12
Requests:	25
Success:	12
Used:   	7

Local times (milisec):
min:	0.009
max:	116.357
mean:	4.8765
stdev:	23.745293865998136

Web server times (milisec):
min:	0.013
max:	64.23
mean:	5.621571428571428
stdev:	13.660985932835992

App server times (milisec):
min:	0.01025
max:	64.224
mean:	4.88690625
stdev:	12.743392397548387
diff:	14.956