1554119504045818.0
1554119504045833.0
1554119504045840.0
1554119504045847.0
1554119504045854.0
1554119504045863.0
1554119504045873.0
1554119504045882.0
1554119504045891.0
1554119504045901.0
1554119504045910.0
1554119504045921.0
1554119504045930.0
1554119504045940.0
1554119504045951.0
1554119504045960.0
1554119504045969.0
1554119504045978.0
1554119504045987.0
1554119504045998.0
1554119504046007.0
1554119504046017.0
1554119504046027.0
1554119504046037.0
1554119504046879.0

1554119447532438.0
1554119447535380.0
1554119447535878.0
1554119447538649.0
1554119447539095.0
1554119447539627.0
1554119447542580.0
1554119447544019.0
1554119447544914.0
1554119447546855.0
1554119447551658.0
1554119447560035.0
1554119447560251.0
1554119447564080.0
1554119447567981.0
1554119447569140.0
1554119447572915.0
1554119447579760.0
1554119447588673.0

1554119447534436.0
1554119447537248.8
1554119447537620.2
1554119447538892.8
1554119447539894.0
1554119447541769.2
1554119447542931.0
1554119447545213.8
1554119447547247.8
1554119447550230.0
1554119447552162.2
1554119447560707.5
1554119447564593.2
1554119447569584.2
1554119447570613.5
1554119447573512.2
1554119447575983.5
1554119447582799.5
1554119447584908.8
1554119447585606.5
1554119447589027.8
1554119447606104.5
1554119447626438.2
1554119447628695.2
1554119447632496.5

25
8
6
