1554125478215027.0
1554125478215045.0
1554125478215055.0
1554125478215065.0
1554125478215152.0
1554125478215169.0
1554125478215198.0
1554125478215354.0
1554125478215367.0
1554125478215378.0
1554125478215388.0
1554125478215398.0
1554125478215407.0
1554125478215417.0
1554125478215426.0
1554125478215436.0
1554125478215446.0
1554125478215456.0
1554125478215465.0
1554125478215474.0
1554125478331831.0
1554125478331851.0
1554125478331861.0
1554125478332050.0
1554125478332063.0

1554125427080961.0
1554125427080974.0
1554125427084220.0
1554125427084294.0
1554125427084800.0
1554125427086795.0
1554125427089811.0
1554125427089893.0
1554125427090912.0
1554125427091926.0
1554125427094160.0
1554125427097521.0
1554125427105504.0
1554125427107560.0
1554125427111596.0
1554125427122150.0
1554125427124556.0
1554125427126974.0
1554125427129554.0
1554125427132788.0
1554125427197018.0
1554125427199014.0

1554125427083450.5
1554125427085449.2
1554125427086433.2
1554125427087080.2
1554125427089288.8
1554125427092069.0
1554125427094296.2
1554125427094489.0
1554125427098078.5
1554125427105945.2
1554125427108139.5
1554125427109294.5
1554125427112096.8
1554125427115596.2
1554125427119676.2
1554125427122828.2
1554125427125170.2
1554125427127685.0
1554125427130248.8
1554125427133338.5
1554125427197562.5
1554125427197689.8
1554125427199635.0
1554125427199645.2
1554125427200736.2

25
12
7
