1554122993016428.0
1554122993016442.0
1554122993016451.0
1554122993016459.0
1554122993016467.0
1554122993016474.0
1554122993016482.0
1554122993016490.0
1554122993016498.0
1554122993016529.0
1554122993016540.0
1554122993016547.0
1554122993016556.0
1554122993016564.0
1554122993016573.0
1554122993016582.0
1554122993016592.0
1554122993016600.0
1554122993016608.0
1554122993016617.0
1554122993016626.0
1554122993016635.0
1554122993016643.0
1554122993016653.0
1554122993016662.0

1554122939901240.0
1554122939903079.0
1554122939903888.0
1554122939904029.0
1554122939907083.0
1554122939907254.0
1554122939910186.0
1554122939910865.0
1554122939916334.0
1554122939919172.0
1554122939924492.0
1554122939924991.0
1554122939931185.0
1554122939932720.0
1554122939938014.0
1554122939940018.0
1554122939942459.0
1554122939945043.0
1554122939946001.0
1554122939950876.0
1554122939953483.0
1554122939956808.0
1554122939957468.0

1554122939903629.5
1554122939905163.8
1554122939905696.8
1554122939908952.5
1554122939909001.5
1554122939910486.2
1554122939911159.5
1554122939916793.0
1554122939917702.8
1554122939919372.8
1554122939925283.0
1554122939926228.0
1554122939931535.5
1554122939932976.2
1554122939938313.5
1554122939940336.8
1554122939941532.0
1554122939943808.8
1554122939946343.2
1554122939947091.2
1554122939952583.2
1554122939956143.2
1554122939957921.0
1554122939959660.5
1554122939961386.5

25
11
9
