Time-differences (millis):

0.018
0.007
0.008
0.007
0.011
0.011
0.011
0.012
0.011
0.011
0.011
0.01
0.01
0.01
0.011
96.35
0.034
1.098
0.013
0.007
0.007
0.007
0.007
0.014

0.052
1.639
1.227
2.107
0.035
0.011
0.927
10.396
0.886
0.29
1.203
2.364
2.301
3.47
7.189
64.119
0.09
1.078
4.122

1.46825
2.07325
1.56025
0.601
0.52575
0.74575
7.967
0.4525
0.364
0.02125
1.526
4.551
0.49625
2.7975
7.90725
63.54675
0.087
0.89725
0.75925
3.6465
1.0045
1.70375
0.77225
0.503

test:	CR_f_4
Requests:	25
Success:	9
Used:   	5

Local times (milisec):
min:	0.007
max:	96.35
mean:	4.070666666666666
stdev:	19.65666580968459

Web server times (milisec):
min:	0.011
max:	64.119
mean:	5.447684210526316
stdev:	14.45305185785507

App server times (milisec):
min:	0.02125
max:	63.54675
mean:	4.41571875
stdev:	12.781102085422944
diff:	16.83525