Time-differences (millis):

0.014
0.009
0.008
0.008
0.007
0.008
0.008
0.008
0.031
0.011
0.007
0.009
0.008
0.009
0.009
0.01
0.008
0.008
0.009
0.009
0.009
0.008
0.01
0.009

1.839
0.809
0.141
3.054
0.171
2.932
0.679
5.469
2.838
5.32
0.499
6.194
1.535
5.294
2.004
2.441
2.584
0.958
4.875
2.607
3.325
0.66

1.53425
0.533
3.25575
0.049
1.48475
0.67325
5.6335
0.90975
1.67
5.91025
0.945
5.3075
1.44075
5.33725
2.02325
1.19525
2.27675
2.5345
0.748
5.492
3.56
1.77775
1.7395
1.726

test:	CR_f_10
Requests:	25
Success:	11
Used:   	9

Local times (milisec):
min:	0.007
max:	0.031
mean:	0.00975
stdev:	0.004747997289475802

Web server times (milisec):
min:	0.141
max:	6.194
mean:	2.5558181818181818
stdev:	1.8727123094430158

App server times (milisec):
min:	0.049
max:	5.91025
mean:	2.4065416666666666
stdev:	1.8237787719616574
diff:	3.51675