Time-differences (millis):

0.016
0.009
0.007
0.008
0.008
0.008
0.008
0.009
0.009
0.008
0.008
0.008
0.008
0.008
0.009
0.027
0.011
0.011
0.009
0.009
0.008
0.009
0.01
0.009

0.983
1.825
0.858
2.325
0.142
0.517
0.172
5.816
3.499
2.935
1.597
0.443
2.461
3.337
0.106
0.696
0.775
2.346
5.355
0.739
4.509
8.005
0.984
2.633

0.69575
1.66
0.99675
0.84225
0.13825
1.84
5.18275
2.22075
0.61825
5.11
0.27925
0.52975
1.63775
3.35125
0.42775
0.5985
2.81475
4.428
1.6225
0.04775
4.461
8.46525
0.52475
2.67225

Test:	CR_f_11
Requests:	25
Success:	10
Used:   	6

Local times (milisec):
min:	0.007
max:	0.027
mean:	0.00975
stdev:	0.004078043008920908

Web server times (milisec):
min:	0.106
max:	8.005
mean:	2.21075
stdev:	2.0452892481738747

App server times (milisec):
min:	0.04775
max:	8.46525
mean:	2.1318854166666665
stdev:	2.1008355092303863
diff:	1.47575