1554122843014570.0
1554122843014582.0
1554122843014588.0
1554122843014595.0
1554122843014601.0
1554122843014608.0
1554122843014614.0
1554122843014620.0
1554122843014626.0
1554122843014632.0
1554122843014638.0
1554122843014644.0
1554122843014652.0
1554122843014660.0
1554122843014668.0
1554122843014677.0
1554122843014684.0
1554122843014691.0
1554122843014697.0
1554122843014703.0
1554122843123339.0
1554122843123353.0
1554122843123360.0
1554122843123367.0
1554122843123374.0

1554122789757468.0
1554122789759559.0
1554122789759684.0
1554122789759809.0
1554122789759853.0
1554122789762630.0
1554122789762671.0
1554122789767359.0
1554122789769168.0
1554122789771147.0
1554122789772262.0
1554122789773555.0
1554122789776180.0
1554122789778882.0
1554122789781273.0
1554122789783133.0
1554122789795642.0
1554122789797370.0
1554122789799898.0
1554122789800278.0
1554122789867834.0
1554122789867915.0

1554122789761672.2
1554122789761777.2
1554122789763302.0
1554122789764774.8
1554122789768693.5
1554122789769440.5
1554122789770027.5
1554122789770107.0
1554122789771373.5
1554122789772513.5
1554122789774013.2
1554122789776544.8
1554122789779480.8
1554122789781528.0
1554122789783251.8
1554122789784145.0
1554122789796169.0
1554122789797817.0
1554122789800533.8
1554122789801104.8
1554122789868359.8
1554122789868421.0
1554122789869837.8
1554122789870612.5
1554122789872093.0

25
10
8
