Time-differences (millis):

0.022
0.006
0.006
0.009
0.01
0.009
0.009
0.009
0.009
0.008
0.009
0.013
0.057
0.019
0.021
0.028
104.53
0.028
0.571
1.498
0.019
0.011
0.011
0.019

1.538
0.048
2.041
0.563
1.778
0.644
1.89
0.877
1.584
4.887
3.772
3.29
0.5
1.121
1.947
1.915
72.181
3.082
0.037
0.021
1.785

1.564
0.09325
2.28925
0.05375
2.39125
2.78375
1.89925
2.84625
1.2165
2.74425
4.2115
0.62525
1.92525
2.162
2.8045
5.33325
63.8545
0.089
2.8455
0.02
0.8075
0.232
1.0315
1.673

test:	CR_f_5
Requests:	25
Success:	12
Used:   	5

Local times (milisec):
min:	0.006
max:	104.53
mean:	4.4554583333333335
stdev:	21.31816156519899

Web server times (milisec):
min:	0.021
max:	72.181
mean:	5.023857142857143
stdev:	15.440106538770108

App server times (milisec):
min:	0.02
max:	63.8545
mean:	4.395677083333333
stdev:	12.736537220403928
diff:	11.55225