Time-differences (millis):

0.017
0.009
0.009
0.009
0.009
0.008
0.009
0.01
0.01
0.009
0.01
0.009
0.01
0.01
0.011
0.024
0.013
0.009
0.031
0.027
0.037
0.012
0.01
0.011

1.306
2.173
0.153
0.719
3.058
0.071
2.65
1.909
6.322
0.381
0.333
3.818
0.771
1.88
0.541
1.384
0.773
3.137
0.529
0.617
2.457
1.67
1.647

3.39025
0.68
0.95725
2.9535
0.114
0.918
0.95375
0.68025
6.1775
0.027
2.46
1.64375
0.676
2.42975
1.79825
0.61625
1.47875
1.92525
0.6145
2.92675
0.12325
1.061
1.48275
3.034

test:	CR_f_6
Requests:	25
Success:	12
Used:   	7

Local times (milisec):
min:	0.008
max:	0.037
mean:	0.013458333333333333
stdev:	0.007923433416231203

Web server times (milisec):
min:	0.071
max:	6.322
mean:	1.6651739130434782
stdev:	1.461500587882005

App server times (milisec):
min:	0.027
max:	6.1775
mean:	1.6300729166666668
stdev:	1.3882071082623997
diff:	2.78725