Time-differences (millis):

0.015
0.007
0.007
0.007
0.009
0.01
0.009
0.009
0.01
0.009
0.011
0.009
0.01
0.011
0.009
0.009
0.009
0.009
0.011
0.009
0.01
0.01
0.01
0.842

2.942
0.498
2.771
0.446
0.532
2.953
1.439
0.895
1.941
4.803
8.377
0.216
3.829
3.901
1.159
3.775
6.845
8.913

2.81275
0.3715
1.2725
1.00125
1.87525
1.16175
2.28275
2.034
2.98225
1.93225
8.54525
3.88575
4.991
1.02925
2.89875
2.47125
6.816
2.10925
0.69775
3.42125
17.07675
20.33375
2.257
3.80125

test:	CR_f_2
Requests:	25
Success:	8
Used:   	6

Local times (milisec):
min:	0.007
max:	0.842
mean:	0.04420833333333333
stdev:	0.16993655572305358

Web server times (milisec):
min:	0.216
max:	8.913
mean:	3.1241666666666665
stdev:	2.6766287894421574

App server times (milisec):
min:	0.3715
max:	20.33375
mean:	4.085854166666667
stdev:	4.904171729538839
diff:	15.384