Time-differences (millis):

0.016
0.008
0.007
0.006
0.01
0.01
0.01
0.01
0.01
0.01
0.01
0.011
0.011
0.011
0.01
0.01
0.011
0.01
0.009
0.011
0.011
0.044
0.016
0.011

0.462
2.414
0.282
5.113
0.124
1.464
0.111
0.587
2.628
4.378
0.455
1.229
0.94
1.134
0.606
1.045
4.588
1.942
3.055
2.299
9.478
10.185

0.00225
2.16725
3.95925
2.35375
1.1165
1.426
0.96825
1.67025
0.91825
0.86525
0.35925
1.33025
2.5055
1.45675
6.19425
0.4785
2.495
2.178
0.1565
0.64925
8.758
20.07475
1.64725
13.7

test:	CR_f_1
Requests:	25
Success:	11
Used:   	6

Local times (milisec):
min:	0.006
max:	0.044
mean:	0.011791666666666667
stdev:	0.007186818650755046

Web server times (milisec):
min:	0.111
max:	10.185
mean:	2.478136363636364
stdev:	2.7953956410575036

App server times (milisec):
min:	0.00225
max:	20.07475
mean:	3.226260416666667
stdev:	4.732468982005867
diff:	7.70475