1554125642016520.0
1554125642016532.0
1554125642016538.0
1554125642016543.0
1554125642016550.0
1554125642016556.0
1554125642016565.0
1554125642016573.0
1554125642016582.0
1554125642016591.0
1554125642016600.0
1554125642016610.0
1554125642016619.0
1554125642016627.0
1554125642016635.0
1554125642016646.0
1554125642016672.0
1554125642016685.0
1554125642016707.0
1554125642016732.0
1554125642016756.0
1554125642016767.0
1554125642016778.0
1554125642016802.0
1554125642016830.0

1554125591034027.0
1554125591034543.0
1554125591037087.0
1554125591037616.0
1554125591037723.0
1554125591040222.0
1554125591040956.0
1554125591042218.0
1554125591042391.0
1554125591046096.0
1554125591049493.0
1554125591053112.0
1554125591053696.0
1554125591054635.0
1554125591056462.0
1554125591059115.0
1554125591060030.0
1554125591061346.0
1554125591062588.0
1554125591062761.0
1554125591067314.0
1554125591068759.0
1554125591070278.0

1554125591036253.2
1554125591036332.8
1554125591039264.8
1554125591039569.2
1554125591040547.8
1554125591042700.5
1554125591043008.5
1554125591044163.8
1554125591046365.8
1554125591047236.2
1554125591049789.5
1554125591053428.2
1554125591054442.2
1554125591054858.8
1554125591056753.0
1554125591060220.8
1554125591060610.8
1554125591061675.5
1554125591062934.5
1554125591064098.5
1554125591067867.2
1554125591069048.5
1554125591069474.0
1554125591070489.5
1554125591071371.0

25
15
7
