1554125575020750.0
1554125575020766.0
1554125575020776.0
1554125575020786.0
1554125575020796.0
1554125575020804.0
1554125575020811.0
1554125575020817.0
1554125575020824.0
1554125575020831.0
1554125575020840.0
1554125575020850.0
1554125575020859.0
1554125575020869.0
1554125575020879.0
1554125575020889.0
1554125575020898.0
1554125575020907.0
1554125575020916.0
1554125575020927.0
1554125575020937.0
1554125575020946.0
1554125575020957.0
1554125575020967.0
1554125575020978.0

1554125523973021.0
1554125523974107.0
1554125523976070.0
1554125523976428.0
1554125523976532.0
1554125523977739.0
1554125523979028.0
1554125523979101.0
1554125523982384.0
1554125523982939.0
1554125523983852.0
1554125523985446.0
1554125523988381.0
1554125523989230.0
1554125523993666.0
1554125523994068.0
1554125523994824.0
1554125523997903.0
1554125523998474.0
1554125523998563.0
1554125523999781.0
1554125524003308.0
1554125524003893.0
1554125524004974.0

1554125523975070.0
1554125523976340.0
1554125523976837.8
1554125523977988.5
1554125523978386.8
1554125523981058.0
1554125523982822.2
1554125523984231.5
1554125523984978.8
1554125523985875.8
1554125523987966.8
1554125523988710.8
1554125523989787.8
1554125523994564.5
1554125523995190.5
1554125523995707.2
1554125523998846.0
1554125523998918.2
1554125524000076.0
1554125524001171.0
1554125524001994.2
1554125524003689.8
1554125524004064.5
1554125524005261.5
1554125524006829.0

25
13
5
