1554125439052249.0
1554125439052265.0
1554125439052274.0
1554125439052281.0
1554125439052289.0
1554125439052297.0
1554125439052305.0
1554125439052313.0
1554125439052322.0
1554125439052331.0
1554125439052339.0
1554125439052347.0
1554125439052355.0
1554125439052363.0
1554125439052371.0
1554125439052380.0
1554125439052407.0
1554125439052418.0
1554125439052429.0
1554125439052438.0
1554125439052447.0
1554125439052455.0
1554125439052464.0
1554125439052474.0
1554125439052483.0

1554125387881215.0
1554125387882198.0
1554125387884023.0
1554125387884881.0
1554125387887206.0
1554125387887348.0
1554125387887865.0
1554125387888037.0
1554125387893853.0
1554125387897352.0
1554125387900287.0
1554125387901884.0
1554125387902327.0
1554125387904788.0
1554125387908125.0
1554125387908231.0
1554125387908927.0
1554125387909702.0
1554125387912048.0
1554125387917403.0
1554125387918142.0
1554125387922651.0
1554125387930656.0
1554125387931640.0
1554125387934273.0

1554125387883389.0
1554125387884084.8
1554125387885744.8
1554125387886741.5
1554125387887583.8
1554125387887722.0
1554125387889562.0
1554125387894744.8
1554125387896965.5
1554125387897583.8
1554125387902693.8
1554125387902973.0
1554125387903502.8
1554125387905140.5
1554125387908491.8
1554125387908919.5
1554125387909518.0
1554125387912332.8
1554125387916760.8
1554125387918383.2
1554125387918431.0
1554125387922892.0
1554125387931357.2
1554125387931882.0
1554125387934554.2

25
10
6
