Time-differences (millis):

0.012
0.006
0.007
0.006
0.007
0.006
0.006
0.006
0.006
0.006
0.006
0.008
0.008
0.008
0.009
0.007
0.007
0.006
0.006
108.636
0.014
0.007
0.007
0.007

2.091
0.125
0.125
0.044
2.777
0.041
4.688
1.809
1.979
1.115
1.293
2.625
2.702
2.391
1.86
12.509
1.728
2.528
0.38
67.556
0.081

0.105
1.52475
1.47275
3.91875
0.747
0.587
0.0795
1.2665
1.14
1.49975
2.5315
2.936
2.04725
1.72375
0.89325
12.024
1.648
2.71675
0.571
67.255
0.06125
1.41675
0.77475
1.4805

test:	CR_f_8
Requests:	25
Success:	10
Used:   	8

Local times (milisec):
min:	0.006
max:	108.636
mean:	4.5335
stdev:	22.17373973478734

Web server times (milisec):
min:	0.041
max:	67.556
mean:	5.259380952380952
stdev:	14.519816157500722

App server times (milisec):
min:	0.06125
max:	67.255
mean:	4.600864583333333
stdev:	13.55170242994904
diff:	13.01425