1554122776024387.0
1554122776024409.0
1554122776024419.0
1554122776024430.0
1554122776024439.0
1554122776024449.0
1554122776024458.0
1554122776024467.0
1554122776024477.0
1554122776024486.0
1554122776024497.0
1554122776024506.0
1554122776024517.0
1554122776024526.0
1554122776024536.0
1554122776024546.0
1554122776024556.0
1554122776024581.0
1554122776024595.0
1554122776024630.0
1554122776024643.0
1554122776024654.0
1554122776024664.0
1554122776024674.0
1554122776025959.0

1554122722700364.0
1554122722702294.0
1554122722704342.0
1554122722704431.0
1554122722708629.0
1554122722708936.0
1554122722709127.0
1554122722711514.0
1554122722711575.0
1554122722722230.0
1554122722724426.0
1554122722725826.0
1554122722727127.0
1554122722729319.0
1554122722731088.0
1554122722732642.0
1554122722733114.0
1554122722733607.0
1554122722734420.0
1554122722737632.0
1554122722738649.0
1554122722740401.0
1554122722741934.0
1554122722744516.0
1554122722744746.0

1554122722702822.5
1554122722710535.2
1554122722711356.5
1554122722712006.2
1554122722715808.0
1554122722716360.8
1554122722716991.5
1554122722718047.5
1554122722720129.8
1554122722722503.0
1554122722724858.2
1554122722726014.8
1554122722729751.0
1554122722733384.0
1554122722734690.0
1554122722734996.8
1554122722735307.8
1554122722738038.0
1554122722738963.5
1554122722740756.8
1554122722742290.5
1554122722745264.5
1554122722748384.8
1554122722753069.5
1554122722758399.8

25
14
6
