1554119625015572.0
1554119625015585.0
1554119625015591.0
1554119625015598.0
1554119625015604.0
1554119625015610.0
1554119625015616.0
1554119625015622.0
1554119625015628.0
1554119625015634.0
1554119625015640.0
1554119625015647.0
1554119625015652.0
1554119625015659.0
1554119625015664.0
1554119625015671.0
1554119625015677.0
1554119625015683.0
1554119625015689.0
1554119625015694.0
1554119625015700.0
1554119625119926.0
1554119625119940.0
1554119625119948.0
1554119625119954.0

1554119568624787.0
1554119568627825.0
1554119568627953.0
1554119568628128.0
1554119568628167.0
1554119568628199.0
1554119568631207.0
1554119568635458.0
1554119568635507.0
1554119568638114.0
1554119568640443.0
1554119568642315.0
1554119568642793.0
1554119568643933.0
1554119568644436.0
1554119568647649.0
1554119568649148.0
1554119568650201.0
1554119568651395.0
1554119568651885.0
1554119568652780.0
1554119568731673.0
1554119568732761.0
1554119568733467.0

1554119568627091.0
1554119568629729.5
1554119568629807.0
1554119568633262.0
1554119568633404.8
1554119568637519.0
1554119568638755.0
1554119568640800.0
1554119568641526.8
1554119568643046.5
1554119568644919.5
1554119568645533.5
1554119568646170.0
1554119568648408.5
1554119568649220.8
1554119568649957.5
1554119568650712.8
1554119568652608.8
1554119568653225.5
1554119568656858.2
1554119568658510.0
1554119568732245.2
1554119568733238.2
1554119568734342.5
1554119568735001.5

25
15
9
