1554122924016119.0
1554122924016132.0
1554122924016140.0
1554122924016147.0
1554122924016163.0
1554122924016170.0
1554122924016176.0
1554122924016182.0
1554122924016189.0
1554122924016194.0
1554122924016200.0
1554122924016206.0
1554122924016213.0
1554122924016219.0
1554122924016225.0
1554122924016232.0
1554122924016238.0
1554122924016244.0
1554122924016250.0
1554122924016255.0
1554122924016261.0
1554122924016268.0
1554122924016273.0
1554122924016279.0
1554122924016286.0

1554122870838149.0
1554122870838648.0
1554122870838717.0
1554122870841290.0
1554122870842388.0
1554122870842925.0
1554122870843705.0
1554122870846133.0
1554122870850829.0
1554122870851484.0
1554122870852651.0
1554122870855696.0
1554122870855746.0
1554122870856883.0
1554122870858562.0
1554122870861939.0
1554122870867403.0
1554122870867577.0
1554122870867984.0
1554122870868976.0
1554122870869986.0
1554122870872825.0
1554122870874643.0
1554122870874875.0

1554122870840398.8
1554122870840609.0
1554122870842281.0
1554122870845319.8
1554122870845358.8
1554122870847113.8
1554122870848217.0
1554122870851200.0
1554122870855929.5
1554122870856194.2
1554122870857357.5
1554122870858033.5
1554122870858172.2
1554122870858859.8
1554122870862391.2
1554122870864215.2
1554122870868431.0
1554122870869246.8
1554122870870183.8
1554122870870798.5
1554122870871370.2
1554122870873057.8
1554122870874883.0
1554122870875193.0
1554122870886514.0

25
12
7
