1554122670026822.0
1554122670026839.0
1554122670026848.0
1554122670026857.0
1554122670026866.0
1554122670026875.0
1554122670026883.0
1554122670026892.0
1554122670026902.0
1554122670026912.0
1554122670026921.0
1554122670026931.0
1554122670026940.0
1554122670026950.0
1554122670026960.0
1554122670026971.0
1554122670026995.0
1554122670027008.0
1554122670027017.0
1554122670027048.0
1554122670027075.0
1554122670027112.0
1554122670027124.0
1554122670027134.0
1554122670027145.0

1554122616598664.0
1554122616599970.0
1554122616602143.0
1554122616602296.0
1554122616603015.0
1554122616606073.0
1554122616606144.0
1554122616608794.0
1554122616610703.0
1554122616617025.0
1554122616617406.0
1554122616617739.0
1554122616621557.0
1554122616622328.0
1554122616624208.0
1554122616624749.0
1554122616626133.0
1554122616626906.0
1554122616630043.0
1554122616630572.0
1554122616631189.0
1554122616633646.0
1554122616635316.0
1554122616636963.0

1554122616601042.5
1554122616604432.8
1554122616605112.8
1554122616606070.0
1554122616609023.5
1554122616609137.5
1554122616610055.5
1554122616611009.2
1554122616611689.5
1554122616617867.0
1554122616617894.0
1554122616620354.0
1554122616621997.8
1554122616622673.8
1554122616625103.5
1554122616626901.8
1554122616627518.0
1554122616628996.8
1554122616630922.0
1554122616631536.5
1554122616634463.2
1554122616634586.5
1554122616635647.5
1554122616637130.2
1554122616640164.2

25
12
7
