Time-differences (millis):

0.022
0.01
0.01
0.01
0.009
0.01
0.01
0.01
0.009
0.009
0.009
1.645
0.009
0.01
0.008
0.025
0.009
0.009
0.028
0.01
0.033
105.667
0.028
0.015

0.175
0.038
0.02
3.029
2.858
2.169
0.609
4.056
1.504
0.822
1.158
0.679
1.416
3.051
0.48
1.353
0.94
1.958
0.931
4.028
1.62
71.314

0.0
1.14975
2.065
0.177
1.66375
1.59325
2.044
2.86875
1.11325
2.97725
0.013
1.442
1.07675
1.69375
0.75425
1.113
0.84975
2.49075
0.50375
5.086
0.53125
71.39775
0.01125
1.88275

Test:	CR_f_13
Requests:	25
Success:	13
Used:   	6

Local times (milisec):
min:	0.008
max:	105.667
mean:	4.4839166666666666
stdev:	21.554475100598456

Web server times (milisec):
min:	0.02
max:	71.314
mean:	4.736727272727272
stdev:	14.918080197506

App server times (milisec):
min:	0.0
max:	71.39775
mean:	4.3540833333333335
stdev:	14.326731241213784
diff:	8.06625