1554118869031199.0
1554118869031215.0
1554118869031223.0
1554118869031230.0
1554118869031236.0
1554118869031246.0
1554118869031256.0
1554118869031266.0
1554118869031276.0
1554118869031286.0
1554118869031296.0
1554118869031306.0
1554118869031317.0
1554118869031328.0
1554118869031339.0
1554118869031349.0
1554118869031359.0
1554118869031370.0
1554118869031380.0
1554118869031389.0
1554118869031400.0
1554118869031411.0
1554118869031455.0
1554118869031471.0
1554118869031482.0

1554118811896385.0
1554118811896847.0
1554118811899261.0
1554118811899543.0
1554118811904656.0
1554118811904780.0
1554118811906244.0
1554118811906355.0
1554118811906942.0
1554118811909570.0
1554118811913948.0
1554118811914403.0
1554118811915632.0
1554118811916572.0
1554118811917706.0
1554118811918312.0
1554118811919357.0
1554118811923945.0
1554118811925887.0
1554118811928942.0
1554118811931241.0
1554118811940719.0
1554118811950904.0

1554118811899015.5
1554118811899017.8
1554118811901185.0
1554118811905144.2
1554118811907498.0
1554118811908614.5
1554118811910040.5
1554118811911008.8
1554118811912679.0
1554118811913597.2
1554118811914462.5
1554118811914821.8
1554118811916152.0
1554118811918657.5
1554118811920114.2
1554118811926308.5
1554118811926787.0
1554118811929282.0
1554118811931460.0
1554118811931616.5
1554118811932265.8
1554118811941023.8
1554118811961098.5
1554118811962745.8
1554118811976445.8

25
11
6
