Time-differences (millis):

0.016
0.01
0.01
0.01
0.008
0.007
0.006
0.007
0.007
0.009
0.01
0.009
0.01
0.01
0.01
0.009
0.009
0.009
0.011
0.01
0.009
0.011
0.01
0.011

1.086
1.963
0.358
0.104
1.207
1.289
0.073
3.283
0.555
0.913
1.594
2.935
0.849
4.436
0.402
0.756
3.079
0.571
0.089
1.218
3.527
0.585
1.081

1.27
0.49775
1.15075
0.39825
2.67125
1.76425
1.40925
0.74725
0.897
2.091
0.744
1.077
4.77675
0.626
0.51675
3.13875
0.07225
1.15775
1.095
0.82325
1.6955
0.37475
1.197
1.5675

Test:	CR_f_14
Requests:	25
Success:	13
Used:   	5

Local times (milisec):
min:	0.006
max:	0.016
mean:	0.0095
stdev:	0.001933683126777138

Web server times (milisec):
min:	0.073
max:	4.436
mean:	1.3892608695652173
stdev:	1.2313963698837374

App server times (milisec):
min:	0.07225
max:	4.77675
mean:	1.3232916666666668
stdev:	1.0311524543237875
diff:	2.9835