1554125524015052.0
1554125524015074.0
1554125524015084.0
1554125524015094.0
1554125524015104.0
1554125524015113.0
1554125524015123.0
1554125524015133.0
1554125524015143.0
1554125524015152.0
1554125524015161.0
1554125524015170.0
1554125524016815.0
1554125524016824.0
1554125524016834.0
1554125524016842.0
1554125524016867.0
1554125524016876.0
1554125524016885.0
1554125524016913.0
1554125524016923.0
1554125524016956.0
1554125524122623.0
1554125524122651.0
1554125524122666.0

1554125472927554.0
1554125472927729.0
1554125472927767.0
1554125472927787.0
1554125472930816.0
1554125472933674.0
1554125472935843.0
1554125472936452.0
1554125472940508.0
1554125472942012.0
1554125472942834.0
1554125472943992.0
1554125472944671.0
1554125472946087.0
1554125472949138.0
1554125472949618.0
1554125472950971.0
1554125472951911.0
1554125472953869.0
1554125472954800.0
1554125472958828.0
1554125472960448.0
1554125473031762.0

1554125472929502.8
1554125472929502.8
1554125472930652.5
1554125472932717.5
1554125472932894.5
1554125472934558.2
1554125472936151.5
1554125472938195.5
1554125472941064.2
1554125472942177.5
1554125472945154.8
1554125472945167.8
1554125472946609.8
1554125472947686.5
1554125472949380.2
1554125472950134.5
1554125472951247.5
1554125472952097.2
1554125472954588.0
1554125472955091.8
1554125472960177.8
1554125472960709.0
1554125473032106.8
1554125473032118.0
1554125473034000.8

25
13
6
