1554119692022524.0
1554119692022542.0
1554119692022549.0
1554119692022557.0
1554119692022564.0
1554119692022575.0
1554119692022586.0
1554119692022597.0
1554119692022609.0
1554119692022620.0
1554119692022631.0
1554119692022642.0
1554119692022652.0
1554119692022662.0
1554119692022672.0
1554119692022683.0
1554119692119033.0
1554119692119067.0
1554119692120165.0
1554119692120178.0
1554119692120185.0
1554119692120192.0
1554119692120199.0
1554119692120206.0
1554119692120220.0

1554119635693986.0
1554119635694038.0
1554119635695677.0
1554119635696904.0
1554119635699011.0
1554119635699046.0
1554119635699057.0
1554119635699984.0
1554119635710380.0
1554119635711266.0
1554119635711556.0
1554119635712759.0
1554119635715123.0
1554119635717424.0
1554119635720894.0
1554119635728083.0
1554119635792202.0
1554119635792292.0
1554119635793370.0
1554119635797492.0

1554119635696023.2
1554119635697491.5
1554119635699564.8
1554119635701125.0
1554119635701726.0
1554119635702251.8
1554119635702997.5
1554119635710964.5
1554119635711417.0
1554119635711781.0
1554119635711802.2
1554119635713328.2
1554119635717879.2
1554119635718375.5
1554119635721173.0
1554119635729080.2
1554119635792627.0
1554119635792714.0
1554119635793611.2
1554119635794370.5
1554119635798017.0
1554119635799021.5
1554119635800725.2
1554119635801497.5
1554119635802000.5

25
9
5
