Time-differences (millis):

0.013
0.006
0.007
0.006
0.006
0.006
0.006
0.006
0.006
0.006
0.007
0.005
0.007
0.005
0.007
0.006
0.006
0.006
0.005
0.006
104.226
0.014
0.008
0.006

3.038
0.128
0.175
0.039
0.032
3.008
4.251
0.049
2.607
2.329
1.872
0.478
1.14
0.503
3.213
1.499
1.053
1.194
0.49
0.895
78.893
1.088
0.706

2.6385
0.0775
3.455
0.14275
4.11425
1.236
2.045
0.72675
1.51975
1.873
0.614
0.6365
2.2385
0.81225
0.73675
0.75525
1.896
0.61675
3.63275
1.65175
73.73525
0.993
1.10425
0.659

test:	CR_f_3
Requests:	25
Success:	15
Used:   	9

Local times (milisec):
min:	0.005
max:	104.226
mean:	4.34925
stdev:	21.273658779058813

Web server times (milisec):
min:	0.032
max:	78.893
mean:	4.725217391304348
stdev:	16.212093653578833

App server times (milisec):
min:	0.0775
max:	73.73525
mean:	4.496270833333333
stdev:	14.787929959921607
diff:	6.993