Time-differences (millis):

0.022
0.01
0.011
0.009
0.01
0.009
0.009
0.01
0.009
0.011
0.009
0.011
0.009
0.01
0.01
0.01
0.025
0.014
0.035
0.013
0.011
0.01
0.01
1.285

1.93
2.048
0.089
4.198
0.307
0.191
2.387
0.061
10.655
2.196
1.4
1.301
2.192
1.769
1.554
0.472
0.493
0.813
3.212
1.017
1.752
1.533
2.582
0.23

7.71275
0.82125
0.64975
3.80175
0.55275
0.63075
1.056
2.08225
2.37325
2.35525
1.1565
3.73625
3.633
1.306
0.30675
0.311
2.73025
0.9255
1.79325
1.53375
2.974
3.12025
4.68475
5.33025

test:	CR_f_7
Requests:	25
Success:	14
Used:   	6

Local times (milisec):
min:	0.009
max:	1.285
mean:	0.0655
stdev:	0.259826698096016

Web server times (milisec):
min:	0.061
max:	10.655
mean:	1.84925
stdev:	2.1496164521384618

App server times (milisec):
min:	0.30675
max:	7.71275
mean:	2.31571875
stdev:	1.8282706388476193
diff:	5.11375