Time-differences (millis):

0.013
0.008
0.007
0.016
0.007
0.006
0.006
0.007
0.005
0.006
0.006
0.007
0.006
0.006
0.007
0.006
0.006
0.006
0.005
0.006
0.007
0.005
0.006
0.007

0.499
0.069
2.573
1.098
0.537
0.78
2.428
4.696
0.655
1.167
3.045
0.05
1.137
1.679
3.377
5.464
0.174
0.407
0.992
1.01
2.839
1.818
0.232

0.21025
1.672
3.03875
0.039
1.755
1.10325
2.983
4.7295
0.26475
1.16325
0.676
0.13875
0.6875
3.5315
1.824
4.21575
0.81575
0.937
0.61475
0.57175
1.6875
1.82525
0.31
11.321

test:	CR_f_9
Requests:	25
Success:	12
Used:   	7

Local times (milisec):
min:	0.005
max:	0.016
mean:	0.006958333333333334
stdev:	0.0024756056205312263

Web server times (milisec):
min:	0.05
max:	5.464
mean:	1.5967826086956523
stdev:	1.482262673216548

App server times (milisec):
min:	0.039
max:	11.321
mean:	1.92146875
stdev:	2.39257597593293
diff:	3.81925