\Success codes:
11
8
15
9
12
12
14
10
12
11
10
12
13
13
15

Vouchers used:
6
6
9
5
5
7
6
8
7
9
6
7
6
5
7

Ratio:
1.8333333333333333
1.3333333333333333
1.6666666666666667
1.8
2.4
1.7142857142857142
2.3333333333333335
1.25
1.7142857142857142
1.2222222222222223
1.6666666666666667
1.7142857142857142
2.1666666666666665
2.6
2.142857142857143

Local:
0.016
0.008
0.007
0.006
0.01
0.01
0.01
0.01
0.01
0.01
0.01
0.011
0.011
0.011
0.01
0.01
0.011
0.01
0.009
0.011
0.011
0.044
0.016
0.011
0.015
0.007
0.007
0.007
0.009
0.01
0.009
0.009
0.01
0.009
0.011
0.009
0.01
0.011
0.009
0.009
0.009
0.009
0.011
0.009
0.01
0.01
0.01
0.842
0.013
0.006
0.007
0.006
0.006
0.006
0.006
0.006
0.006
0.006
0.007
0.005
0.007
0.005
0.007
0.006
0.006
0.006
0.005
0.006
104.226
0.014
0.008
0.006
0.018
0.007
0.008
0.007
0.011
0.011
0.011
0.012
0.011
0.011
0.011
0.01
0.01
0.01
0.011
96.35
0.034
1.098
0.013
0.007
0.007
0.007
0.007
0.014
0.022
0.006
0.006
0.009
0.01
0.009
0.009
0.009
0.009
0.008
0.009
0.013
0.057
0.019
0.021
0.028
104.53
0.028
0.571
1.498
0.019
0.011
0.011
0.019
0.017
0.009
0.009
0.009
0.009
0.008
0.009
0.01
0.01
0.009
0.01
0.009
0.01
0.01
0.011
0.024
0.013
0.009
0.031
0.027
0.037
0.012
0.01
0.011
0.022
0.01
0.011
0.009
0.01
0.009
0.009
0.01
0.009
0.011
0.009
0.011
0.009
0.01
0.01
0.01
0.025
0.014
0.035
0.013
0.011
0.01
0.01
1.285
0.012
0.006
0.007
0.006
0.007
0.006
0.006
0.006
0.006
0.006
0.006
0.008
0.008
0.008
0.009
0.007
0.007
0.006
0.006
108.636
0.014
0.007
0.007
0.007
0.013
0.008
0.007
0.016
0.007
0.006
0.006
0.007
0.005
0.006
0.006
0.007
0.006
0.006
0.007
0.006
0.006
0.006
0.005
0.006
0.007
0.005
0.006
0.007
0.014
0.009
0.008
0.008
0.007
0.008
0.008
0.008
0.031
0.011
0.007
0.009
0.008
0.009
0.009
0.01
0.008
0.008
0.009
0.009
0.009
0.008
0.01
0.009
0.016
0.009
0.007
0.008
0.008
0.008
0.008
0.009
0.009
0.008
0.008
0.008
0.008
0.008
0.009
0.027
0.011
0.011
0.009
0.009
0.008
0.009
0.01
0.009
0.018
0.01
0.01
0.087
0.017
0.029
0.156
0.013
0.011
0.01
0.01
0.009
0.01
0.009
0.01
0.01
0.01
0.009
0.009
116.357
0.02
0.01
0.189
0.013
0.022
0.01
0.01
0.01
0.009
0.01
0.01
0.01
0.009
0.009
0.009
1.645
0.009
0.01
0.008
0.025
0.009
0.009
0.028
0.01
0.033
105.667
0.028
0.015
0.016
0.01
0.01
0.01
0.008
0.007
0.006
0.007
0.007
0.009
0.01
0.009
0.01
0.01
0.01
0.009
0.009
0.009
0.011
0.01
0.009
0.011
0.01
0.011
0.012
0.006
0.005
0.007
0.006
0.009
0.008
0.009
0.009
0.009
0.01
0.009
0.008
0.008
0.011
0.026
0.013
0.022
0.025
0.024
0.011
0.011
0.024
0.028

Web:
0.462
2.414
0.282
5.113
0.124
1.464
0.111
0.587
2.628
4.378
0.455
1.229
0.94
1.134
0.606
1.045
4.588
1.942
3.055
2.299
9.478
10.185
2.942
0.498
2.771
0.446
0.532
2.953
1.439
0.895
1.941
4.803
8.377
0.216
3.829
3.901
1.159
3.775
6.845
8.913
3.038
0.128
0.175
0.039
0.032
3.008
4.251
0.049
2.607
2.329
1.872
0.478
1.14
0.503
3.213
1.499
1.053
1.194
0.49
0.895
78.893
1.088
0.706
0.052
1.639
1.227
2.107
0.035
0.011
0.927
10.396
0.886
0.29
1.203
2.364
2.301
3.47
7.189
64.119
0.09
1.078
4.122
1.538
0.048
2.041
0.563
1.778
0.644
1.89
0.877
1.584
4.887
3.772
3.29
0.5
1.121
1.947
1.915
72.181
3.082
0.037
0.021
1.785
1.306
2.173
0.153
0.719
3.058
0.071
2.65
1.909
6.322
0.381
0.333
3.818
0.771
1.88
0.541
1.384
0.773
3.137
0.529
0.617
2.457
1.67
1.647
1.93
2.048
0.089
4.198
0.307
0.191
2.387
0.061
10.655
2.196
1.4
1.301
2.192
1.769
1.554
0.472
0.493
0.813
3.212
1.017
1.752
1.533
2.582
0.23
2.091
0.125
0.125
0.044
2.777
0.041
4.688
1.809
1.979
1.115
1.293
2.625
2.702
2.391
1.86
12.509
1.728
2.528
0.38
67.556
0.081
0.499
0.069
2.573
1.098
0.537
0.78
2.428
4.696
0.655
1.167
3.045
0.05
1.137
1.679
3.377
5.464
0.174
0.407
0.992
1.01
2.839
1.818
0.232
1.839
0.809
0.141
3.054
0.171
2.932
0.679
5.469
2.838
5.32
0.499
6.194
1.535
5.294
2.004
2.441
2.584
0.958
4.875
2.607
3.325
0.66
0.983
1.825
0.858
2.325
0.142
0.517
0.172
5.816
3.499
2.935
1.597
0.443
2.461
3.337
0.106
0.696
0.775
2.346
5.355
0.739
4.509
8.005
0.984
2.633
0.013
3.246
0.074
0.506
1.995
3.016
0.082
1.019
1.014
2.234
3.361
7.983
2.056
4.036
10.554
2.406
2.418
2.58
3.234
64.23
1.996
0.175
0.038
0.02
3.029
2.858
2.169
0.609
4.056
1.504
0.822
1.158
0.679
1.416
3.051
0.48
1.353
0.94
1.958
0.931
4.028
1.62
71.314
1.086
1.963
0.358
0.104
1.207
1.289
0.073
3.283
0.555
0.913
1.594
2.935
0.849
4.436
0.402
0.756
3.079
0.571
0.089
1.218
3.527
0.585
1.081
0.516
2.544
0.529
0.107
2.499
0.734
1.262
0.173
3.705
3.397
3.619
0.584
0.939
1.827
2.653
0.915
1.316
1.242
0.173
4.553
1.445
1.519

App:
0.00225
2.16725
3.95925
2.35375
1.1165
1.426
0.96825
1.67025
0.91825
0.86525
0.35925
1.33025
2.5055
1.45675
6.19425
0.4785
2.495
2.178
0.1565
0.64925
8.758
20.07475
1.64725
13.7
2.81275
0.3715
1.2725
1.00125
1.87525
1.16175
2.28275
2.034
2.98225
1.93225
8.54525
3.88575
4.991
1.02925
2.89875
2.47125
6.816
2.10925
0.69775
3.42125
17.07675
20.33375
2.257
3.80125
2.6385
0.0775
3.455
0.14275
4.11425
1.236
2.045
0.72675
1.51975
1.873
0.614
0.6365
2.2385
0.81225
0.73675
0.75525
1.896
0.61675
3.63275
1.65175
73.73525
0.993
1.10425
0.659
1.46825
2.07325
1.56025
0.601
0.52575
0.74575
7.967
0.4525
0.364
0.02125
1.526
4.551
0.49625
2.7975
7.90725
63.54675
0.087
0.89725
0.75925
3.6465
1.0045
1.70375
0.77225
0.503
1.564
0.09325
2.28925
0.05375
2.39125
2.78375
1.89925
2.84625
1.2165
2.74425
4.2115
0.62525
1.92525
2.162
2.8045
5.33325
63.8545
0.089
2.8455
0.02
0.8075
0.232
1.0315
1.673
3.39025
0.68
0.95725
2.9535
0.114
0.918
0.95375
0.68025
6.1775
0.027
2.46
1.64375
0.676
2.42975
1.79825
0.61625
1.47875
1.92525
0.6145
2.92675
0.12325
1.061
1.48275
3.034
7.71275
0.82125
0.64975
3.80175
0.55275
0.63075
1.056
2.08225
2.37325
2.35525
1.1565
3.73625
3.633
1.306
0.30675
0.311
2.73025
0.9255
1.79325
1.53375
2.974
3.12025
4.68475
5.33025
0.105
1.52475
1.47275
3.91875
0.747
0.587
0.0795
1.2665
1.14
1.49975
2.5315
2.936
2.04725
1.72375
0.89325
12.024
1.648
2.71675
0.571
67.255
0.06125
1.41675
0.77475
1.4805
0.21025
1.672
3.03875
0.039
1.755
1.10325
2.983
4.7295
0.26475
1.16325
0.676
0.13875
0.6875
3.5315
1.824
4.21575
0.81575
0.937
0.61475
0.57175
1.6875
1.82525
0.31
11.321
1.53425
0.533
3.25575
0.049
1.48475
0.67325
5.6335
0.90975
1.67
5.91025
0.945
5.3075
1.44075
5.33725
2.02325
1.19525
2.27675
2.5345
0.748
5.492
3.56
1.77775
1.7395
1.726
0.69575
1.66
0.99675
0.84225
0.13825
1.84
5.18275
2.22075
0.61825
5.11
0.27925
0.52975
1.63775
3.35125
0.42775
0.5985
2.81475
4.428
1.6225
0.04775
4.461
8.46525
0.52475
2.67225
1.99875
0.984
0.647
2.2085
2.78025
2.22725
0.19275
3.5895
7.86675
2.19425
1.155
2.80225
3.4995
4.08
3.152
2.342
2.51475
2.56375
3.08975
64.224
0.12725
1.94525
0.01025
1.091
0.0
1.14975
2.065
0.177
1.66375
1.59325
2.044
2.86875
1.11325
2.97725
0.013
1.442
1.07675
1.69375
0.75425
1.113
0.84975
2.49075
0.50375
5.086
0.53125
71.39775
0.01125
1.88275
1.27
0.49775
1.15075
0.39825
2.67125
1.76425
1.40925
0.74725
0.897
2.091
0.744
1.077
4.77675
0.626
0.51675
3.13875
0.07225
1.15775
1.095
0.82325
1.6955
0.37475
1.197
1.5675
0.0795
2.932
0.3045
0.9785
2.15275
0.308
1.15525
2.202
0.8705
2.55325
3.63875
1.014
0.4165
1.89425
3.46775
0.39
1.06475
1.259
1.164
3.76875
1.18125
0.4255
1.0155
0.8815

Diff:
7.70475
15.384
6.993
16.83525
11.55225
2.78725
5.11375
13.01425
3.81925
3.51675
1.47575
14.956
8.06625
2.9835
2.7235