1554136934731557.0
1554136934731559.0
1554136934733049.0
1554136934733051.0
1554136934733171.0
1554136934733457.0
1554136934733502.0
1554136934736783.0
1554136934736783.0
1554136934736784.0
1554136934736901.0
1554136934736907.0
1554136934737097.0
1554136934737174.0
1554136934737205.0
1554136934737235.0
1554136934737482.0
1554136934737945.0
1554136934738301.0
1554136934738875.0
1554136934738876.0
1554136934740326.0
1554136934740440.0
1554136934740479.0
1554136934740494.0

1554136934637926.0
1554136934640142.0
1554136934645059.0
1554136934645511.0
1554136934648160.0
1554136934648242.0
1554136934653140.0
1554136934657635.0
1554136934658942.0
1554136934659378.0
1554136934667178.0
1554136934669871.0
1554136934671788.0
1554136934672554.0
1554136934678348.0
1554136934682188.0
1554136934684776.0
1554136934687022.0
1554136934688314.0
1554136934689351.0
1554136934690991.0
1554136934762140.0
1554136934771728.0
1554136934776943.0
1554136934777795.0

1554136934640326.2
1554136934642279.5
1554136934645433.0
1554136934647671.0
1554136934650521.2
1554136934656376.0
1554136934659807.0
1554136934660370.8
1554136934664607.2
1554136934666066.8
1554136934667510.2
1554136934670649.0
1554136934672205.2
1554136934672968.2
1554136934678721.5
1554136934682628.5
1554136934685086.2
1554136934687339.8
1554136934689700.5
1554136934691356.5
1554136934697787.0
1554136934762687.5
1554136934772238.0
1554136934777399.2
1554136934779567.0

25
13
11
