Time-differences (millis):

0.001
0.138
0.109
0.236
4.904
0.648
0.592
1.711
0.001
0.001
0.085
0.031
0.029
0.086
0.011
0.035
0.039
0.077
0.034
0.081
0.088
0.113
0.155
0.06
5018.474
0.005
0.045

16.879
0.311
1.71
0.275
0.034
0.145
3.735
0.503
15.12
4.435
8.196
0.539
16.641
6.784
10.451
17.218
6.244
1.242
1.207
24.845
4.979

19.781
0.0995
6.98025
2.03325
0.86425
1.8905
1.2405
0.15225
3.79975
4.26525
8.30075
10.71
0.95625
12.177
8.012
2.99475
16.7925
6.19425
1.08725
1.9075
15.80125
0.90325
15.97425
8.8695
4865.14725
0.00025
0.848

Test:	TI_f_6
Requests:	25
Success:	10
Used:   	5

Local times (milisec):
min:	0.001
max:	5018.474
mean:	186.2144074074074
median:	0.081
stdev:	965.7373121157127

Web server times (milisec):
min:	0.034
max:	24.845
mean:	6.737761904761904
median:	4.435
stdev:	7.339294229725104

App server times (milisec):
min:	0.00025
max:	4865.14725
mean:	185.8437962962963
median:	3.79975
stdev:	935.1867950437532
diff:	541.69175