Time-differences (millis):

0.784
0.001
1.353
0.404
0.001
1.533
0.004
0.03
0.079
0.041
0.034
0.033
1.455
0.356
0.151
2.647
0.041
0.122
0.022
1.908
0.002
0.236
0.006
0.065
5006.867
0.011

2.403
0.647
3.769
1.287
1.11
1.33
0.644
0.071
5.195
3.825
6.607
4.062
3.442
1.368
1.22
8.298
1.663
10.078
0.389
1.862
0.787
5.382
0.16

0.04175
4.733
0.6565
2.92
0.01125
3.72875
2.3975
3.798
4.0395
4.85975
2.63825
4.40825
3.125
3.9935
1.29475
1.454
1.65025
5.5055
1.35975
0.45225
1.7935
0.88625
5.3865
0.55025
4911.26575
0.113
5006.89775

Test:	TI2_f_15
Requests:	25
Success:	17
Used:   	7

Local times (milisec):
min:	0.001
max:	5006.867
mean:	193.00715384615384
median:	0.07200000000000001
stdev:	981.8388731106421

Web server times (milisec):
min:	0.071
max:	10.078
mean:	2.852130434782609
median:	1.663
stdev:	2.7117125300904963

App server times (milisec):
min:	0.01125
max:	5006.89775
mean:	369.62816666666663
median:	2.63825
stdev:	1322.8889064821262
diff:	714.512