1554137149518458.0
1554137149518459.0
1554137149518519.0
1554137149520313.0
1554137149520472.0
1554137149520473.0
1554137149522054.0
1554137149522253.0
1554137149523544.0
1554137149523743.0
1554137149523940.0
1554137149524088.0
1554137149524272.0
1554137149524425.0
1554137149524643.0
1554137149524833.0
1554137149524920.0
1554137149525103.0
1554137149525215.0
1554137149525234.0
1554137149525325.0
1554137149525361.0
1554137149527498.0
1554137149527797.0
1554137149527835.0

1554137149414690.0
1554137149415417.0
1554137149416342.0
1554137149416379.0
1554137149416387.0
1554137149416536.0
1554137149420559.0
1554137149424369.0
1554137149431172.0
1554137149436085.0
1554137149442290.0
1554137149446681.0
1554137149447743.0
1554137149449547.0
1554137149451668.0
1554137149452005.0
1554137149455524.0
1554137149458131.0
1554137149462273.0
1554137149465881.0
1554137149473741.0
1554137149474207.0
1554137149481283.0
1554137149483750.0
1554137149497195.0

1554137149418486.0
1554137149418488.2
1554137149420290.5
1554137149421251.2
1554137149424661.2
1554137149427781.0
1554137149431506.0
1554137149433086.0
1554137149436385.5
1554137149438665.5
1554137149442725.5
1554137149447096.0
1554137149448128.8
1554137149449890.0
1554137149452594.2
1554137149455911.0
1554137149459385.5
1554137149462675.8
1554137149466507.8
1554137149469880.5
1554137149475941.5
1554137149481590.2
1554137149484485.5
1554137149495260.0
1554137149497737.5

25
10
5
