Time-differences (millis):

0.002
1.49
0.002
0.12
0.286
0.045
3.281
0.0
0.001
0.117
0.006
0.19
0.077
0.031
0.03
0.247
0.463
0.356
0.574
0.001
1.45
0.114
0.039
0.015

2.216
4.917
0.452
2.649
0.082
4.898
4.495
1.307
0.436
7.8
2.693
1.917
0.766
5.794
3.84
2.588
2.246
1.292
1.037
1.64
71.149
9.588
5.215
0.852

1.95325
3.1535
2.238
2.85025
5.85475
3.431
0.56375
4.2365
1.4595
1.4435
3.13875
1.55625
0.763
5.75325
3.907
2.45775
2.2535
2.36075
1.656
6.4305
64.9005
9.5505
5.16125
2.16775

Test:	TI_f_4
Requests:	25
Success:	13
Used:   	11

Local times (milisec):
min:	0.0
max:	3.281
mean:	0.372375
median:	0.0955
stdev:	0.7419663541240762

Web server times (milisec):
min:	0.082
max:	71.149
mean:	5.827875
median:	2.417
stdev:	14.122367390874167

App server times (milisec):
min:	0.56375
max:	64.9005
mean:	5.801697916666666
median:	2.654
stdev:	12.75900287520353
diff:	2.24725