1554136965201335.0
1554136965202713.0
1554136965202713.0
1554136965202714.0
1554136965202868.0
1554136965202880.0
1554136965203007.0
1554136965203050.0
1554136965206056.0
1554136965206057.0
1554136965206058.0
1554136965206153.0
1554136965206533.0
1554136965207832.0
1554136965207833.0
1554136965207840.0
1554136965207956.0
1554136965207958.0
1554136965208771.0
1554136965208912.0
1554136965208923.0
1554136965208924.0
1554136965209041.0
1554136965209136.0
1554136965209402.0

1554136965096854.0
1554136965098051.0
1554136965100504.0
1554136965103609.0
1554136965104202.0
1554136965104280.0
1554136965104346.0
1554136965104474.0
1554136965109524.0
1554136965111154.0
1554136965115823.0
1554136965119142.0
1554136965124222.0
1554136965124716.0
1554136965138835.0
1554136965146348.0
1554136965158773.0
1554136965161287.0
1554136965169800.0
1554136965174991.0
1554136965180678.0
1554136965181007.0
1554136965182648.0
1554136965186779.0
1554136965188242.0

1554136965099423.8
1554136965100237.8
1554136965103001.2
1554136965104775.5
1554136965108825.0
1554136965110100.2
1554136965110102.2
1554136965111826.2
1554136965117334.0
1554136965124220.0
1554136965125012.0
1554136965128180.5
1554136965140636.2
1554136965141529.8
1554136965147147.0
1554136965154162.8
1554136965159673.5
1554136965161628.2
1554136965170148.8
1554136965175447.0
1554136965181438.8
1554136965182945.2
1554136965190170.0
1554136965190684.0
1554136965192757.8

25
12
7
