Time-differences (millis):

0.088
0.846
0.584
0.866
0.001
1.971
5.525
0.234
11.598
0.252
0.426
0.001
1.578
0.001
0.001
0.037
0.066
0.084
0.06
0.07
0.164
0.071
0.081
0.832

1.607
0.144
2.356
4.39
0.07
0.071
3.518
2.201
3.214
6.079
0.053
10.564
6.95
4.152
1.618
3.21
10.679
1.518
3.75
17.615
8.961
5.893
1.013
16.613

3.15625
4.88625
0.03975
5.22775
0.962
2.743
2.4485
8.049
3.22825
1.0815
5.02
4.13575
2.8245
2.073
10.96175
1.2555
3.91475
12.16025
5.26025
0.4475
8.7565
5.81575
12.93925
7.4205

Test:	TI2_f_12
Requests:	25
Success:	10
Used:   	10

Local times (milisec):
min:	0.001
max:	11.598
mean:	1.0598750000000001
median:	0.126
stdev:	2.5308559183303636

Web server times (milisec):
min:	0.053
max:	17.615
mean:	4.8432916666666666
median:	3.3659999999999997
stdev:	4.897944888279491

App server times (milisec):
min:	0.03975
max:	12.93925
mean:	4.783645833333333
median:	4.02525
stdev:	3.6305650326180414
diff:	10.034