1554136833777935.0
1554136833779615.0
1554136833779616.0
1554136833779617.0
1554136833779618.0
1554136833780280.0
1554136833783555.0
1554136833783557.0
1554136833783703.0
1554136833783746.0
1554136833783842.0
1554136833783894.0
1554136833783930.0
1554136833784356.0
1554136833785049.0
1554136833785098.0
1554136833786202.0
1554136833786203.0
1554136833786251.0
1554136833786369.0
1554136833786422.0
1554136833786469.0
1554136833786542.0
1554136833786670.0
1554136833786706.0

1554136833672717.0
1554136833683570.0
1554136833683634.0
1554136833683914.0
1554136833687770.0
1554136833688031.0
1554136833689721.0
1554136833690768.0
1554136833691517.0
1554136833692113.0
1554136833697010.0
1554136833699158.0
1554136833711050.0
1554136833712524.0
1554136833712797.0
1554136833721817.0
1554136833723020.0
1554136833728766.0
1554136833728912.0
1554136833728959.0
1554136833735062.0
1554136833735178.0
1554136833738618.0
1554136833738928.0
1554136833749136.0

1554136833675786.0
1554136833686110.5
1554136833686118.5
1554136833688977.2
1554136833691062.8
1554136833694093.8
1554136833697446.5
1554136833698550.0
1554136833699483.2
1554136833699919.2
1554136833700593.8
1554136833702911.0
1554136833711467.5
1554136833713465.8
1554136833714194.0
1554136833722097.0
1554136833729171.2
1554136833734092.5
1554136833735524.5
1554136833736194.8
1554136833736246.5
1554136833739308.5
1554136833745015.0
1554136833750844.2
1554136833754252.0

25
16
9
