Time-differences (millis):

1.378
0.0
0.001
0.154
0.012
0.127
0.043
3.006
0.001
0.001
0.095
0.38
1.299
0.001
0.007
0.116
0.002
0.813
0.141
0.011
0.001
0.117
0.095
0.266

1.197
2.453
3.105
0.593
0.078
0.066
0.128
5.05
1.63
4.669
3.319
5.08
0.494
14.119
7.513
12.425
2.514
8.513
5.191
5.687
0.329
1.641
4.131
1.463

0.814
2.7635
1.77425
4.0495
1.27525
0.002
1.724
5.50775
6.886
0.792
3.1685
12.45575
0.8935
5.61725
7.01575
5.51075
1.95475
8.5205
5.29825
5.99175
1.5065
7.22475
0.514
2.07375

Test:	TI_f_5
Requests:	25
Success:	12
Used:   	7

Local times (milisec):
min:	0.0
max:	3.006
mean:	0.336125
median:	0.095
stdev:	0.6882245154712611

Web server times (milisec):
min:	0.066
max:	14.119
mean:	3.8078333333333334
median:	2.8095
stdev:	3.7692279415501417

App server times (milisec):
min:	0.002
max:	12.45575
mean:	3.888916666666667
median:	2.966
stdev:	3.123581685677749
diff:	5.64475