1554136799285383.0
1554136799285384.0
1554136799285385.0
1554136799285743.0
1554136799285798.0
1554136799285956.0
1554136799285957.0
1554136799286192.0
1554136799287180.0
1554136799288042.0
1554136799288288.0
1554136799289862.0
1554136799289895.0
1554136799290068.0
1554136799290901.0
1554136799291170.0
1554136799291758.0
1554136799293183.0
1554136799293193.0
1554136799293434.0
1554136799293608.0
1554136799293789.0
1554136799294103.0
1554136799294765.0
1554136799294952.0

1554136799181617.0
1554136799188840.0
1554136799189951.0
1554136799193003.0
1554136799193196.0
1554136799196805.0
1554136799197495.0
1554136799203184.0
1554136799203264.0
1554136799205561.0
1554136799215111.0
1554136799216879.0
1554136799219458.0
1554136799224461.0
1554136799229446.0
1554136799230761.0
1554136799250374.0
1554136799250545.0
1554136799255359.0
1554136799255642.0
1554136799263128.0
1554136799263552.0
1554136799279475.0
1554136799292648.0
1554136799304427.0

1554136799183953.8
1554136799191572.5
1554136799193744.5
1554136799200038.2
1554136799201174.8
1554136799203676.5
1554136799206118.5
1554136799208500.0
1554136799208818.8
1554136799213830.5
1554136799217346.5
1554136799219847.2
1554136799224777.0
1554136799229890.2
1554136799236473.0
1554136799250975.5
1554136799254093.5
1554136799255644.5
1554136799256489.2
1554136799257001.5
1554136799263733.8
1554136799293133.2
1554136799305056.0
1554136799343309.0
1554136799345795.5

25
12
8
