1554137079435364.0
1554137079435365.0
1554137079435774.0
1554137079435818.0
1554137079435860.0
1554137079436139.0
1554137079437780.0
1554137079437782.0
1554137079437804.0
1554137079438683.0
1554137079438684.0
1554137079438688.0
1554137079438781.0
1554137079438802.0
1554137079438891.0
1554137079441602.0
1554137079441783.0
1554137079441830.0
1554137079441836.0
1554137079443558.0
1554137079443558.0
1554137079443563.0
1554137079443661.0
1554137079443682.0
1554137079443700.0

1554137079329493.0
1554137079330472.0
1554137079334101.0
1554137079334778.0
1554137079340129.0
1554137079340787.0
1554137079342209.0
1554137079342341.0
1554137079342767.0
1554137079348150.0
1554137079350920.0
1554137079356851.0
1554137079357056.0
1554137079359612.0
1554137079361075.0
1554137079363909.0
1554137079372528.0
1554137079375208.0
1554137079379532.0
1554137079382578.0
1554137079384096.0
1554137079385891.0
1554137079388666.0
1554137079390617.0
1554137079394576.0

1554137079332964.8
1554137079332965.8
1554137079334543.8
1554137079336947.2
1554137079340950.8
1554137079341090.5
1554137079345318.2
1554137079345822.0
1554137079349772.8
1554137079351362.5
1554137079357334.8
1554137079358950.2
1554137079359921.5
1554137079364272.8
1554137079373134.2
1554137079373177.2
1554137079375578.0
1554137079379864.0
1554137079384522.2
1554137079384785.2
1554137079386571.0
1554137079389062.8
1554137079390977.5
1554137079394916.2
1554137079420958.2

25
14
8
