1554136905145398.0
1554136905145399.0
1554136905145400.0
1554136905145401.0
1554136905145875.0
1554136905145984.0
1554136905146263.0
1554136905146306.0
1554136905146968.0
1554136905147763.0
1554136905147934.0
1554136905147945.0
1554136905147945.0
1554136905147952.0
1554136905148035.0
1554136905148074.0
1554136905148112.0
1554136905148127.0
1554136905151117.0
1554136905151222.0
1554136905151275.0
1554136905151296.0
1554136905151315.0
1554136905153584.0
1554136905153586.0

1554136905039542.0
1554136905047163.0
1554136905048688.0
1554136905048756.0
1554136905048798.0
1554136905049009.0
1554136905051498.0
1554136905053775.0
1554136905057092.0
1554136905060247.0
1554136905062065.0
1554136905062676.0
1554136905066274.0
1554136905071783.0
1554136905072373.0
1554136905083040.0
1554136905090456.0
1554136905094347.0
1554136905095513.0
1554136905098993.0
1554136905103426.0
1554136905109459.0
1554136905112935.0
1554136905114276.0
1554136905126974.0

1554136905041788.8
1554136905049781.2
1554136905051113.2
1554136905054058.0
1554136905055173.5
1554136905056708.8
1554136905057549.8
1554136905061717.2
1554136905062529.8
1554136905063157.0
1554136905067390.0
1554136905072259.8
1554136905083313.0
1554136905085607.5
1554136905090794.5
1554136905091814.2
1554136905094661.0
1554136905096131.5
1554136905099252.5
1554136905107825.0
1554136905109693.8
1554136905112597.0
1554136905113288.5
1554136905114605.5
1554136905127276.8

25
11
7
