Time-differences (millis):

0.001
0.409
0.044
0.042
0.279
1.641
0.002
0.022
0.879
0.001
0.004
0.093
0.021
0.089
2.711
0.181
0.047
0.006
1.722
0.0
0.005
0.098
0.021
0.018

0.979
3.629
0.677
5.351
0.658
1.422
0.132
0.426
5.383
2.77
5.931
0.205
2.556
1.463
2.834
8.619
2.68
4.324
3.046
1.518
1.795
2.775
1.951
3.959

0.001
1.578
2.4035
4.0035
0.13975
4.22775
0.50375
3.95075
1.58975
5.97225
1.6155
0.97125
4.35125
8.8615
0.043
2.40075
4.286
4.65825
0.263
1.78575
2.49175
1.91475
3.93875
26.042

Test:	TI_f_8
Requests:	25
Success:	14
Used:   	8

Local times (milisec):
min:	0.0
max:	2.711
mean:	0.3473333333333333
median:	0.043
stdev:	0.6977197435788314

Web server times (milisec):
min:	0.132
max:	8.619
mean:	2.7117916666666666
median:	2.6180000000000003
stdev:	2.0862611445851633

App server times (milisec):
min:	0.001
max:	26.042
mean:	3.6663958333333335
median:	2.402125
stdev:	5.222470305510449
diff:	4.69675