1554317520023463.0
1554317520024247.0
1554317520024248.0
1554317520025601.0
1554317520026005.0
1554317520026006.0
1554317520027539.0
1554317520027543.0
1554317520027573.0
1554317520027652.0
1554317520027693.0
1554317520027727.0
1554317520027760.0
1554317520029215.0
1554317520029571.0
1554317520029722.0
1554317520032369.0
1554317520032410.0
1554317520032532.0
1554317520032554.0
1554317520034462.0
1554317520034464.0
1554317520034700.0
1554317520034706.0
1554317520034771.0
1554317525041638.0
1554317525041649.0

1554317520068943.0
1554317520071346.0
1554317520071993.0
1554317520075762.0
1554317520077049.0
1554317520078159.0
1554317520079489.0
1554317520080133.0
1554317520080204.0
1554317520085399.0
1554317520089224.0
1554317520095831.0
1554317520099893.0
1554317520103335.0
1554317520104703.0
1554317520105923.0
1554317520114221.0
1554317520115884.0
1554317520125962.0
1554317520126351.0
1554317520128213.0
1554317520129000.0
1554317520134382.0
1554317520134542.0

1554317520073761.8
1554317520073803.5
1554317520078536.5
1554317520079193.0
1554317520082113.0
1554317520082124.2
1554317520085853.0
1554317520088250.5
1554317520092048.5
1554317520096088.0
1554317520100947.8
1554317520103586.0
1554317520107994.2
1554317520111119.2
1554317520115112.8
1554317520116407.5
1554317520117861.5
1554317520119511.8
1554317520125017.2
1554317520126377.0
1554317520126829.2
1554317520128622.8
1554317520129509.0
1554317520134895.5
1554317520135445.8
1554317525046711.5
1554317525046824.5
1554317530053722.2

25
17
7
