1554137111960544.0
1554137111960553.0
1554137111961520.0
1554137111961520.0
1554137111962836.0
1554137111962837.0
1554137111963840.0
1554137111963841.0
1554137111963842.0
1554137111964177.0
1554137111964249.0
1554137111965268.0
1554137111965657.0
1554137111965706.0
1554137111966290.0
1554137111966909.0
1554137111967301.0
1554137111967319.0
1554137111967352.0
1554137111970457.0
1554137111970458.0
1554137111970460.0
1554137111970461.0
1554137111970520.0
1554137111971262.0
1554137116986895.0
1554137116987770.0
1554137116990176.0

1554137111855050.0
1554137111855079.0
1554137111869727.0
1554137111874867.0
1554137111874993.0
1554137111875044.0
1554137111875691.0
1554137111911788.0
1554137111915235.0
1554137111920129.0
1554137111942837.0

1554137111857233.5
1554137111857255.0
1554137111872409.0
1554137111875430.0
1554137111875686.5
1554137111877113.8
1554137111877687.5
1554137111879323.5
1554137111879865.0
1554137111880710.5
1554137111880968.0
1554137111884518.8
1554137111912065.8
1554137111914738.0
1554137111915545.2
1554137111923133.5
1554137111947707.8
1554137111979762.5
1554137111984316.0
1554137112001830.8
1554137112008322.5

25
5
3
