Time-differences (millis):

1.68
0.001
0.001
0.001
0.662
3.275
0.002
0.146
0.043
0.096
0.052
0.036
0.426
0.693
0.049
1.104
0.001
0.048
0.118
0.053
0.047
0.073
0.128
0.036

10.853
0.064
0.28
3.856
0.261
1.69
1.047
0.749
0.596
4.897
2.148
11.892
1.474
0.273
9.02
1.203
5.746
0.146
0.047
6.103
0.116
3.44
0.31
10.208

10.3245
0.008
2.85875
2.0855
3.031
3.35275
1.1035
0.93325
0.436
0.6745
2.31725
8.5565
1.99825
0.72825
7.903
7.07425
4.92125
1.432
0.67025
0.05175
3.062
5.7065
5.82925
3.40775

Test:	TI_f_2
Requests:	25
Success:	16
Used:   	9

Local times (milisec):
min:	0.001
max:	3.275
mean:	0.36545833333333333
median:	0.0525
stdev:	0.744382439059191

Web server times (milisec):
min:	0.047
max:	11.892
mean:	3.184125
median:	1.3385
stdev:	3.821278528502117

App server times (milisec):
min:	0.008
max:	10.3245
mean:	3.269416666666667
median:	2.588
stdev:	2.916250862079549
diff:	4.7295