Time-differences (millis):

0.001
0.001
0.358
0.055
0.158
0.001
0.235
0.988
0.862
0.246
1.574
0.033
0.173
0.833
0.269
0.588
1.425
0.01
0.241
0.174
0.181
0.314
0.662
0.187

7.223
1.111
3.052
0.193
3.609
0.69
5.689
0.08
2.297
9.55
1.768
2.579
5.003
4.985
1.315
19.613
0.171
4.814
0.283
7.486
0.424
15.923
13.173
11.779

7.61875
2.172
6.29375
1.1365
2.50175
2.442
2.3815
0.31875
5.01175
3.516
2.50075
4.92975
5.11325
6.58275
14.5025
3.118
1.551
0.84475
0.51225
6.73225
29.3995
11.92275
38.253
2.4865

Test:	TI_f_1
Requests:	25
Success:	12
Used:   	8

Local times (milisec):
min:	0.001
max:	1.574
mean:	0.39870833333333333
median:	0.238
stdev:	0.44330698747586594

Web server times (milisec):
min:	0.08
max:	19.613
mean:	5.117083333333333
median:	3.3305
stdev:	5.389420795827021

App server times (milisec):
min:	0.31875
max:	38.253
mean:	6.74340625
median:	3.317
stdev:	9.118821756225255
diff:	10.4325