1554317387095721.0
1554317387095722.0
1554317387101706.0
1554317387101710.0
1554317387101713.0
1554317387101828.0
1554317387101856.0
1554317387101935.0
1554317387102045.0
1554317387102148.0
1554317387102265.0
1554317387102387.0
1554317387102410.0
1554317387102410.0
1554317387102526.0
1554317387102549.0
1554317387102632.0
1554317387102781.0
1554317387102887.0
1554317387103974.0
1554317387104091.0
1554317387104206.0
1554317387104338.0
1554317387105419.0
1554317387105530.0
1554317392111527.0
1554317392111541.0
1554317392118430.0

1554317387109423.0
1554317387110180.0
1554317387123926.0
1554317387126122.0
1554317387128653.0
1554317387132678.0
1554317387132755.0
1554317387145774.0
1554317387150017.0
1554317387159250.0
1554317387161721.0
1554317387162571.0
1554317387167222.0
1554317387206187.0
1554317387209552.0
1554317387216086.0

1554317387118828.2
1554317387121881.2
1554317387128300.5
1554317387129393.2
1554317387133392.8
1554317387147963.2
1554317387152745.5
1554317387156332.5
1554317387159904.8
1554317387161974.2
1554317387162408.2
1554317387162860.0
1554317387165534.2
1554317387167331.8
1554317387197050.5
1554317387206442.8
1554317387209797.5
1554317387216612.2
1554317387234192.5
1554317387252737.0
1554317387285481.8
1554317387297612.5
1554317387327489.5
1554317387339004.8
1554317387343866.5
1554317392115000.2

25
4
3
