1554317453923125.0
1554317453925969.0
1554317453925970.0
1554317453927843.0
1554317453927981.0
1554317453928518.0
1554317453930322.0
1554317453932714.0
1554317453932822.0
1554317453932933.0
1554317453935033.0
1554317453935731.0
1554317453936985.0
1554317453937353.0
1554317453937467.0
1554317453939306.0
1554317453939307.0
1554317453939445.0
1554317453941521.0
1554317453941781.0
1554317453941907.0
1554317453942035.0
1554317453943651.0
1554317453943863.0
1554317453944502.0

1554317453948447.0
1554317453950453.0
1554317453950613.0
1554317453951401.0
1554317453953210.0
1554317453956736.0
1554317453956965.0
1554317453957992.0
1554317453960963.0
1554317453964575.0
1554317453968007.0
1554317453970291.0
1554317453974777.0
1554317453986467.0
1554317453988606.0
1554317453990715.0
1554317453994623.0
1554317453996213.0
1554317453997734.0
1554317454002347.0
1554317454007881.0
1554317454010179.0
1554317454015625.0
1554317454019549.0
1554317454022594.0

1554317453952039.5
1554317453953788.0
1554317453955521.8
1554317453956332.8
1554317453960148.2
1554317453962257.8
1554317453963949.8
1554317453967046.2
1554317453968268.0
1554317453970626.2
1554317453976785.0
1554317453986050.0
1554317453986737.5
1554317453988885.5
1554317453991027.8
1554317453994919.8
1554317453998322.2
1554317454000080.8
1554317454003740.2
1554317454007079.0
1554317454008134.5
1554317454011427.8
1554317454019873.2
1554317454022848.0
1554317454026422.5

25
15
11
