1554137002170590.0
1554137002170591.0
1554137002170729.0
1554137002170838.0
1554137002171074.0
1554137002175978.0
1554137002176626.0
1554137002177218.0
1554137002178929.0
1554137002178930.0
1554137002178931.0
1554137002179016.0
1554137002179047.0
1554137002179076.0
1554137002179162.0
1554137002179173.0
1554137002179208.0
1554137002179247.0
1554137002179324.0
1554137002179358.0
1554137002179439.0
1554137002179527.0
1554137002179640.0
1554137002179795.0
1554137002179855.0
1554137007198329.0
1554137007198334.0
1554137007198379.0

1554137002064980.0
1554137002081859.0
1554137002082170.0
1554137002083880.0
1554137002084155.0
1554137002084189.0
1554137002084334.0
1554137002088069.0
1554137002088572.0
1554137002103692.0
1554137002108127.0
1554137002116323.0
1554137002116862.0
1554137002133503.0
1554137002140287.0
1554137002150738.0
1554137002167956.0
1554137002174200.0
1554137002175442.0
1554137002176649.0
1554137002201494.0
1554137002206473.0

1554137002067329.2
1554137002087110.2
1554137002087209.8
1554137002094190.0
1554137002096223.2
1554137002097087.5
1554137002098978.0
1554137002100218.5
1554137002100370.8
1554137002104170.5
1554137002108435.8
1554137002116736.5
1554137002127446.5
1554137002128402.8
1554137002140579.8
1554137002148591.8
1554137002151586.5
1554137002168379.0
1554137002174573.2
1554137002175660.5
1554137002177568.0
1554137002193369.2
1554137002194272.5
1554137002210246.8
1554137002219116.2
1554137007084263.5
1554137007084263.8
1554137007085111.8

25
10
5
