1554317417896972.0
1554317417897060.0
1554317417897906.0
1554317417898490.0
1554317417899356.0
1554317417899357.0
1554317417901328.0
1554317417906853.0
1554317417907087.0
1554317417918685.0
1554317417918937.0
1554317417919363.0
1554317417919364.0
1554317417920942.0
1554317417920943.0
1554317417920944.0
1554317417920981.0
1554317417921047.0
1554317417921131.0
1554317417921191.0
1554317417921261.0
1554317417921425.0
1554317417921496.0
1554317417921577.0
1554317417922409.0

1554317417927790.0
1554317417929397.0
1554317417929541.0
1554317417931897.0
1554317417936287.0
1554317417936357.0
1554317417936428.0
1554317417939946.0
1554317417942147.0
1554317417945361.0
1554317417951440.0
1554317417951493.0
1554317417962057.0
1554317417969007.0
1554317417973159.0
1554317417974777.0
1554317417977987.0
1554317417988666.0
1554317417990184.0
1554317417993934.0
1554317418011549.0
1554317418020510.0
1554317418026403.0
1554317418027416.0
1554317418044029.0

1554317417932480.5
1554317417935636.8
1554317417940523.0
1554317417940562.8
1554317417945790.5
1554317417946752.5
1554317417949495.5
1554317417951944.0
1554317417959993.0
1554317417963221.2
1554317417964302.8
1554317417969322.8
1554317417973458.5
1554317417976283.0
1554317417978356.0
1554317417989317.8
1554317417990573.2
1554317417994488.0
1554317418006648.2
1554317418011908.5
1554317418012356.0
1554317418021112.5
1554317418026928.2
1554317418039867.5
1554317418047288.0

25
10
10
