Time-differences (millis):

2.844
0.001
1.873
0.138
0.537
1.804
2.392
0.108
0.111
2.1
0.698
1.254
0.368
0.114
1.839
0.001
0.138
2.076
0.26
0.126
0.128
1.616
0.212
0.639

2.006
0.16
0.788
1.809
3.526
0.229
1.027
2.971
3.612
3.432
2.284
4.486
11.69
2.139
2.109
3.908
1.59
1.521
4.613
5.534
2.298
5.446
3.924
3.045

1.7485
1.73375
0.811
3.8155
2.1095
1.692
3.0965
1.22175
2.35825
6.15875
9.265
0.6875
2.148
2.14225
3.892
3.4025
1.7585
3.6595
3.33875
1.0555
3.29325
8.4455
2.97475
3.5745

Test:	TI2_f_13
Requests:	25
Success:	15
Used:   	11

Local times (milisec):
min:	0.001
max:	2.844
mean:	0.8907083333333333
median:	0.4525
stdev:	0.9173860540151291

Web server times (milisec):
min:	0.16
max:	11.69
mean:	3.0894583333333334
median:	2.6345
stdev:	2.3655999694749132

App server times (milisec):
min:	0.6875
max:	9.265
mean:	3.099291666666667
median:	2.6665
stdev:	2.161059655619189
diff:	5.414