Time-differences (millis):

0.002
0.002
0.001
1.62
0.065
0.083
0.032
0.456
0.001
0.491
0.001
0.061
0.033
0.8
0.001
0.43
0.005
0.097
3.202
0.062
0.124
0.026
0.013
0.02

3.446
0.122
0.179
2.955
0.069
1.448
0.367
3.153
1.092
5.415
0.469
0.472
9.273
1.907
9.806
2.688
0.59
9.795
10.102
1.032
4.579
2.509
6.933
3.883

3.459
0.0025
2.0405
1.33425
3.1335
1.15175
5.53825
0.32975
1.57375
4.5255
0.0225
0.93725
2.76125
2.102
10.86925
1.51225
0.79375
13.286
6.316
1.46175
4.05375
2.52475
7.74025
19.7115

Test:	TI_f_7
Requests:	25
Success:	15
Used:   	10

Local times (milisec):
min:	0.001
max:	3.202
mean:	0.31783333333333336
median:	0.047
stdev:	0.7154672335745647

Web server times (milisec):
min:	0.069
max:	10.102
mean:	3.4285
median:	2.5985
stdev:	3.391154606504603

App server times (milisec):
min:	0.0025
max:	19.7115
mean:	4.0492083333333335
median:	2.3133749999999997
stdev:	4.723085194406638
diff:	3.87175