1554317483733268.0
1554317483733269.0
1554317483733271.0
1554317483736366.0
1554317483736367.0
1554317483736368.0
1554317483736369.0
1554317483736463.0
1554317483736484.0
1554317483736522.0
1554317483736532.0
1554317483736581.0
1554317483736638.0
1554317483738820.0
1554317483738865.0
1554317483738912.0
1554317483739036.0
1554317483739140.0
1554317483739189.0
1554317483741230.0
1554317483741287.0
1554317483741387.0
1554317483741388.0
1554317483741486.0
1554317483741496.0
1554317488745512.0
1554317488745978.0
1554317488745979.0
1554317488746004.0

1554317483746768.0
1554317483746882.0
1554317483751078.0
1554317483752730.0
1554317483753078.0
1554317483755096.0
1554317483756040.0
1554317483756101.0
1554317483756945.0
1554317483757354.0
1554317483764435.0
1554317483780967.0
1554317483784664.0
1554317483786535.0
1554317483791341.0
1554317483793806.0
1554317483799111.0
1554317483802544.0
1554317483803912.0
1554317483805022.0
1554317483806517.0
1554317483815642.0
1554317483819009.0
1554317483822565.0
1554317488749716.0
1554317488750682.0
1554317488750822.0

1554317483749167.2
1554317483749243.5
1554317483753182.8
1554317483755379.8
1554317483755567.8
1554317483758407.2
1554317483761107.5
1554317483764351.2
1554317483764979.8
1554317483766479.2
1554317483775665.2
1554317483781261.2
1554317483784987.5
1554317483786910.8
1554317483791624.5
1554317483794398.0
1554317483799446.8
1554317483802931.8
1554317483804288.5
1554317483805398.8
1554317483806768.2
1554317483813289.8
1554317483816029.2
1554317483819316.2
1554317483823158.8
1554317488750122.5
1554317488750214.0
1554317488751320.0
1554317488752050.5

25
14
7
