Time-differences (millis):

0.001
0.06
1.794
0.159
0.001
1.581
0.199
1.291
0.199
0.197
0.148
0.184
0.153
0.218
0.19
0.087
0.183
0.112
0.019
0.091
0.036
2.137
0.299
0.038

0.727
0.925
0.037
0.008
0.149
4.023
3.81
6.803
4.913
6.205
4.391
1.062
1.804
2.121
0.337
3.519
2.607
4.142
3.608
7.86
0.466
7.076
2.467
13.445

0.00225
1.80225
0.96075
3.41
3.11975
3.725
1.58
3.2995
2.28
4.06
4.3705
1.03275
1.76125
2.70425
3.31675
3.4745
3.29025
3.832
3.37275
6.061
5.64875
2.89525
10.7745
2.4775

Test:	TI_f_10
Requests:	25
Success:	10
Used:   	5

Local times (milisec):
min:	0.001
max:	2.137
mean:	0.3907083333333333
median:	0.17099999999999999
stdev:	0.6168590480368489

Web server times (milisec):
min:	0.008
max:	13.445
mean:	3.4377083333333336
median:	3.063
stdev:	3.1893186471362522

App server times (milisec):
min:	0.00225
max:	10.7745
mean:	3.3021458333333333
median:	3.294875
stdev:	2.111752177793755
diff:	4.42225