\Success codes:
12
16
11
13
12
10
15
14
5
10
4
10
15
14
17

Vouchers used:
8
9
7
11
7
5
10
8
3
5
3
10
11
7
7

Ratio:
1.5
1.7777777777777777
1.5714285714285714
1.1818181818181819
1.7142857142857142
2.0
1.5
1.75
1.6666666666666667
2.0
1.3333333333333333
1.0
1.3636363636363635
2.0
2.4285714285714284

Local:
0.001
0.001
0.358
0.055
0.158
0.001
0.235
0.988
0.862
0.246
1.574
0.033
0.173
0.833
0.269
0.588
1.425
0.01
0.241
0.174
0.181
0.314
0.662
0.187
1.68
0.001
0.001
0.001
0.662
3.275
0.002
0.146
0.043
0.096
0.052
0.036
0.426
0.693
0.049
1.104
0.001
0.048
0.118
0.053
0.047
0.073
0.128
0.036
0.001
0.001
0.001
0.474
0.109
0.279
0.043
0.662
0.795
0.171
0.011
0.0
0.007
0.083
0.039
0.038
0.015
2.99
0.105
0.053
0.021
0.019
2.269
0.002
0.002
1.49
0.002
0.12
0.286
0.045
3.281
0.0
0.001
0.117
0.006
0.19
0.077
0.031
0.03
0.247
0.463
0.356
0.574
0.001
1.45
0.114
0.039
0.015
1.378
0.0
0.001
0.154
0.012
0.127
0.043
3.006
0.001
0.001
0.095
0.38
1.299
0.001
0.007
0.116
0.002
0.813
0.141
0.011
0.001
0.117
0.095
0.266
0.001
0.138
0.109
0.236
4.904
0.648
0.592
1.711
0.001
0.001
0.085
0.031
0.029
0.086
0.011
0.035
0.039
0.077
0.034
0.081
0.088
0.113
0.155
0.06
5018.474
0.005
0.045
0.002
0.002
0.001
1.62
0.065
0.083
0.032
0.456
0.001
0.491
0.001
0.061
0.033
0.8
0.001
0.43
0.005
0.097
3.202
0.062
0.124
0.026
0.013
0.02
0.001
0.409
0.044
0.042
0.279
1.641
0.002
0.022
0.879
0.001
0.004
0.093
0.021
0.089
2.711
0.181
0.047
0.006
1.722
0.0
0.005
0.098
0.021
0.018
0.009
0.967
0.0
1.316
0.001
1.003
0.001
0.001
0.335
0.072
1.019
0.389
0.049
0.584
0.619
0.392
0.018
0.033
3.105
0.001
0.002
0.001
0.059
0.742
5015.633
0.875
2.406
0.001
0.06
1.794
0.159
0.001
1.581
0.199
1.291
0.199
0.197
0.148
0.184
0.153
0.218
0.19
0.087
0.183
0.112
0.019
0.091
0.036
2.137
0.299
0.038
0.001
5.984
0.004
0.003
0.115
0.028
0.079
0.11
0.103
0.117
0.122
0.023
0.0
0.116
0.023
0.083
0.149
0.106
1.087
0.117
0.115
0.132
1.081
0.111
5005.997
0.014
6.889
0.088
0.846
0.584
0.866
0.001
1.971
5.525
0.234
11.598
0.252
0.426
0.001
1.578
0.001
0.001
0.037
0.066
0.084
0.06
0.07
0.164
0.071
0.081
0.832
2.844
0.001
1.873
0.138
0.537
1.804
2.392
0.108
0.111
2.1
0.698
1.254
0.368
0.114
1.839
0.001
0.138
2.076
0.26
0.126
0.128
1.616
0.212
0.639
0.001
0.002
3.095
0.001
0.001
0.001
0.094
0.021
0.038
0.01
0.049
0.057
2.182
0.045
0.047
0.124
0.104
0.049
2.041
0.057
0.1
0.001
0.098
0.01
5004.016
0.466
0.001
0.025
0.784
0.001
1.353
0.404
0.001
1.533
0.004
0.03
0.079
0.041
0.034
0.033
1.455
0.356
0.151
2.647
0.041
0.122
0.022
1.908
0.002
0.236
0.006
0.065
5006.867
0.011

Web:
7.223
1.111
3.052
0.193
3.609
0.69
5.689
0.08
2.297
9.55
1.768
2.579
5.003
4.985
1.315
19.613
0.171
4.814
0.283
7.486
0.424
15.923
13.173
11.779
10.853
0.064
0.28
3.856
0.261
1.69
1.047
0.749
0.596
4.897
2.148
11.892
1.474
0.273
9.02
1.203
5.746
0.146
0.047
6.103
0.116
3.44
0.31
10.208
7.621
1.525
0.068
0.042
0.211
2.489
2.277
3.317
3.155
1.818
0.611
3.598
5.509
0.59
10.667
7.416
3.891
1.166
3.48
4.433
6.033
3.476
1.341
12.698
2.216
4.917
0.452
2.649
0.082
4.898
4.495
1.307
0.436
7.8
2.693
1.917
0.766
5.794
3.84
2.588
2.246
1.292
1.037
1.64
71.149
9.588
5.215
0.852
1.197
2.453
3.105
0.593
0.078
0.066
0.128
5.05
1.63
4.669
3.319
5.08
0.494
14.119
7.513
12.425
2.514
8.513
5.191
5.687
0.329
1.641
4.131
1.463
16.879
0.311
1.71
0.275
0.034
0.145
3.735
0.503
15.12
4.435
8.196
0.539
16.641
6.784
10.451
17.218
6.244
1.242
1.207
24.845
4.979
3.446
0.122
0.179
2.955
0.069
1.448
0.367
3.153
1.092
5.415
0.469
0.472
9.273
1.907
9.806
2.688
0.59
9.795
10.102
1.032
4.579
2.509
6.933
3.883
0.979
3.629
0.677
5.351
0.658
1.422
0.132
0.426
5.383
2.77
5.931
0.205
2.556
1.463
2.834
8.619
2.68
4.324
3.046
1.518
1.795
2.775
1.951
3.959
0.029
14.648
5.14
0.126
0.051
0.647
36.097
3.447
4.894
22.708
0.727
0.925
0.037
0.008
0.149
4.023
3.81
6.803
4.913
6.205
4.391
1.062
1.804
2.121
0.337
3.519
2.607
4.142
3.608
7.86
0.466
7.076
2.467
13.445
0.757
13.746
2.196
2.531
4.025
0.077
13.019
4.243
9.233
2.471
0.85
4.651
38.965
3.365
6.534
1.607
0.144
2.356
4.39
0.07
0.071
3.518
2.201
3.214
6.079
0.053
10.564
6.95
4.152
1.618
3.21
10.679
1.518
3.75
17.615
8.961
5.893
1.013
16.613
2.006
0.16
0.788
1.809
3.526
0.229
1.027
2.971
3.612
3.432
2.284
4.486
11.69
2.139
2.109
3.908
1.59
1.521
4.613
5.534
2.298
5.446
3.924
3.045
0.114
4.196
1.652
0.348
2.018
0.944
0.061
0.844
0.409
7.081
16.532
3.697
1.871
4.806
2.465
5.305
3.433
1.368
1.11
1.495
9.125
3.367
3.556
4927.151
0.966
0.14
2.403
0.647
3.769
1.287
1.11
1.33
0.644
0.071
5.195
3.825
6.607
4.062
3.442
1.368
1.22
8.298
1.663
10.078
0.389
1.862
0.787
5.382
0.16

App:
7.61875
2.172
6.29375
1.1365
2.50175
2.442
2.3815
0.31875
5.01175
3.516
2.50075
4.92975
5.11325
6.58275
14.5025
3.118
1.551
0.84475
0.51225
6.73225
29.3995
11.92275
38.253
2.4865
10.3245
0.008
2.85875
2.0855
3.031
3.35275
1.1035
0.93325
0.436
0.6745
2.31725
8.5565
1.99825
0.72825
7.903
7.07425
4.92125
1.432
0.67025
0.05175
3.062
5.7065
5.82925
3.40775
7.9925
1.332
2.94475
1.1155
1.53525
0.841
4.1675
0.8125
0.62725
4.233
4.86975
11.05325
2.2945
5.187
1.01975
2.84675
1.4705
3.121
8.5725
1.86875
2.90325
0.6915
1.317
12.67125
1.95325
3.1535
2.238
2.85025
5.85475
3.431
0.56375
4.2365
1.4595
1.4435
3.13875
1.55625
0.763
5.75325
3.907
2.45775
2.2535
2.36075
1.656
6.4305
64.9005
9.5505
5.16125
2.16775
0.814
2.7635
1.77425
4.0495
1.27525
0.002
1.724
5.50775
6.886
0.792
3.1685
12.45575
0.8935
5.61725
7.01575
5.51075
1.95475
8.5205
5.29825
5.99175
1.5065
7.22475
0.514
2.07375
19.781
0.0995
6.98025
2.03325
0.86425
1.8905
1.2405
0.15225
3.79975
4.26525
8.30075
10.71
0.95625
12.177
8.012
2.99475
16.7925
6.19425
1.08725
1.9075
15.80125
0.90325
15.97425
8.8695
4865.14725
0.00025
0.848
3.459
0.0025
2.0405
1.33425
3.1335
1.15175
5.53825
0.32975
1.57375
4.5255
0.0225
0.93725
2.76125
2.102
10.86925
1.51225
0.79375
13.286
6.316
1.46175
4.05375
2.52475
7.74025
19.7115
0.001
1.578
2.4035
4.0035
0.13975
4.22775
0.50375
3.95075
1.58975
5.97225
1.6155
0.97125
4.35125
8.8615
0.043
2.40075
4.286
4.65825
0.263
1.78575
2.49175
1.91475
3.93875
26.042
0.0215
15.154
3.021
0.2565
1.42725
0.57375
1.636
0.5415
0.8455
0.2575
3.55075
27.547
2.67225
0.80725
7.58825
24.57425
32.05475
4.5535
17.51475
6.49175
0.00225
1.80225
0.96075
3.41
3.11975
3.725
1.58
3.2995
2.28
4.06
4.3705
1.03275
1.76125
2.70425
3.31675
3.4745
3.29025
3.832
3.37275
6.061
5.64875
2.89525
10.7745
2.4775
3.053
6.41925
1.09275
3.9995
14.5705
4.78225
3.587
3.57225
2.0695
0.434
0.45175
2.67425
1.7975
29.71875
9.39225
3.35475
6.81475
17.58025
18.5445
32.74475
12.13075
29.877
11.51525
4.86175
4771.13375
3.15625
4.88625
0.03975
5.22775
0.962
2.743
2.4485
8.049
3.22825
1.0815
5.02
4.13575
2.8245
2.073
10.96175
1.2555
3.91475
12.16025
5.26025
0.4475
8.7565
5.81575
12.93925
7.4205
1.7485
1.73375
0.811
3.8155
2.1095
1.692
3.0965
1.22175
2.35825
6.15875
9.265
0.6875
2.148
2.14225
3.892
3.4025
1.7585
3.6595
3.33875
1.0555
3.29325
8.4455
2.97475
3.5745
0.07625
3.93925
2.197
0.188
2.8395
2.70025
3.24375
0.6285
1.4995
9.186
5.596
3.72625
1.92325
4.71375
2.7735
5.04875
3.485
1.35675
1.11025
1.3695
6.5215
2.7395
3.287
3.8425
4926.96375
0.0915
1.106
0.7305
0.04175
4.733
0.6565
2.92
0.01125
3.72875
2.3975
3.798
4.0395
4.85975
2.63825
4.40825
3.125
3.9935
1.29475
1.454
1.65025
5.5055
1.35975
0.45225
1.7935
0.88625
5.3865
0.55025
4911.26575
0.113
5006.89775

Diff:
10.4325
4.7295
6.03725
2.24725
5.64475
541.69175
3.87175
4.69675
20.6175
4.42225
235.60375
10.034
5.414
136.69075
714.512