Time-differences (millis):

0.001
0.001
0.001
0.474
0.109
0.279
0.043
0.662
0.795
0.171
0.011
0.0
0.007
0.083
0.039
0.038
0.015
2.99
0.105
0.053
0.021
0.019
2.269
0.002

7.621
1.525
0.068
0.042
0.211
2.489
2.277
3.317
3.155
1.818
0.611
3.598
5.509
0.59
10.667
7.416
3.891
1.166
3.48
4.433
6.033
3.476
1.341
12.698

7.9925
1.332
2.94475
1.1155
1.53525
0.841
4.1675
0.8125
0.62725
4.233
4.86975
11.05325
2.2945
5.187
1.01975
2.84675
1.4705
3.121
8.5725
1.86875
2.90325
0.6915
1.317
12.67125

Test:	TI_f_3
Requests:	25
Success:	11
Used:   	7

Local times (milisec):
min:	0.0
max:	2.99
mean:	0.3411666666666667
median:	0.040999999999999995
stdev:	0.7441259048836028

Web server times (milisec):
min:	0.042
max:	12.698
mean:	3.6430000000000002
median:	3.2359999999999998
stdev:	3.2979533442530027

App server times (milisec):
min:	0.62725
max:	12.67125
mean:	3.562
median:	2.570625
stdev:	3.347637730549708
diff:	6.03725