Time-differences (millis):

0.001
0.002
3.095
0.001
0.001
0.001
0.094
0.021
0.038
0.01
0.049
0.057
2.182
0.045
0.047
0.124
0.104
0.049
2.041
0.057
0.1
0.001
0.098
0.01
5004.016
0.466
0.001
0.025

0.114
4.196
1.652
0.348
2.018
0.944
0.061
0.844
0.409
7.081
16.532
3.697
1.871
4.806
2.465
5.305
3.433
1.368
1.11
1.495
9.125
3.367
3.556
4927.151
0.966
0.14

0.07625
3.93925
2.197
0.188
2.8395
2.70025
3.24375
0.6285
1.4995
9.186
5.596
3.72625
1.92325
4.71375
2.7735
5.04875
3.485
1.35675
1.11025
1.3695
6.5215
2.7395
3.287
3.8425
4926.96375
0.0915
1.106
0.7305

Test:	TI2_f_14
Requests:	25
Success:	14
Used:   	7

Local times (milisec):
min:	0.001
max:	5004.016
mean:	179.0262857142857
median:	0.048
stdev:	945.6094138620383

Web server times (milisec):
min:	0.061
max:	4927.151
mean:	192.46361538461537
median:	1.9445
stdev:	965.6970172049649

App server times (milisec):
min:	0.07625
max:	4926.96375
mean:	178.67440178571428
median:	2.7565
stdev:	930.5796018210742
diff:	136.69075