1554137032453091.0
1554137032453093.0
1554137032453095.0
1554137032453096.0
1554137032454716.0
1554137032454781.0
1554137032454864.0
1554137032454896.0
1554137032455352.0
1554137032455353.0
1554137032455844.0
1554137032455845.0
1554137032455906.0
1554137032455939.0
1554137032456739.0
1554137032456740.0
1554137032457170.0
1554137032457175.0
1554137032457272.0
1554137032460474.0
1554137032460536.0
1554137032460660.0
1554137032460686.0
1554137032460699.0
1554137032460719.0

1554137032357118.0
1554137032360564.0
1554137032360686.0
1554137032360865.0
1554137032363820.0
1554137032363889.0
1554137032365337.0
1554137032365704.0
1554137032368857.0
1554137032369949.0
1554137032375364.0
1554137032375833.0
1554137032376305.0
1554137032385578.0
1554137032387485.0
1554137032397291.0
1554137032399979.0
1554137032400569.0
1554137032410364.0
1554137032420466.0
1554137032421498.0
1554137032426077.0
1554137032428586.0
1554137032435519.0
1554137032439402.0

1554137032359216.2
1554137032362675.2
1554137032362677.8
1554137032364718.2
1554137032366052.5
1554137032369186.0
1554137032370337.8
1554137032375876.0
1554137032376205.8
1554137032377779.5
1554137032382305.0
1554137032382327.5
1554137032383264.8
1554137032386026.0
1554137032388128.0
1554137032398997.2
1554137032400509.5
1554137032401303.2
1554137032414589.2
1554137032420905.2
1554137032422367.0
1554137032426420.8
1554137032428945.5
1554137032436685.8
1554137032456397.2

25
15
10
