1555512168802079.0
1555512168802080.0
1555512168802080.0
1555512168802081.0
1555512168802081.0
1555512168802082.0
1555512168802082.0
1555512168802207.0
1555512168802208.0
1555512168802208.0
1555512168802208.0
1555512168802209.0
1555512168802220.0
1555512168802244.0
1555512168802271.0
1555512168802288.0
1555512168802305.0
1555512168802324.0
1555512168802346.0
1555512168802410.0
1555512168802430.0
1555512168802454.0
1555512168802462.0
1555512168802479.0
1555512168802493.0

1555512168817804.0
1555512168820904.0
1555512168822580.0
1555512168824171.0
1555512168825793.0
1555512168827382.0
1555512168827405.0
1555512168827670.0
1555512168828283.0
1555512168832704.0
1555512168836120.0
1555512168839456.0
1555512168840088.0
1555512168840124.0
1555512168841231.0
1555512168841271.0
1555512168846175.0
1555512168846215.0
1555512168847200.0
1555512168848305.0
1555512168850888.0

1555512168819308.0
1555512168822069.0
1555512168823718.0
1555512168825307.8
1555512168826914.2
1555512168827590.0
1555512168828457.5
1555512168830948.0
1555512168832898.2
1555512168836294.5
1555512168837545.5
1555512168839774.5
1555512168840324.8
1555512168840746.5
1555512168842433.0
1555512168843177.8
1555512168846363.2
1555512168846762.2
1555512168847954.2
1555512168848537.8
1555512168848950.2
1555512168849394.2
1555512168849967.0
1555512168851074.0
1555512168851909.0

25
13
7
