Success codes:
14
13
11
14
14
13
13
13
12
13
16
13
13
16
17
16
16
14
14
14
10
13
14
13
13

Vouchers used:
10
8
6
8
6
6
9
8
6
6
9
5
8
12
9
7
7
8
8
8
5
4
5
7
6

Ratio:
1.4
1.625
1.8333333333333333
1.75
2.3333333333333335
2.1666666666666665
1.4444444444444444
1.625
2.0
2.1666666666666665
1.7777777777777777
2.6
1.625
1.3333333333333333
1.8888888888888888
2.2857142857142856
2.2857142857142856
1.75
1.75
1.75
2.0
3.25
2.8
1.8571428571428572
2.1666666666666665

Local:
0.001
0.027
0.011
0.012
0.014
0.007
0.023
0.001
0.008
0.023
0.067
0.001
12.267
0.097
0.055
0.0
0.013
0.034
0.001
0.014
0.035
0.0
0.012
0.034
0.057
0.012
0.019
0.017
0.266
0.023
0.018
2.701
0.023
0.032
0.037
0.02
0.019
0.018
0.017
0.018
0.017
0.018
0.018
0.018
0.017
0.017
0.017
0.018
0.004
5.32
0.135
0.078
0.001
0.0
0.0
0.011
0.008
0.026
0.0
0.008
0.024
0.001
0.008
0.023
4.146
0.047
0.077
0.001
0.01
0.03
0.061
0.018
0.001
0.048
0.017
0.036
0.091
0.085
0.0
0.019
0.0
0.014
0.105
0.054
0.001
0.017
0.01
0.035
0.0
0.014
0.034
0.001
0.011
0.033
0.001
0.014
5.217
0.001
0.055
0.0
0.001
0.042
0.029
0.012
0.097
0.001
0.0
0.001
0.0
0.0
0.0
0.027
0.0
0.057
0.0
0.001
0.013
0.004
0.024
0.011
0.03
0.0
0.015
0.005
0.015
0.005
0.206
0.001
0.0
0.001
0.0
0.0
0.001
0.022
1.048
0.005
0.012
0.011
2.375
0.033
0.026
0.018
0.016
0.019
0.001
0.0
0.023
0.005
0.022
0.406
1.121
0.026
0.025
0.001
0.767
0.074
0.034
2.592
0.017
0.075
0.085
1.273
1.295
0.0
0.001
0.001
0.0
0.001
0.158
0.001
0.0
0.0
6.973
0.001
0.0
0.001
0.0
0.001
0.001
0.001
0.275
0.0
0.001
0.0
0.001
0.0
0.0
0.001
0.0
0.001
0.0
0.001
0.0
0.001
0.0
0.001
0.0
0.141
0.0
0.001
0.0
0.0
0.001
0.0
0.0
0.001
0.0
0.033
0.001
0.0
0.0
0.015
0.0
0.008
0.006
0.009
0.067
0.291
0.261
0.121
0.065
0.036
0.038
3.032
0.001
1.976
0.1
2.821
0.171
0.772
0.188
0.617
0.001
0.667
0.055
0.615
0.011
0.79
0.1
0.261
0.001
0.0
0.419
0.087
0.001
1.267
0.001
1.02
0.001
0.0
0.066
0.0
0.001
0.012
0.514
0.081
2.738
0.001
0.015
0.027
0.054
0.001
0.0
0.013
0.048
0.01
0.021
0.016
0.018
0.056
0.0
0.0
0.014
0.073
0.001
0.0
0.013
0.006
0.025
0.0
0.008
11.947
0.16
0.0
0.0
0.023
0.02
0.018
0.001
0.002
0.105
0.002
0.002
0.001
0.097
0.001
0.029
0.275
0.001
0.0
0.0
0.001
0.0
0.001
0.059
0.142
0.065
0.001
0.001
0.019
5.349
0.001
6.173
3.898
0.0
0.078
0.001
0.0
0.042
0.0
0.011
0.007
0.049
0.001
0.993
0.028
0.073
0.0
0.0
0.015
0.005
0.011
0.01
0.023
0.0
0.007
7.884
0.894
1.002
5.77
0.084
0.112
0.001
0.0
0.0
4.455
0.174
0.029
0.204
0.015
0.014
0.02
0.074
0.025
0.0
0.013
0.023
0.0
0.008
6.178
0.0
0.001
0.013
0.005
0.026
0.0
0.007
0.024
0.001
0.008
0.029
0.0
0.058
0.03
0.044
0.548
0.023
0.023
0.029
0.034
0.049
0.043
1.192
0.034
0.172
0.016
0.008
0.019
0.016
0.015
0.01
0.017
0.01
0.017
0.019
0.219
0.001
0.0
0.0
0.001
0.0
0.0
1.251
0.052
0.016
0.016
0.011
0.018
0.042
0.019
0.023
0.009
0.007
0.026
0.0
0.008
0.024
0.0
1.105
0.019
0.008
0.112
0.001
0.0
1.026
0.0
0.001
0.0
0.0
0.903
0.001
0.0
0.231
0.012
0.016
0.014
0.01
0.017
0.012
0.016
0.01
0.016
0.009
0.017
0.01
0.016
0.025
0.223
0.001
0.0
0.001
0.0
0.0
0.001
0.0
0.0
0.022
0.005
5.274
0.04
0.035
0.033
0.032
0.03
0.036
0.034
0.047
0.025
0.188
0.0
0.001
0.0
0.001
0.0
0.0
0.001
0.001
0.0
0.037
0.001
0.078
0.315
0.038
0.024
0.041
0.029
1.002
0.073
0.033
4.221
0.001
0.013
0.0
0.014
0.01
0.022
0.001
0.008
0.024
0.001
0.009
0.031
0.006
0.022
1.364
0.015
0.113
0.001
0.538
1.908
0.028
0.007
0.013
0.007
0.016
0.008
0.01
1.33
0.038
0.022
0.034
4.803
0.081
0.001
0.0
0.0
0.015
0.007
0.026
0.014
0.016
0.05
0.085
0.02
0.017
0.019
0.015
0.016
0.018
0.045
0.009
0.026
0.048
0.01
0.054
0.054
0.001
0.011
0.018
0.028
0.019
0.02
0.001
0.0
0.001
0.0
0.001
0.0
0.125
0.001
0.0
0.0
0.001
0.011
0.024
0.027
0.017
0.017
0.019
0.022
0.064
0.02
0.024
0.008
0.017
0.014
0.041
0.001
0.011
0.036
0.0
0.012
0.034
0.001
0.012
0.687
0.04
0.02
0.076
0.001
0.018
1.359
0.084
0.06
0.063
0.053
0.031
0.062
0.063
2.364

Web:
2.284
2.229
0.032
3.61
1.953
0.504
0.041
0.383
1.524
8.142
1.537
0.219
0.496
3.307
0.562
1.461
0.38
1.349
4.549
1.127
1.12
1.157
4.385
1.256
0.776
0.888
0.67
3.311
3.258
0.421
2.775
0.544
3.379
2.777
2.285
2.748
1.232
1.177
0.564
1.408
1.552
0.554
1.667
0.631
0.829
0.174
3.628
1.869
4.251
2.591
0.958
1.199
0.032
1.121
0.442
3.56
2.447
3.489
8.521
0.046
1.088
1.164
0.039
0.539
2.606
1.823
1.462
1.026
0.642
2.697
1.729
1.615
1.603
2.207
0.321
0.316
0.649
3.82
5.353
1.476
0.697
0.064
0.989
1.459
1.125
0.045
3.249
0.431
0.353
0.417
0.433
0.038
1.664
1.859
0.29
2.592
2.332
0.02
0.248
0.628
8.607
2.325
1.702
0.817
0.64
0.366
1.576
0.043
1.736
2.146
1.212
0.184
0.038
2.324
0.821
2.243
0.949
3.379
1.265
0.027
2.544
0.947
1.335
7.205
1.806
2.034
1.818
1.052
1.11
0.047
1.112
1.001
0.681
0.524
0.877
2.291
1.756
2.432
0.028
0.493
4.353
1.28
0.04
3.544
1.589
1.74
5.705
0.914
0.856
0.877
0.622
1.781
0.117
1.821
0.182
0.117
0.506
2.889
0.496
1.857
2.168
1.496
1.691
1.535
1.85
0.023
1.907
2.336
1.944
7.494
0.221
0.557
1.63
0.606
0.454
0.483
1.317
3.011
0.375
0.605
0.019
0.385
2.676
3.173
0.626
0.88
2.827
1.687
0.255
1.748
0.255
2.237
7.977
0.047
0.985
0.574
0.554
1.018
0.375
4.568
0.037
2.553
0.579
0.506
3.414
2.115
1.236
0.81
1.965
2.819
0.233
0.291
2.573
2.536
5.033
2.451
0.04
1.055
0.208
0.897
1.17
3.201
1.664
1.082
0.04
0.97
0.962
0.916
2.296
0.062
1.005
4.221
0.19
0.101
3.99
0.039
2.675
3.655
3.019
0.074
1.276
1.947
1.535
1.263
0.036
1.594
0.538
1.35
1.156
2.697
1.961
1.364
1.606
1.608
1.628
0.023
0.312
2.561
2.313
6.147
0.138
0.063
2.615
0.696
0.115
0.202
2.861
3.072
0.039
1.949
0.655
0.709
2.3
1.67
0.03
2.377
2.952
0.492
1.752
0.505
2.116
6.919
0.951
0.04
0.609
1.139
1.324
0.954
2.315
0.041
2.45
0.812
0.691
0.047
2.188
1.954
6.575
3.425
1.677
0.571
0.958
0.023
1.583
1.685
3.341
0.461
4.417
1.114
1.492
0.035
1.296
0.875
0.036
2.699
1.585
2.433
1.118
2.298
5.067
0.274
0.025
5.827
0.74
0.473
1.706
0.02
1.911
0.056
11.437
0.276
1.29
0.434
1.079
0.017
0.818
0.679
0.514
0.747
1.079
2.269
0.037
1.479
1.958
1.677
1.624
1.645
1.625
0.039
0.258
0.786
0.974
7.756
0.987
1.981
2.191
0.408
1.671
0.315
1.088
0.705
0.046
0.036
2.593
1.013
1.681
0.942
2.701
0.794
1.656
1.615
3.173
0.024
0.651
0.819
3.095
3.217
1.68
2.179
0.045
2.08
0.047
2.708
1.157
1.043
0.034
3.47
1.212
1.631
2.644
2.808
1.696
1.63
1.671
1.616
0.271
0.288
0.813
2.506
6.434
1.35
0.048
1.276
0.045
2.246
0.039
3.15
0.02
0.631
0.425
0.385
0.923
0.925
0.239
3.082
1.739
1.138
1.663
1.648
0.027
0.303
1.353
2.274
5.889
3.09
0.041
2.119
0.939
0.578
1.354
1.701
1.195
4.339
1.428
0.667
1.481
1.226
1.334
1.294
1.776
6.905
2.244
0.942
0.925
0.487
0.508
1.972
1.324
4.588
0.858
1.773
0.736
0.901
1.371
2.262
0.126
0.957
1.235
1.113
5.702
1.573
1.809
1.664
1.661
1.051
0.025
0.291
5.546
5.749
0.043
0.062
1.834
1.036
0.381
1.525
1.159
1.868
1.093
0.018
0.565
1.478
1.742
9.295
1.362
0.653
1.908
0.032
1.65
3.98
0.025
1.876
0.666
4.374
5.031
2.192
0.73
0.041
2.835
0.622
0.406
0.854
1.576
1.785
1.153
1.601
0.039
1.396
3.186
1.679
1.617
1.682
1.617
0.317
0.785
0.278
2.719
4.413
2.491
0.477
0.926
1.25
0.038
1.991
3.283
0.119
0.045
2.244
0.971
1.065
3.1
1.676
1.591
1.622
1.589
0.023
0.265
0.613
4.421
3.416
3.336
0.632
0.036
1.107
0.04
4.904
0.04
0.985
1.105
2.583
2.034
0.513
1.922
1.329
3.544
0.043
0.26
0.035
1.988
9.78
1.638
0.562
0.695
0.043
1.051
0.565
0.046
1.824
0.735
4.816
0.033
1.162

App:
2.15175
2.22625
1.621
2.017
1.003
1.879
1.69475
4.52425
2.79425
1.37125
0.5095
0.531
1.007
1.8405
0.463
1.4625
0.3715
1.3675
4.5385
1.1535
1.1025
1.214
4.34375
1.54625
2.46725
1.034
1.2775
0.4885
1.08525
1.63675
0.541
1.1825
2.218
2.7065
3.787
1.99275
0.49275
1.19075
0.55825
1.74025
1.30125
0.4525
1.79025
0.79825
0.77675
3.06225
0.91275
1.46225
1.7385
4.3695
3.7255
0.6705
1.70825
1.0325
1.70625
0.87125
1.56075
3.557
4.302
4.25025
0.4725
0.558
1.2115
0.54175
0.42275
2.1455
1.82075
1.57975
0.416
0.58775
0.53475
0.38075
2.279
1.666
1.60425
2.2075
0.72275
0.31725
0.65425
0.259
3.841
5.45275
1.365
0.795
0.41575
1.46625
0.4885
1.5295
0.687
2.3005
0.40325
0.2855
0.55825
0.3125
0.16675
7.4
3.04775
1.676
1.0665
0.35025
1.64075
0.77925
1.0975
1.15625
4.819
2.577
1.411
0.827
1.2635
0.41375
0.94775
0.415
1.91125
1.85875
1.11325
0.76425
0.41225
1.25125
1.99825
1.13125
3.35375
1.34375
1.67175
0.35825
0.24
1.03675
1.287
0.907
4.388
4.1735
1.7415
2.14175
2.17175
1.1765
0.70875
0.455
0.5265
1.041
0.6795
1.629
0.7485
1.31925
1.67775
0.39575
3.112
2.11625
2.035
0.345
0.9645
0.94725
1.35275
2.78425
0.48275
5.6895
0.921
0.8585
1.76875
0.3195
1.3035
0.78125
1.34125
0.48675
0.66575
0.42575
2.346
0.41225
1.39
1.35575
1.94825
1.47
1.6705
3.00325
0.626
0.7765
1.1715
1.80375
1.29625
7.70625
0.5285
1.6105
0.6085
0.477
0.496
0.82325
0.8535
2.688
0.291
0.739
0.415
0.25425
0.1785
2.136
4.49125
1.1105
1.75275
0.6855
0.47475
1.25575
0.27
0.23525
4.2445
6.0855
0.433
0.4765
0.64875
0.846
1.03075
0.41775
2.64875
1.5215
1.9485
1.21375
0.52025
0.5035
0.43975
2.43875
1.893
2.0655
3.0635
1.01225
0.24125
1.27075
3.36725
0.40775
1.079
4.023
2.49
0.45225
1.2415
1.1615
0.47275
0.69075
2.48825
1.826
1.029
0.43625
0.487
1.0165
0.39625
0.53
3.86625
1.14925
1.8085
1.898
0.60775
0.4035
0.91025
1.36675
1.29125
3.88375
3.2295
0.4305
0.4475
1.933
1.555
1.30975
0.5095
1.078
0.836
1.03125
1.1895
1.311
0.9035
1.039
1.77925
1.343
1.612
1.625
0.721
0.26675
1.44775
1.354
2.0975
6.321
0.9295
1.19475
0.49
1.9915
0.4075
0.989
1.1015
2.4725
0.76125
1.25525
0.61825
1.1305
0.43175
1.0475
1.9345
4.09275
0.9915
1.05025
0.5945
1.617
0.50975
2.135
0.51125
6.43275
0.91875
0.854
0.415
0.472
1.30725
1.579
1.736
1.495
0.963
0.8215
0.7255
0.41525
1.762
1.95775
6.40875
6.4715
0.6905
0.93725
1.38725
0.6055
2.096
0.4805
0.4375
3.94125
1.11975
1.52225
0.386
1.0755
0.778
0.688
1.99675
1.5895
1.1405
1.2815
1.113
1.27875
0.54925
0.473
6.184
1.64025
1.24175
1.68025
1.1215
1.07525
0.23275
1.73225
0.4075
1.9305
9.08375
0.55325
1.007
1.05225
0.4755
0.40425
0.411
0.68425
0.80975
1.5175
0.37925
1.94775
0.66825
0.895
1.71175
1.6665
1.6425
1.631
0.71625
0.2375
0.793
0.9915
4.3195
3.39225
2.0435
1.26375
2.26375
0.65925
1.35425
0.45425
0.85375
0.56625
0.68525
0.4105
1.79575
0.69675
1.69175
5.15275
3.07525
1.629
1.68575
0.9335
1.296
0.2055
0.398
0.85
3.083
3.17825
1.71025
2.217
0.4125
1.70075
0.66875
2.065
1.31725
0.94775
2.66625
0.7355
1.2375
1.8435
1.594
0.80075
2.4255
1.644
1.65325
1.6425
0.66575
0.28275
0.23925
0.84525
2.48075
6.58925
1.24325
0.42275
1.14975
0.41075
1.60425
0.3945
2.78625
0.24625
0.387
0.46325
1.257
0.92325
3.083
0.205
2.911
2.835
1.67325
0.7405
0.244
0.12575
1.26375
3.13775
2.24575
2.7335
3.1545
0.90675
1.28325
0.9505
0.53975
1.2915
1.74375
1.1765
4.391
1.4075
0.665
1.47475
1.52775
1.0635
1.78125
0.52475
6.94
1.69575
0.9045
0.489
1.08075
1.402
1.26725
4.6045
0.8605
1.76775
1.04625
0.66825
1.2795
1.4565
0.93525
0.5015
0.462
1.23325
1.41375
3.3335
1.20175
0.90775
1.777
1.6595
1.778
0.244
1.62875
1.01825
0.6375
2.33725
6.429
0.561
1.09325
0.4945
0.44825
0.51175
1.009
1.22675
1.81225
1.18675
0.2375
0.22025
1.56925
1.68225
10.05275
0.63675
4.266
1.011
1.3095
1.05675
0.76
0.70425
0.93125
3.51325
0.33525
4.63475
2.17
0.751
0.451
2.5235
1.254
0.47875
0.39225
1.15975
2.35975
0.883
1.365
0.42025
1.0895
0.401
2.878
1.62375
1.65875
1.65075
0.70775
0.25175
0.815
0.308
3.7865
3.26875
2.498
0.48675
0.9225
1.26825
0.42075
2.1385
2.88025
0.67625
0.436
1.2785
0.82275
0.617
0.72375
1.183
2.761
1.649
1.58975
1.6065
0.67575
0.8675
2.4905
1.95025
3.39625
1.251
2.229
0.55025
0.42175
1.6865
0.74475
3.1855
0.399
1.192
0.5835
0.4125
0.444
0.57275
1.107
0.835
2.29025
1.8065
1.14875
1.562
1.27125
0.27475
1.02025
1.00375
0.97575
8.7845
1.6905
0.60425
0.71525
0.461
0.50275
0.58175
0.39125
1.46625
0.7185
3.49225
1.4345
0.24975
0.8215
1.24675

Diff:
1.47775
2.52275
2.981
1.36575
2.94525
1.87475
1.88975
1.42175
2.0375
1.83525
2.46375
2.2125
1.09
3.3855
1.1465
1.02225
1.4975
0.79725
0.93075
2.71175
1.27875
2.3485
1.8085
3.4905
2.09025