1555512113062936.0
1555512113063014.0
1555512113063329.0
1555512113063367.0
1555512113063391.0
1555512113063432.0
1555512113063461.0
1555512113064463.0
1555512113064536.0
1555512113064569.0
1555512113068790.0
1555512113068791.0
1555512113068804.0
1555512113068804.0
1555512113068818.0
1555512113068828.0
1555512113068850.0
1555512113068851.0
1555512113068859.0
1555512113068883.0
1555512113068884.0
1555512113068893.0
1555512113068924.0
1555512113068930.0
1555512113068952.0

1555512113078890.0
1555512113080463.0
1555512113082272.0
1555512113083936.0
1555512113085597.0
1555512113086648.0
1555512113086673.0
1555512113086964.0
1555512113092510.0
1555512113098259.0
1555512113098302.0
1555512113098364.0
1555512113100198.0
1555512113101234.0
1555512113101615.0
1555512113103140.0
1555512113104299.0
1555512113106167.0
1555512113107260.0
1555512113107278.0
1555512113107843.0
1555512113109321.0
1555512113111063.0
1555512113120358.0
1555512113121720.0

1555512113081664.2
1555512113083441.2
1555512113085100.8
1555512113086878.8
1555512113087122.8
1555512113088751.5
1555512113089769.8
1555512113090407.2
1555512113092744.5
1555512113099173.5
1555512113099734.5
1555512113100827.8
1555512113101322.2
1555512113101770.5
1555512113102282.2
1555512113103291.2
1555512113104518.0
1555512113106330.2
1555512113107517.0
1555512113107754.5
1555512113107974.8
1555512113109544.0
1555512113111226.2
1555512113121279.0
1555512113121915.8

25
10
5
