1555512092071375.0
1555512092071397.0
1555512092071402.0
1555512092076676.0
1555512092076716.0
1555512092076751.0
1555512092076784.0
1555512092076816.0
1555512092076846.0
1555512092076882.0
1555512092076916.0
1555512092076963.0
1555512092076988.0
1555512092077176.0
1555512092077176.0
1555512092077177.0
1555512092077177.0
1555512092077178.0
1555512092077178.0
1555512092077178.0
1555512092077179.0
1555512092077180.0
1555512092077180.0
1555512092077217.0
1555512092077218.0

1555512092087007.0
1555512092088301.0
1555512092090077.0
1555512092096982.0
1555512092099226.0
1555512092100168.0
1555512092101093.0
1555512092101580.0
1555512092102088.0
1555512092104060.0
1555512092105384.0
1555512092109972.0
1555512092110830.0
1555512092112603.0
1555512092113339.0
1555512092114240.0
1555512092115611.0
1555512092117873.0
1555512092117999.0
1555512092118956.0
1555512092120191.0
1555512092121304.0
1555512092127006.0

1555512092089445.0
1555512092091226.2
1555512092091751.0
1555512092098691.0
1555512092100386.8
1555512092101291.2
1555512092101780.2
1555512092102861.0
1555512092104263.0
1555512092105530.2
1555512092110134.8
1555512092110995.2
1555512092112763.0
1555512092113809.2
1555512092114477.5
1555512092115757.0
1555512092117213.5
1555512092118148.8
1555512092118650.2
1555512092119112.2
1555512092120345.5
1555512092121759.2
1555512092125092.8
1555512092126294.5
1555512092127202.2

25
14
8
