Time-differences (millis):

0.004
5.32
0.135
0.078
0.001
0.0
0.0
0.011
0.008
0.026
0.0
0.008
0.024
0.001
0.008
0.023
4.146
0.047
0.077
0.001
0.01
0.03
0.061
0.018

1.869
4.251
2.591
0.958
1.199
0.032
1.121
0.442
3.56
2.447
3.489
8.521
0.046
1.088
1.164
0.039
0.539
2.606
1.823
1.462
1.026
0.642

1.7385
4.3695
3.7255
0.6705
1.70825
1.0325
1.70625
0.87125
1.56075
3.557
4.302
4.25025
0.4725
0.558
1.2115
0.54175
0.42275
2.1455
1.82075
1.57975
0.416
0.58775
0.53475
0.38075

Test:	RTW2_r_3
Requests:	25
Success:	11
Used:   	6

Local times (milisec):
min:	0.0
max:	5.32
mean:	0.41820833333333335
median:	0.014499999999999999
stdev:	1.3405671083916124

Web server times (milisec):
min:	0.032
max:	8.521
mean:	1.8597727272727274
median:	1.1815
stdev:	1.9021898891695528

App server times (milisec):
min:	0.38075
max:	4.3695
mean:	1.6735
median:	1.386125
stdev:	1.3574567932911066
diff:	2.981