Time-differences (millis):

0.001
0.002
0.105
0.002
0.002
0.001
0.097
0.001
0.029
0.275
0.001
0.0
0.0
0.001
0.0
0.001
0.059
0.142
0.065
0.001
0.001
0.019
5.349
0.001

2.3
1.67
0.03
2.377
2.952
0.492
1.752
0.505
2.116
6.919
0.951
0.04
0.609
1.139
1.324
0.954
2.315
0.041
2.45
0.812
0.691
0.047
2.188
1.954

1.9345
4.09275
0.9915
1.05025
0.5945
1.617
0.50975
2.135
0.51125
6.43275
0.91875
0.854
0.415
0.472
1.30725
1.579
1.736
1.495
0.963
0.8215
0.7255
0.41525
1.762
1.95775

Test:	RTW2_r_13
Requests:	25
Success:	13
Used:   	8

Local times (milisec):
min:	0.0
max:	5.349
mean:	0.25645833333333334
median:	0.0015
stdev:	1.0866472560394063

Web server times (milisec):
min:	0.03
max:	6.919
mean:	1.5261666666666667
median:	1.2315
stdev:	1.456702728966933

App server times (milisec):
min:	0.415
max:	6.43275
mean:	1.47046875
median:	1.020875
stdev:	1.3313915985369935
diff:	1.09