Time-differences (millis):

0.001
0.027
0.011
0.012
0.014
0.007
0.023
0.001
0.008
0.023
0.067
0.001
12.267
0.097
0.055
0.0
0.013
0.034
0.001
0.014
0.035
0.0
0.012
0.034

2.284
2.229
0.032
3.61
1.953
0.504
0.041
0.383
1.524
8.142
1.537
0.219
0.496
3.307
0.562
1.461
0.38
1.349
4.549
1.127
1.12
1.157
4.385
1.256

2.15175
2.22625
1.621
2.017
1.003
1.879
1.69475
4.52425
2.79425
1.37125
0.5095
0.531
1.007
1.8405
0.463
1.4625
0.3715
1.3675
4.5385
1.1535
1.1025
1.214
4.34375
1.54625

Test:	RTW2_r_1
Requests:	25
Success:	14
Used:   	10

Local times (milisec):
min:	0.0
max:	12.267
mean:	0.5315416666666667
median:	0.0135
stdev:	2.499754300607521

Web server times (milisec):
min:	0.032
max:	8.142
mean:	1.8169583333333332
median:	1.3025
stdev:	1.8671875497695705

App server times (milisec):
min:	0.3715
max:	4.5385
mean:	1.7805625
median:	1.504375
stdev:	1.1967272201308758
diff:	1.47775