1555427464383650.0
1555427464388867.0
1555427464388868.0
1555427464388923.0
1555427464388923.0
1555427464388924.0
1555427464388966.0
1555427464388995.0
1555427464389007.0
1555427464389104.0
1555427464389105.0
1555427464389105.0
1555427464389106.0
1555427464389106.0
1555427464389106.0
1555427464389106.0
1555427464389133.0
1555427464389133.0
1555427464389190.0
1555427464389190.0
1555427464389191.0
1555427464389204.0
1555427464389208.0
1555427464389232.0
1555427464389243.0

1555427464398696.0
1555427464400360.0
1555427464402219.0
1555427464402509.0
1555427464405101.0
1555427464407433.0
1555427464407453.0
1555427464407701.0
1555427464408329.0
1555427464416936.0
1555427464419261.0
1555427464420963.0
1555427464421780.0
1555427464422420.0
1555427464422786.0
1555427464424362.0
1555427464424405.0
1555427464426141.0
1555427464428287.0
1555427464429499.0
1555427464429683.0
1555427464429721.0
1555427464432045.0

1555427464401496.0
1555427464404543.8
1555427464406219.8
1555427464407286.2
1555427464407636.5
1555427464409277.2
1555427464410056.5
1555427464411154.0
1555427464412310.2
1555427464417129.2
1555427464419706.2
1555427464421117.2
1555427464421944.2
1555427464423207.8
1555427464423621.5
1555427464424569.2
1555427464424984.2
1555427464426895.5
1555427464428754.2
1555427464429867.5
1555427464430631.8
1555427464431044.0
1555427464432295.2
1555427464434293.5
1555427464435424.8

25
14
6
