1555512186561221.0
1555512186561262.0
1555512186561263.0
1555512186561274.0
1555512186561310.0
1555512186561310.0
1555512186561322.0
1555512186561356.0
1555512186561357.0
1555512186561369.0
1555512186562056.0
1555512186562096.0
1555512186562116.0
1555512186562192.0
1555512186562193.0
1555512186562211.0
1555512186563570.0
1555512186563654.0
1555512186563714.0
1555512186563777.0
1555512186563830.0
1555512186563861.0
1555512186563923.0
1555512186563986.0
1555512186566350.0

1555512186578374.0
1555512186580408.0
1555512186580921.0
1555512186582843.0
1555512186584172.0
1555512186587716.0
1555512186587759.0
1555512186588019.0
1555512186588054.0
1555512186590042.0
1555512186599822.0
1555512186601460.0
1555512186602022.0
1555512186602717.0
1555512186602760.0
1555512186603811.0
1555512186604376.0
1555512186604422.0
1555512186606246.0
1555512186606981.0
1555512186611797.0
1555512186611830.0
1555512186612992.0

1555512186579871.2
1555512186582161.5
1555512186583968.0
1555512186585116.8
1555512186586678.8
1555512186587950.0
1555512186588224.8
1555512186589245.0
1555512186590248.8
1555512186591224.5
1555512186600009.0
1555512186601699.5
1555512186602303.8
1555512186603019.0
1555512186603480.0
1555512186603982.8
1555512186604564.5
1555512186604955.8
1555512186606422.0
1555512186607140.5
1555512186610632.8
1555512186612067.2
1555512186612317.0
1555512186613138.5
1555512186614385.2

25
13
6
