Time-differences (millis):

0.022
0.005
5.274
0.04
0.035
0.033
0.032
0.03
0.036
0.034
0.047
0.025
0.188
0.0
0.001
0.0
0.001
0.0
0.0
0.001
0.001
0.0
0.037
0.001

1.294
1.776
6.905
2.244
0.942
0.925
0.487
0.508
1.972
1.324
4.588
0.858
1.773
0.736
0.901
1.371
2.262
0.126
0.957
1.235
1.113
5.702

1.78125
0.52475
6.94
1.69575
0.9045
0.489
1.08075
1.402
1.26725
4.6045
0.8605
1.76775
1.04625
0.66825
1.2795
1.4565
0.93525
0.5015
0.462
1.23325
1.41375
3.3335
1.20175
0.90775

Test:	RTW2_r_20
Requests:	25
Success:	14
Used:   	8

Local times (milisec):
min:	0.0
max:	5.274
mean:	0.24345833333333333
median:	0.0235
stdev:	1.0721960389847058

Web server times (milisec):
min:	0.126
max:	6.905
mean:	1.8181363636363637
median:	1.2645
stdev:	1.720842271498647

App server times (milisec):
min:	0.462
max:	6.94
mean:	1.57321875
median:	1.2175
stdev:	1.466880095186683
diff:	2.71175