Time-differences (millis):

0.172
0.016
0.008
0.019
0.016
0.015
0.01
0.017
0.01
0.017
0.019
0.219
0.001
0.0
0.0
0.001
0.0
0.0
1.251
0.052
0.016
0.016
0.011
0.018

2.701
0.794
1.656
1.615
3.173
0.024
0.651
0.819
3.095
3.217
1.68
2.179
0.045
2.08
0.047
2.708
1.157
1.043
0.034
3.47
1.212
1.631
2.644

3.07525
1.629
1.68575
0.9335
1.296
0.2055
0.398
0.85
3.083
3.17825
1.71025
2.217
0.4125
1.70075
0.66875
2.065
1.31725
0.94775
2.66625
0.7355
1.2375
1.8435
1.594
0.80075

Test:	RTW2_r_17
Requests:	25
Success:	16
Used:   	7

Local times (milisec):
min:	0.0
max:	1.251
mean:	0.07933333333333333
median:	0.016
stdev:	0.25516059165990324

Web server times (milisec):
min:	0.024
max:	3.47
mean:	1.6380434782608695
median:	1.631
stdev:	1.1175668569897272

App server times (milisec):
min:	0.2055
max:	3.17825
mean:	1.5104583333333332
median:	1.455625
stdev:	0.8669444238577066
diff:	1.4975