1555512150844861.0
1555512150844887.0
1555512150844901.0
1555512150844917.0
1555512150844967.0
1555512150845052.0
1555512150845072.0
1555512150845089.0
1555512150845108.0
1555512150845123.0
1555512150845139.0
1555512150845157.0
1555512150845202.0
1555512150845211.0
1555512150845237.0
1555512150845285.0
1555512150845295.0
1555512150845349.0
1555512150845403.0
1555512150845404.0
1555512150845415.0
1555512150845433.0
1555512150845461.0
1555512150845480.0
1555512150845500.0

1555512150860926.0
1555512150864112.0
1555512150865791.0
1555512150867408.0
1555512150869090.0
1555512150870707.0
1555512150871024.0
1555512150871809.0
1555512150872087.0
1555512150874806.0
1555512150879219.0
1555512150881710.0
1555512150882187.0
1555512150883113.0
1555512150884363.0
1555512150884401.0
1555512150886392.0
1555512150889675.0
1555512150889794.0
1555512150889839.0
1555512150892083.0
1555512150893054.0
1555512150894119.0

1555512150862424.5
1555512150865302.5
1555512150866926.2
1555512150868585.0
1555512150870235.8
1555512150870943.5
1555512150871195.2
1555512150872010.2
1555512150872318.2
1555512150876104.8
1555512150879373.5
1555512150881871.5
1555512150882358.2
1555512150883280.8
1555512150884549.0
1555512150884969.8
1555512150887108.2
1555512150889988.5
1555512150890664.8
1555512150891100.8
1555512150892379.2
1555512150893202.0
1555512150893819.0
1555512150894542.8
1555512150895725.8

25
14
5
