1555427637282555.0
1555427637282603.0
1555427637282613.0
1555427637282634.0
1555427637282650.0
1555427637282668.0
1555427637282724.0
1555427637282724.0
1555427637282724.0
1555427637282738.0
1555427637282811.0
1555427637282812.0
1555427637282812.0
1555427637282825.0
1555427637282831.0
1555427637282856.0
1555427637282856.0
1555427637282864.0
1555427637294811.0
1555427637294971.0
1555427637294971.0
1555427637294971.0
1555427637294994.0
1555427637295014.0
1555427637295032.0

1555427637296842.0
1555427637298803.0
1555427637300167.0
1555427637301773.0
1555427637303381.0
1555427637305009.0
1555427637305032.0
1555427637305344.0
1555427637307905.0
1555427637310218.0
1555427637316365.0
1555427637316503.0
1555427637316566.0
1555427637319181.0
1555427637319877.0
1555427637319992.0
1555427637320194.0
1555427637323055.0
1555427637326127.0
1555427637326166.0
1555427637328115.0
1555427637328770.0
1555427637329479.0

1555427637298170.2
1555427637299949.5
1555427637301292.5
1555427637302904.5
1555427637304529.5
1555427637305250.5
1555427637305517.2
1555427637306965.0
1555427637308319.0
1555427637310416.5
1555427637316737.5
1555427637317667.0
1555427637318861.8
1555427637319351.8
1555427637321343.2
1555427637321750.8
1555427637322739.8
1555427637323841.2
1555427637326313.8
1555427637327075.0
1555427637328330.2
1555427637328948.5
1555427637330079.0
1555427637330510.8
1555427637331558.2

25
13
5
