Time-differences (millis):

7.884
0.894
1.002
5.77
0.084
0.112
0.001
0.0
0.0
4.455
0.174
0.029
0.204
0.015
0.014
0.02
0.074
0.025
0.0
0.013
0.023
0.0
0.008
6.178

5.067
0.274
0.025
5.827
0.74
0.473
1.706
0.02
1.911
0.056
11.437
0.276
1.29
0.434
1.079
0.017
0.818
0.679
0.514
0.747
1.079
2.269
0.037
1.479

6.184
1.64025
1.24175
1.68025
1.1215
1.07525
0.23275
1.73225
0.4075
1.9305
9.08375
0.55325
1.007
1.05225
0.4755
0.40425
0.411
0.68425
0.80975
1.5175
0.37925
1.94775
0.66825
0.895

Test:	RTW2_r_15
Requests:	25
Success:	17
Used:   	9

Local times (milisec):
min:	0.0
max:	7.884
mean:	1.124125
median:	0.027000000000000003
stdev:	2.3316401637604525

Web server times (milisec):
min:	0.017
max:	11.437
mean:	1.5939166666666666
median:	0.7435
stdev:	2.557338679797497

App server times (milisec):
min:	0.23275
max:	9.08375
mean:	1.54728125
median:	1.0296249999999998
stdev:	1.9925228904807277
diff:	1.1465