1555511981829340.0
1555511981829340.0
1555511981829341.0
1555511981829354.0
1555511981829359.0
1555511981829385.0
1555511981829385.0
1555511981829392.0
1555511981829416.0
1555511981829417.0
1555511981829425.0
1555511981829454.0
1555511981829454.0
1555511981829512.0
1555511981829542.0
1555511981829586.0
1555511981830134.0
1555511981830157.0
1555511981830180.0
1555511981830209.0
1555511981830243.0
1555511981830292.0
1555511981830335.0
1555511981831527.0
1555511981831561.0

1555511981846303.0
1555511981848261.0
1555511981849938.0
1555511981851562.0
1555511981853207.0
1555511981854832.0
1555511981854871.0
1555511981855129.0
1555511981855915.0
1555511981856889.0
1555511981864645.0
1555511981865632.0
1555511981867613.0
1555511981869804.0
1555511981870212.0
1555511981871883.0
1555511981872198.0
1555511981873286.0
1555511981873991.0
1555511981874037.0
1555511981874073.0
1555511981876666.0
1555511981877679.0
1555511981879360.0
1555511981880302.0

1555511981847689.2
1555511981849401.0
1555511981851067.5
1555511981852710.0
1555511981854341.0
1555511981855057.2
1555511981855294.8
1555511981856087.8
1555511981857079.2
1555511981861398.8
1555511981864791.0
1555511981866834.5
1555511981868098.2
1555511981870362.0
1555511981871021.2
1555511981872375.5
1555511981872829.8
1555511981873683.5
1555511981874249.8
1555511981874935.0
1555511981875345.5
1555511981877141.2
1555511981877838.0
1555511981879529.8
1555511981884682.5

25
16
7
