Time-differences (millis):

0.048
0.01
0.021
0.016
0.018
0.056
0.0
0.0
0.014
0.073
0.001
0.0
0.013
0.006
0.025
0.0
0.008
11.947
0.16
0.0
0.0
0.023
0.02
0.018

1.961
1.364
1.606
1.608
1.628
0.023
0.312
2.561
2.313
6.147
0.138
0.063
2.615
0.696
0.115
0.202
2.861
3.072
0.039
1.949
0.655
0.709

1.77925
1.343
1.612
1.625
0.721
0.26675
1.44775
1.354
2.0975
6.321
0.9295
1.19475
0.49
1.9915
0.4075
0.989
1.1015
2.4725
0.76125
1.25525
0.61825
1.1305
0.43175
1.0475

Test:	RTW2_r_12
Requests:	25
Success:	13
Used:   	5

Local times (milisec):
min:	0.0
max:	11.947
mean:	0.519875
median:	0.015
stdev:	2.434214118560649

Web server times (milisec):
min:	0.023
max:	6.147
mean:	1.4835
median:	1.485
stdev:	1.4581544026284603

App server times (milisec):
min:	0.26675
max:	6.321
mean:	1.3911666666666667
median:	1.162625
stdev:	1.1924126680870564
diff:	2.2125