Time-differences (millis):

0.026
0.014
0.016
0.05
0.085
0.02
0.017
0.019
0.015
0.016
0.018
0.045
0.009
0.026
0.048
0.01
0.054
0.054
0.001
0.011
0.018
0.028
0.019
0.02

3.186
1.679
1.617
1.682
1.617
0.317
0.785
0.278
2.719
4.413
2.491
0.477
0.926
1.25
0.038
1.991
3.283
0.119
0.045
2.244
0.971
1.065

2.878
1.62375
1.65875
1.65075
0.70775
0.25175
0.815
0.308
3.7865
3.26875
2.498
0.48675
0.9225
1.26825
0.42075
2.1385
2.88025
0.67625
0.436
1.2785
0.82275
0.617
0.72375
1.183

Test:	RTW2_r_23
Requests:	25
Success:	14
Used:   	5

Local times (milisec):
min:	0.001
max:	0.085
mean:	0.026625
median:	0.019
stdev:	0.019452981217820305

Web server times (milisec):
min:	0.038
max:	4.413
mean:	1.5087727272727274
median:	1.4335
stdev:	1.1818863426065245

App server times (milisec):
min:	0.25175
max:	3.7865
mean:	1.3875520833333335
median:	1.05275
stdev:	1.016808113174364
diff:	1.8085