Time-differences (millis):

0.042
0.019
0.023
0.009
0.007
0.026
0.0
0.008
0.024
0.0
1.105
0.019
0.008
0.112
0.001
0.0
1.026
0.0
0.001
0.0
0.0
0.903
0.001
0.0

2.808
1.696
1.63
1.671
1.616
0.271
0.288
0.813
2.506
6.434
1.35
0.048
1.276
0.045
2.246
0.039
3.15
0.02
0.631
0.425
0.385
0.923
0.925
0.239

2.4255
1.644
1.65325
1.6425
0.66575
0.28275
0.23925
0.84525
2.48075
6.58925
1.24325
0.42275
1.14975
0.41075
1.60425
0.3945
2.78625
0.24625
0.387
0.46325
1.257
0.92325
3.083
0.205

Test:	RTW2_r_18
Requests:	25
Success:	14
Used:   	8

Local times (milisec):
min:	0.0
max:	1.105
mean:	0.13891666666666666
median:	0.008
stdev:	0.338990434220132

Web server times (milisec):
min:	0.02
max:	6.434
mean:	1.3097916666666667
median:	0.924
stdev:	1.4303838031365437

App server times (milisec):
min:	0.205
max:	6.58925
mean:	1.3768541666666667
median:	1.0365
stdev:	1.4064817923299957
diff:	0.79725