1555427382056827.0
1555427382056828.0
1555427382056855.0
1555427382056866.0
1555427382056878.0
1555427382056892.0
1555427382056899.0
1555427382056922.0
1555427382056923.0
1555427382056931.0
1555427382056954.0
1555427382057021.0
1555427382057022.0
1555427382069289.0
1555427382069386.0
1555427382069441.0
1555427382069441.0
1555427382069454.0
1555427382069488.0
1555427382069489.0
1555427382069503.0
1555427382069538.0
1555427382069538.0
1555427382069550.0
1555427382069584.0

1555427382069940.0
1555427382072224.0
1555427382074453.0
1555427382074485.0
1555427382078095.0
1555427382080048.0
1555427382080552.0
1555427382080593.0
1555427382080976.0
1555427382082500.0
1555427382090642.0
1555427382092179.0
1555427382092398.0
1555427382092894.0
1555427382096201.0
1555427382096763.0
1555427382098224.0
1555427382098604.0
1555427382099953.0
1555427382104502.0
1555427382105629.0
1555427382106749.0
1555427382107906.0
1555427382112291.0
1555427382113547.0

1555427382071279.5
1555427382073431.2
1555427382075657.5
1555427382077278.5
1555427382079295.5
1555427382080298.5
1555427382082177.5
1555427382083872.2
1555427382088396.5
1555427382091190.8
1555427382092562.0
1555427382093071.5
1555427382093602.5
1555427382094609.5
1555427382096450.0
1555427382096913.0
1555427382098375.5
1555427382098747.0
1555427382100114.5
1555427382104653.0
1555427382105806.5
1555427382106909.0
1555427382108123.0
1555427382112466.8
1555427382114013.0

25
14
10
