1555427595699982.0
1555427595700049.0
1555427595700340.0
1555427595700601.0
1555427595700722.0
1555427595700787.0
1555427595700823.0
1555427595700861.0
1555427595703893.0
1555427595703894.0
1555427595705870.0
1555427595705970.0
1555427595708791.0
1555427595708962.0
1555427595709734.0
1555427595709922.0
1555427595710539.0
1555427595710540.0
1555427595711207.0
1555427595711262.0
1555427595711877.0
1555427595711888.0
1555427595712678.0
1555427595712778.0
1555427595713039.0

1555427595712830.0
1555427595714945.0
1555427595716181.0
1555427595716991.0
1555427595718956.0
1555427595721775.0
1555427595722008.0
1555427595722299.0
1555427595724872.0
1555427595727408.0
1555427595732441.0
1555427595734892.0
1555427595734932.0
1555427595735987.0
1555427595736195.0
1555427595737092.0
1555427595738262.0
1555427595741463.0
1555427595743127.0
1555427595744209.0
1555427595744249.0
1555427595745219.0
1555427595746181.0
1555427595747097.0

1555427595714188.2
1555427595716081.2
1555427595718146.8
1555427595721210.2
1555427595722222.5
1555427595722463.8
1555427595723734.5
1555427595727101.8
1555427595727509.5
1555427595728588.5
1555427595732611.5
1555427595735101.5
1555427595735553.8
1555427595736795.2
1555427595737956.8
1555427595738429.5
1555427595739120.2
1555427595741608.5
1555427595743434.5
1555427595744463.5
1555427595744899.8
1555427595745386.8
1555427595746403.2
1555427595746799.5
1555427595747329.5

25
13
6
