Time-differences (millis):

0.001
0.0
0.419
0.087
0.001
1.267
0.001
1.02
0.001
0.0
0.066
0.0
0.001
0.012
0.514
0.081
2.738
0.001
0.015
0.027
0.054
0.001
0.0
0.013

2.296
0.062
1.005
4.221
0.19
0.101
3.99
0.039
2.675
3.655
3.019
0.074
1.276
1.947
1.535
1.263
0.036
1.594
0.538
1.35
1.156
2.697

3.86625
1.14925
1.8085
1.898
0.60775
0.4035
0.91025
1.36675
1.29125
3.88375
3.2295
0.4305
0.4475
1.933
1.555
1.30975
0.5095
1.078
0.836
1.03125
1.1895
1.311
0.9035
1.039

Test:	RTW2_r_11
Requests:	25
Success:	16
Used:   	9

Local times (milisec):
min:	0.0
max:	2.738
mean:	0.2633333333333333
median:	0.0125
stdev:	0.6234720220818578

Web server times (milisec):
min:	0.036
max:	4.221
mean:	1.5781363636363637
median:	1.3130000000000002
stdev:	1.3371615030658732

App server times (milisec):
min:	0.4035
max:	3.88375
mean:	1.4161770833333334
median:	1.169375
stdev:	0.9754967699876512
diff:	2.46375