1555427544989458.0
1555427544989616.0
1555427544989617.0
1555427544989617.0
1555427544989617.0
1555427544996590.0
1555427544996591.0
1555427544996591.0
1555427544996592.0
1555427544996592.0
1555427544996593.0
1555427544996594.0
1555427544996595.0
1555427544996870.0
1555427544996870.0
1555427544996871.0
1555427544996871.0
1555427544996872.0
1555427544996872.0
1555427544996872.0
1555427544996873.0
1555427544996873.0
1555427544996874.0
1555427544996874.0
1555427544996875.0

1555427545000325.0
1555427545002493.0
1555427545003989.0
1555427545005680.0
1555427545007215.0
1555427545009065.0
1555427545009088.0
1555427545010995.0
1555427545013331.0
1555427545015275.0
1555427545022769.0
1555427545022990.0
1555427545023547.0
1555427545025177.0
1555427545025783.0
1555427545026237.0
1555427545026720.0
1555427545028037.0
1555427545031048.0
1555427545031423.0
1555427545032028.0
1555427545032047.0
1555427545032432.0
1555427545035108.0

1555427545001721.8
1555427545003670.0
1555427545005140.0
1555427545006810.5
1555427545009813.8
1555427545010439.8
1555427545011216.2
1555427545012387.8
1555427545014191.5
1555427545015487.8
1555427545023194.0
1555427545023722.5
1555427545025333.0
1555427545025941.5
1555427545026418.5
1555427545026914.5
1555427545027737.8
1555427545028591.2
1555427545031279.2
1555427545031570.2
1555427545032309.2
1555427545032724.2
1555427545032978.5
1555427545033157.0
1555427545035293.0

25
13
8
