1555427442991606.0
1555427442991607.0
1555427442991655.0
1555427442991672.0
1555427442991708.0
1555427442991799.0
1555427442991884.0
1555427442991884.0
1555427442991903.0
1555427442991903.0
1555427442991917.0
1555427442992022.0
1555427442992076.0
1555427442992077.0
1555427442992094.0
1555427442992104.0
1555427442992139.0
1555427442992139.0
1555427442992153.0
1555427442992187.0
1555427442992188.0
1555427442992199.0
1555427442992232.0
1555427442992233.0
1555427442992247.0

1555427443003759.0
1555427443006456.0
1555427443008185.0
1555427443009800.0
1555427443011403.0
1555427443013610.0
1555427443013931.0
1555427443014247.0
1555427443014896.0
1555427443018716.0
1555427443024069.0
1555427443025545.0
1555427443026242.0
1555427443026306.0
1555427443027295.0
1555427443028754.0
1555427443029879.0
1555427443029924.0
1555427443033173.0
1555427443033604.0
1555427443033957.0
1555427443034374.0
1555427443034807.0
1555427443034845.0

1555427443005367.8
1555427443007646.8
1555427443009312.8
1555427443010917.0
1555427443013124.5
1555427443013847.2
1555427443014164.5
1555427443014818.8
1555427443015077.8
1555427443018918.8
1555427443024371.5
1555427443025736.5
1555427443026531.5
1555427443026947.2
1555427443028413.5
1555427443028902.0
1555427443030431.5
1555427443031118.5
1555427443033419.0
1555427443033822.2
1555427443034107.8
1555427443034666.0
1555427443034978.5
1555427443035145.2
1555427443042545.2

25
14
8
