Time-differences (millis):

0.0
0.001
0.013
0.005
0.026
0.0
0.007
0.024
0.001
0.008
0.029
0.0
0.058
0.03
0.044
0.548
0.023
0.023
0.029
0.034
0.049
0.043
1.192
0.034

1.958
1.677
1.624
1.645
1.625
0.039
0.258
0.786
0.974
7.756
0.987
1.981
2.191
0.408
1.671
0.315
1.088
0.705
0.046
0.036
2.593
1.013
1.681
0.942

1.71175
1.6665
1.6425
1.631
0.71625
0.2375
0.793
0.9915
4.3195
3.39225
2.0435
1.26375
2.26375
0.65925
1.35425
0.45425
0.85375
0.56625
0.68525
0.4105
1.79575
0.69675
1.69175
5.15275

Test:	RTW2_r_16
Requests:	25
Success:	16
Used:   	7

Local times (milisec):
min:	0.0
max:	1.192
mean:	0.09254166666666666
median:	0.025
stdev:	0.2581452201962006

Web server times (milisec):
min:	0.036
max:	7.756
mean:	1.416625
median:	1.0505
stdev:	1.5345363784345847

App server times (milisec):
min:	0.2375
max:	5.15275
mean:	1.5413854166666667
median:	1.309
stdev:	1.22606308126238
diff:	1.02225