Time-differences (millis):

1.364
0.015
0.113
0.001
0.538
1.908
0.028
0.007
0.013
0.007
0.016
0.008
0.01
1.33
0.038
0.022
0.034
4.803
0.081
0.001
0.0
0.0
0.015
0.007

0.653
1.908
0.032
1.65
3.98
0.025
1.876
0.666
4.374
5.031
2.192
0.73
0.041
2.835
0.622
0.406
0.854
1.576
1.785
1.153
1.601
0.039
1.396

4.266
1.011
1.3095
1.05675
0.76
0.70425
0.93125
3.51325
0.33525
4.63475
2.17
0.751
0.451
2.5235
1.254
0.47875
0.39225
1.15975
2.35975
0.883
1.365
0.42025
1.0895
0.401

Test:	RTW2_r_22
Requests:	25
Success:	13
Used:   	4

Local times (milisec):
min:	0.0
max:	4.803
mean:	0.431625
median:	0.0155
stdev:	1.0669194913801867

Web server times (milisec):
min:	0.025
max:	5.031
mean:	1.5402173913043478
median:	1.396
stdev:	1.392278118654385

App server times (milisec):
min:	0.33525
max:	4.63475
mean:	1.4258645833333334
median:	1.033875
stdev:	1.2161228484390347
diff:	2.3485