Time-differences (millis):

6.173
3.898
0.0
0.078
0.001
0.0
0.042
0.0
0.011
0.007
0.049
0.001
0.993
0.028
0.073
0.0
0.0
0.015
0.005
0.011
0.01
0.023
0.0
0.007

6.575
3.425
1.677
0.571
0.958
0.023
1.583
1.685
3.341
0.461
4.417
1.114
1.492
0.035
1.296
0.875
0.036
2.699
1.585
2.433
1.118
2.298

6.40875
6.4715
0.6905
0.93725
1.38725
0.6055
2.096
0.4805
0.4375
3.94125
1.11975
1.52225
0.386
1.0755
0.778
0.688
1.99675
1.5895
1.1405
1.2815
1.113
1.27875
0.54925
0.473

Test:	RTW2_r_14
Requests:	25
Success:	16
Used:   	12

Local times (milisec):
min:	0.0
max:	6.173
mean:	0.4760416666666667
median:	0.010499999999999999
stdev:	1.4575916550841714

Web server times (milisec):
min:	0.023
max:	6.575
mean:	1.8044090909090909
median:	1.5375
stdev:	1.5702586277453336

App server times (milisec):
min:	0.386
max:	6.4715
mean:	1.6019895833333333
median:	1.1163750000000001
stdev:	1.6702779814189201
diff:	3.3855