1555427423335917.0
1555427423335921.0
1555427423341241.0
1555427423341376.0
1555427423341454.0
1555427423341455.0
1555427423341455.0
1555427423341455.0
1555427423341466.0
1555427423341474.0
1555427423341500.0
1555427423341500.0
1555427423341508.0
1555427423341532.0
1555427423341533.0
1555427423341541.0
1555427423341564.0
1555427423345710.0
1555427423345757.0
1555427423345834.0
1555427423345835.0
1555427423345845.0
1555427423345875.0
1555427423345936.0
1555427423345954.0

1555427423345792.0
1555427423347661.0
1555427423351912.0
1555427423354503.0
1555427423355461.0
1555427423356660.0
1555427423356692.0
1555427423357813.0
1555427423358255.0
1555427423361815.0
1555427423364262.0
1555427423367751.0
1555427423376272.0
1555427423376318.0
1555427423377406.0
1555427423378570.0
1555427423378609.0
1555427423379148.0
1555427423381754.0
1555427423383577.0
1555427423385039.0
1555427423386065.0
1555427423386707.0

1555427423347065.5
1555427423348804.0
1555427423353173.5
1555427423356899.0
1555427423357569.5
1555427423359277.8
1555427423360310.2
1555427423362016.5
1555427423362887.8
1555427423364448.5
1555427423368005.5
1555427423372307.5
1555427423376557.8
1555427423377030.2
1555427423377588.2
1555427423378799.8
1555427423379341.5
1555427423379764.2
1555427423381909.8
1555427423383730.5
1555427423385310.2
1555427423385726.2
1555427423386314.0
1555427423386848.8
1555427423387229.5

25
11
6
