1555512033650407.0
1555512033650449.0
1555512033650468.0
1555512033650491.0
1555512033650500.0
1555512033650507.0
1555512033650533.0
1555512033650533.0
1555512033650541.0
1555512033650565.0
1555512033650565.0
1555512033651670.0
1555512033651689.0
1555512033651697.0
1555512033651809.0
1555512033651810.0
1555512033651810.0
1555512033652836.0
1555512033652836.0
1555512033652837.0
1555512033652837.0
1555512033652837.0
1555512033653740.0
1555512033653741.0
1555512033653741.0

1555512033665897.0
1555512033668705.0
1555512033670401.0
1555512033672031.0
1555512033673702.0
1555512033675318.0
1555512033675589.0
1555512033675877.0
1555512033676690.0
1555512033679196.0
1555512033685630.0
1555512033686980.0
1555512033687028.0
1555512033688304.0
1555512033688349.0
1555512033690595.0
1555512033690634.0
1555512033693784.0
1555512033693804.0
1555512033694435.0
1555512033694860.0
1555512033695245.0
1555512033696168.0
1555512033697093.0
1555512033697332.0

1555512033667486.8
1555512033669912.2
1555512033671556.2
1555512033673209.5
1555512033674852.0
1555512033675517.8
1555512033675800.5
1555512033676039.8
1555512033676885.0
1555512033679365.8
1555512033685955.0
1555512033687198.2
1555512033687621.0
1555512033688770.8
1555512033689181.5
1555512033690785.8
1555512033691180.2
1555512033693966.5
1555512033694212.8
1555512033694599.8
1555512033695063.0
1555512033696320.0
1555512033697243.2
1555512033700326.2
1555512033700531.2

25
14
8
