1555427672888278.0
1555427672894451.0
1555427672898349.0
1555427672898349.0
1555427672898427.0
1555427672898428.0
1555427672898428.0
1555427672898470.0
1555427672898470.0
1555427672898481.0
1555427672898488.0
1555427672898537.0
1555427672898538.0
1555427672899531.0
1555427672899559.0
1555427672899632.0
1555427672899632.0
1555427672899632.0
1555427672899647.0
1555427672899652.0
1555427672899663.0
1555427672899673.0
1555427672899696.0
1555427672899696.0
1555427672899703.0

1555427672899925.0
1555427672906500.0
1555427672909925.0
1555427672911602.0
1555427672912173.0
1555427672913131.0
1555427672913154.0
1555427672914737.0
1555427672916422.0
1555427672919763.0
1555427672920224.0
1555427672924641.0
1555427672925755.0
1555427672927247.0
1555427672927282.0
1555427672928578.0
1555427672929453.0
1555427672929489.0
1555427672932188.0
1555427672933773.0
1555427672936206.0
1555427672937324.0
1555427672939622.0

1555427672901324.8
1555427672907733.5
1555427672914205.0
1555427672914895.5
1555427672915832.8
1555427672917220.0
1555427672917825.5
1555427672919921.5
1555427672920402.0
1555427672920839.5
1555427672924780.8
1555427672925900.5
1555427672927422.8
1555427672927808.8
1555427672928884.2
1555427672929662.2
1555427672930350.2
1555427672932347.0
1555427672933936.5
1555427672935077.0
1555427672936358.5
1555427672937471.5
1555427672938750.2
1555427672939299.5
1555427672939772.5

25
16
12
