1555512070450770.0
1555512070451001.0
1555512070451013.0
1555512070451029.0
1555512070451043.0
1555512070451053.0
1555512070451070.0
1555512070451082.0
1555512070451098.0
1555512070451108.0
1555512070451124.0
1555512070451133.0
1555512070451150.0
1555512070451160.0
1555512070451176.0
1555512070451201.0
1555512070451424.0
1555512070451425.0
1555512070451425.0
1555512070451426.0
1555512070451426.0
1555512070451426.0
1555512070451427.0
1555512070451427.0
1555512070451427.0

1555512070466210.0
1555512070469292.0
1555512070471031.0
1555512070472169.0
1555512070473832.0
1555512070475480.0
1555512070475507.0
1555512070475810.0
1555512070477163.0
1555512070479437.0
1555512070485326.0
1555512070488416.0
1555512070488457.0
1555512070490576.0
1555512070491515.0
1555512070492093.0
1555512070493447.0
1555512070495148.0
1555512070496343.0
1555512070500682.0
1555512070502110.0
1555512070502777.0
1555512070504258.0
1555512070505484.0
1555512070506818.0

1555512070467573.0
1555512070470484.0
1555512070473319.0
1555512070474992.2
1555512070475732.8
1555512070475976.8
1555512070476102.5
1555512070477366.2
1555512070480504.0
1555512070482749.8
1555512070485483.2
1555512070488637.8
1555512070489544.5
1555512070490827.8
1555512070491778.2
1555512070492318.0
1555512070493609.5
1555512070495353.2
1555512070496529.8
1555512070500920.8
1555512070502328.2
1555512070502993.2
1555512070504468.0
1555512070505995.8
1555512070507059.2

25
14
8
