1555427525706806.0
1555427525706807.0
1555427525706807.0
1555427525706830.0
1555427525706835.0
1555427525706857.0
1555427525707263.0
1555427525708384.0
1555427525708410.0
1555427525708435.0
1555427525708436.0
1555427525709203.0
1555427525709277.0
1555427525709311.0
1555427525711903.0
1555427525711920.0
1555427525711995.0
1555427525712080.0
1555427525713353.0
1555427525714648.0
1555427525714648.0
1555427525714649.0
1555427525714650.0
1555427525714650.0
1555427525714651.0

1555427525720078.0
1555427525722510.0
1555427525722538.0
1555427525723031.0
1555427525727384.0
1555427525728664.0
1555427525728704.0
1555427525732248.0
1555427525733837.0
1555427525735577.0
1555427525741282.0
1555427525742196.0
1555427525743052.0
1555427525743929.0
1555427525744551.0
1555427525746332.0
1555427525746449.0
1555427525748270.0
1555427525748452.0
1555427525748569.0
1555427525749075.0
1555427525751964.0
1555427525752460.0
1555427525754317.0

1555427525721616.2
1555427525724728.2
1555427525726844.5
1555427525728879.5
1555427525729224.5
1555427525730189.0
1555427525731136.2
1555427525732489.0
1555427525735273.2
1555427525735756.0
1555427525741445.5
1555427525742366.5
1555427525743225.0
1555427525744993.8
1555427525745313.2
1555427525746616.8
1555427525747398.0
1555427525748739.2
1555427525749226.0
1555427525749891.8
1555427525750317.5
1555427525752663.5
1555427525753075.8
1555427525754465.8
1555427525755821.5

25
13
9
