Time-differences (millis):

0.041
0.001
0.011
0.036
0.0
0.012
0.034
0.001
0.012
0.687
0.04
0.02
0.076
0.001
0.018
1.359
0.084
0.06
0.063
0.053
0.031
0.062
0.063
2.364

2.034
0.513
1.922
1.329
3.544
0.043
0.26
0.035
1.988
9.78
1.638
0.562
0.695
0.043
1.051
0.565
0.046
1.824
0.735
4.816
0.033
1.162

2.29025
1.8065
1.14875
1.562
1.27125
0.27475
1.02025
1.00375
0.97575
8.7845
1.6905
0.60425
0.71525
0.461
0.50275
0.58175
0.39125
1.46625
0.7185
3.49225
1.4345
0.24975
0.8215
1.24675

Test:	RTW2_r_25
Requests:	25
Success:	13
Used:   	6

Local times (milisec):
min:	0.0
max:	2.364
mean:	0.21370833333333333
median:	0.038
stdev:	0.5457379908986957

Web server times (milisec):
min:	0.033
max:	9.78
mean:	1.5735454545454546
median:	0.893
stdev:	2.19242094340334

App server times (milisec):
min:	0.24975
max:	8.7845
mean:	1.4380833333333334
median:	1.012
stdev:	1.72445706431522
diff:	2.09025