Time-differences (millis):

0.067
0.291
0.261
0.121
0.065
0.036
0.038
3.032
0.001
1.976
0.1
2.821
0.171
0.772
0.188
0.617
0.001
0.667
0.055
0.615
0.011
0.79
0.1
0.261

2.115
1.236
0.81
1.965
2.819
0.233
0.291
2.573
2.536
5.033
2.451
0.04
1.055
0.208
0.897
1.17
3.201
1.664
1.082
0.04
0.97
0.962
0.916

1.893
2.0655
3.0635
1.01225
0.24125
1.27075
3.36725
0.40775
1.079
4.023
2.49
0.45225
1.2415
1.1615
0.47275
0.69075
2.48825
1.826
1.029
0.43625
0.487
1.0165
0.39625
0.53

Test:	RTW2_r_10
Requests:	25
Success:	13
Used:   	6

Local times (milisec):
min:	0.001
max:	3.032
mean:	0.5440416666666666
median:	0.1795
stdev:	0.8523809864224405

Web server times (milisec):
min:	0.04
max:	5.033
mean:	1.4898695652173912
median:	1.082
stdev:	1.2091535470713621

App server times (milisec):
min:	0.24125
max:	4.023
mean:	1.3808854166666666
median:	1.0539999999999998
stdev:	1.0529544278175995
diff:	1.83525