Time-differences (millis):

0.231
0.012
0.016
0.014
0.01
0.017
0.012
0.016
0.01
0.016
0.009
0.017
0.01
0.016
0.025
0.223
0.001
0.0
0.001
0.0
0.0
0.001
0.0
0.0

3.082
1.739
1.138
1.663
1.648
0.027
0.303
1.353
2.274
5.889
3.09
0.041
2.119
0.939
0.578
1.354
1.701
1.195
4.339
1.428
0.667
1.481
1.226
1.334

2.911
2.835
1.67325
0.7405
0.244
0.12575
1.26375
3.13775
2.24575
2.7335
3.1545
0.90675
1.28325
0.9505
0.53975
1.2915
1.74375
1.1765
4.391
1.4075
0.665
1.47475
1.52775
1.0635

Test:	RTW2_r_19
Requests:	25
Success:	14
Used:   	8

Local times (milisec):
min:	0.0
max:	0.231
mean:	0.027375
median:	0.011
stdev:	0.061925489940313154

Web server times (milisec):
min:	0.027
max:	5.889
mean:	1.692
median:	1.391
stdev:	1.3280035031383863

App server times (milisec):
min:	0.12575
max:	4.391
mean:	1.6452604166666667
median:	1.3495
stdev:	1.0627867093451482
diff:	0.93075