1555427614812451.0
1555427614812452.0
1555427614812452.0
1555427614812871.0
1555427614812958.0
1555427614812959.0
1555427614814226.0
1555427614814227.0
1555427614815247.0
1555427614815248.0
1555427614815248.0
1555427614815314.0
1555427614815314.0
1555427614815315.0
1555427614815327.0
1555427614815841.0
1555427614815922.0
1555427614818660.0
1555427614818661.0
1555427614818676.0
1555427614818703.0
1555427614818757.0
1555427614818758.0
1555427614818758.0
1555427614818771.0

1555427614824300.0
1555427614826596.0
1555427614826658.0
1555427614827663.0
1555427614831884.0
1555427614832074.0
1555427614832175.0
1555427614836165.0
1555427614836204.0
1555427614838879.0
1555427614842534.0
1555427614845553.0
1555427614845627.0
1555427614846903.0
1555427614848850.0
1555427614850385.0
1555427614851648.0
1555427614851684.0
1555427614853278.0
1555427614853816.0
1555427614855166.0
1555427614856322.0
1555427614859019.0

1555427614825771.2
1555427614829637.5
1555427614830786.8
1555427614832595.2
1555427614834493.2
1555427614835101.0
1555427614835504.5
1555427614836414.8
1555427614837781.5
1555427614839072.8
1555427614842956.5
1555427614846186.0
1555427614846616.5
1555427614847064.0
1555427614848997.0
1555427614850552.0
1555427614851861.8
1555427614852371.2
1555427614853449.2
1555427614854285.2
1555427614855316.5
1555427614856506.0
1555427614857817.0
1555427614858720.5
1555427614859759.5

25
16
9
