1555427656508584.0
1555427656508585.0
1555427656508587.0
1555427656508692.0
1555427656508694.0
1555427656508696.0
1555427656508697.0
1555427656508794.0
1555427656508795.0
1555427656508824.0
1555427656509099.0
1555427656509100.0
1555427656509100.0
1555427656509100.0
1555427656509101.0
1555427656509101.0
1555427656509102.0
1555427656509161.0
1555427656509303.0
1555427656509368.0
1555427656509369.0
1555427656509370.0
1555427656509389.0
1555427656514738.0
1555427656514739.0

1555427656522211.0
1555427656524511.0
1555427656526181.0
1555427656526211.0
1555427656528588.0
1555427656531540.0
1555427656532032.0
1555427656533784.0
1555427656534289.0
1555427656536405.0
1555427656543324.0
1555427656544275.0
1555427656544315.0
1555427656544924.0
1555427656546063.0
1555427656547387.0
1555427656548341.0
1555427656550656.0
1555427656550697.0
1555427656553147.0
1555427656553959.0
1555427656554650.0
1555427656554697.0
1555427656556885.0
1555427656558839.0

1555427656523707.5
1555427656525642.0
1555427656529734.8
1555427656530726.2
1555427656531776.5
1555427656532371.0
1555427656533988.0
1555427656534497.8
1555427656536632.8
1555427656537144.0
1555427656543576.8
1555427656544495.5
1555427656545349.5
1555427656545764.5
1555427656546236.5
1555427656547543.8
1555427656549122.8
1555427656550858.8
1555427656552353.8
1555427656553316.8
1555427656554138.2
1555427656554863.8
1555427656555279.0
1555427656557041.0
1555427656558998.8

25
13
8
