Time-differences (millis):

0.03
0.0
0.015
0.005
0.015
0.005
0.206
0.001
0.0
0.001
0.0
0.0
0.001
0.022
1.048
0.005
0.012
0.011
2.375
0.033
0.026
0.018
0.016
0.019

0.821
2.243
0.949
3.379
1.265
0.027
2.544
0.947
1.335
7.205
1.806
2.034
1.818
1.052
1.11
0.047
1.112
1.001
0.681
0.524
0.877
2.291
1.756

3.35375
1.34375
1.67175
0.35825
0.24
1.03675
1.287
0.907
4.388
4.1735
1.7415
2.14175
2.17175
1.1765
0.70875
0.455
0.5265
1.041
0.6795
1.629
0.7485
1.31925
1.67775
0.39575

Test:	RTW2_r_6
Requests:	25
Success:	13
Used:   	6

Local times (milisec):
min:	0.0
max:	2.375
mean:	0.161
median:	0.0135
stdev:	0.517693211148809

Web server times (milisec):
min:	0.027
max:	7.205
mean:	1.6010434782608696
median:	1.112
stdev:	1.4593524864959448

App server times (milisec):
min:	0.24
max:	4.388
mean:	1.4655104166666666
median:	1.23175
stdev:	1.120820893555368
diff:	1.87475