Time-differences (millis):

0.057
0.012
0.019
0.017
0.266
0.023
0.018
2.701
0.023
0.032
0.037
0.02
0.019
0.018
0.017
0.018
0.017
0.018
0.018
0.018
0.017
0.017
0.017
0.018

0.776
0.888
0.67
3.311
3.258
0.421
2.775
0.544
3.379
2.777
2.285
2.748
1.232
1.177
0.564
1.408
1.552
0.554
1.667
0.631
0.829
0.174
3.628

2.46725
1.034
1.2775
0.4885
1.08525
1.63675
0.541
1.1825
2.218
2.7065
3.787
1.99275
0.49275
1.19075
0.55825
1.74025
1.30125
0.4525
1.79025
0.79825
0.77675
3.06225
0.91275
1.46225

Test:	RTW2_r_2
Requests:	25
Success:	13
Used:   	8

Local times (milisec):
min:	0.012
max:	2.701
mean:	0.14320833333333333
median:	0.018
stdev:	0.54716335524123

Web server times (milisec):
min:	0.174
max:	3.628
mean:	1.6194782608695653
median:	1.232
stdev:	1.1311049251853942

App server times (milisec):
min:	0.4525
max:	3.787
mean:	1.45646875
median:	1.2341250000000001
stdev:	0.8825282706165848
diff:	2.52275