1555427693720586.0
1555427693728470.0
1555427693729364.0
1555427693730366.0
1555427693736136.0
1555427693736220.0
1555427693736332.0
1555427693736333.0
1555427693736333.0
1555427693736333.0
1555427693740788.0
1555427693740962.0
1555427693740991.0
1555427693741195.0
1555427693741210.0
1555427693741224.0
1555427693741244.0
1555427693741318.0
1555427693741343.0
1555427693741343.0
1555427693741356.0
1555427693741379.0
1555427693741379.0
1555427693741387.0
1555427693747565.0

1555427693737728.0
1555427693742795.0
1555427693743069.0
1555427693743094.0
1555427693748921.0
1555427693749661.0
1555427693750134.0
1555427693751840.0
1555427693751860.0
1555427693753771.0
1555427693753827.0
1555427693765264.0
1555427693765540.0
1555427693766830.0
1555427693767264.0
1555427693768343.0
1555427693768360.0
1555427693769178.0
1555427693769857.0
1555427693770371.0
1555427693771118.0
1555427693772197.0
1555427693774466.0
1555427693774503.0
1555427693775982.0

1555427693739095.5
1555427693745279.5
1555427693746919.8
1555427693748161.5
1555427693749841.8
1555427693750963.2
1555427693752038.5
1555427693752271.2
1555427693754003.5
1555427693754411.0
1555427693756341.5
1555427693765425.2
1555427693765978.5
1555427693766985.5
1555427693768037.8
1555427693768513.2
1555427693768917.5
1555427693769328.5
1555427693770012.8
1555427693770822.5
1555427693772340.0
1555427693772719.2
1555427693774667.0
1555427693775335.2
1555427693776230.2

25
17
9
