1555512131015106.0
1555512131016470.0
1555512131016485.0
1555512131016598.0
1555512131016599.0
1555512131017137.0
1555512131019045.0
1555512131019073.0
1555512131019080.0
1555512131019093.0
1555512131019100.0
1555512131019116.0
1555512131019124.0
1555512131019134.0
1555512131020464.0
1555512131020502.0
1555512131020524.0
1555512131020558.0
1555512131025361.0
1555512131025442.0
1555512131025443.0
1555512131025443.0
1555512131025443.0
1555512131025458.0
1555512131025465.0

1555512131031529.0
1555512131032182.0
1555512131034090.0
1555512131034122.0
1555512131035772.0
1555512131039752.0
1555512131039777.0
1555512131041653.0
1555512131042319.0
1555512131046693.0
1555512131051724.0
1555512131053916.0
1555512131054646.0
1555512131054687.0
1555512131057522.0
1555512131058144.0
1555512131058550.0
1555512131059404.0
1555512131060980.0
1555512131062765.0
1555512131063918.0
1555512131065519.0
1555512131065558.0
1555512131066954.0

1555512131033420.5
1555512131037686.5
1555512131038697.5
1555512131040007.0
1555512131041063.8
1555512131041823.8
1555512131042528.0
1555512131043459.2
1555512131046972.5
1555512131047307.8
1555512131051942.5
1555512131054112.5
1555512131054863.5
1555512131055314.5
1555512131057838.0
1555512131059092.0
1555512131059570.8
1555512131059963.0
1555512131061122.8
1555512131063482.5
1555512131064365.5
1555512131065730.5
1555512131066150.8
1555512131067240.2
1555512131067641.2

25
13
4
