1555512007751003.0
1555512007751175.0
1555512007751191.0
1555512007751199.0
1555512007751218.0
1555512007751234.0
1555512007751249.0
1555512007751259.0
1555512007751276.0
1555512007751286.0
1555512007751303.0
1555512007751322.0
1555512007751541.0
1555512007751542.0
1555512007751542.0
1555512007751542.0
1555512007751543.0
1555512007751543.0
1555512007751543.0
1555512007752794.0
1555512007752846.0
1555512007752862.0
1555512007752878.0
1555512007752889.0
1555512007752907.0

1555512007768687.0
1555512007771388.0
1555512007772182.0
1555512007773838.0
1555512007775453.0
1555512007778626.0
1555512007778650.0
1555512007779301.0
1555512007780120.0
1555512007783215.0
1555512007786432.0
1555512007788112.0
1555512007790291.0
1555512007790336.0
1555512007792416.0
1555512007792463.0
1555512007795171.0
1555512007796328.0
1555512007797371.0
1555512007797405.0
1555512007800875.0
1555512007802087.0
1555512007803718.0
1555512007806362.0

1555512007770255.5
1555512007773330.8
1555512007774959.8
1555512007776645.5
1555512007777579.0
1555512007778875.0
1555512007779080.5
1555512007779478.5
1555512007780328.5
1555512007783411.5
1555512007786589.8
1555512007788300.0
1555512007790517.0
1555512007790929.5
1555512007792630.2
1555512007793299.0
1555512007795364.0
1555512007796681.2
1555512007797629.0
1555512007800295.2
1555512007801030.8
1555512007802268.2
1555512007804111.8
1555512007805705.8
1555512007806506.5

25
16
7
