Time-differences (millis):

0.0
0.001
0.0
0.001
0.0
0.141
0.0
0.001
0.0
0.0
0.001
0.0
0.0
0.001
0.0
0.033
0.001
0.0
0.0
0.015
0.0
0.008
0.006
0.009

3.173
0.626
0.88
2.827
1.687
0.255
1.748
0.255
2.237
7.977
0.047
0.985
0.574
0.554
1.018
0.375
4.568
0.037
2.553
0.579
0.506
3.414

4.49125
1.1105
1.75275
0.6855
0.47475
1.25575
0.27
0.23525
4.2445
6.0855
0.433
0.4765
0.64875
0.846
1.03075
0.41775
2.64875
1.5215
1.9485
1.21375
0.52025
0.5035
0.43975
2.43875

Test:	RTW2_r_9
Requests:	25
Success:	12
Used:   	6

Local times (milisec):
min:	0.0
max:	0.141
mean:	0.009083333333333332
median:	0.0005
stdev:	0.029044069463738935

Web server times (milisec):
min:	0.037
max:	7.977
mean:	1.6761363636363635
median:	0.9325
stdev:	1.8835765952154138

App server times (milisec):
min:	0.23525
max:	6.0855
mean:	1.48721875
median:	0.938375
stdev:	1.516522999210085
diff:	2.0375