1555427564081616.0
1555427564081616.0
1555427564081617.0
1555427564081617.0
1555427564081618.0
1555427564081618.0
1555427564081759.0
1555427564081759.0
1555427564081760.0
1555427564081760.0
1555427564081760.0
1555427564081761.0
1555427564081761.0
1555427564081761.0
1555427564081762.0
1555427564081762.0
1555427564081795.0
1555427564081796.0
1555427564081796.0
1555427564081796.0
1555427564081811.0
1555427564081811.0
1555427564081819.0
1555427564081825.0
1555427564081834.0

1555427564092393.0
1555427564095566.0
1555427564096192.0
1555427564097072.0
1555427564099899.0
1555427564101586.0
1555427564101841.0
1555427564103589.0
1555427564103844.0
1555427564106081.0
1555427564114058.0
1555427564114105.0
1555427564115090.0
1555427564115664.0
1555427564116218.0
1555427564117236.0
1555427564117611.0
1555427564122179.0
1555427564122216.0
1555427564124769.0
1555427564125348.0
1555427564125854.0
1555427564129268.0

1555427564093736.2
1555427564098227.5
1555427564099338.0
1555427564101090.8
1555427564101776.2
1555427564102251.0
1555427564103506.8
1555427564103776.8
1555427564104012.0
1555427564108256.5
1555427564114342.0
1555427564114775.0
1555427564115251.5
1555427564115900.2
1555427564116746.2
1555427564117777.0
1555427564118194.8
1555427564120843.5
1555427564122365.0
1555427564124313.5
1555427564125527.2
1555427564126047.5
1555427564126551.0
1555427564126990.8
1555427564129429.5

25
12
6
