Time-differences (millis):

0.001
0.048
0.017
0.036
0.091
0.085
0.0
0.019
0.0
0.014
0.105
0.054
0.001
0.017
0.01
0.035
0.0
0.014
0.034
0.001
0.011
0.033
0.001
0.014

2.697
1.729
1.615
1.603
2.207
0.321
0.316
0.649
3.82
5.353
1.476
0.697
0.064
0.989
1.459
1.125
0.045
3.249
0.431
0.353
0.417
0.433
0.038

2.279
1.666
1.60425
2.2075
0.72275
0.31725
0.65425
0.259
3.841
5.45275
1.365
0.795
0.41575
1.46625
0.4885
1.5295
0.687
2.3005
0.40325
0.2855
0.55825
0.3125
0.16675
7.4

Test:	RTW2_r_4
Requests:	25
Success:	14
Used:   	8

Local times (milisec):
min:	0.0
max:	0.105
mean:	0.026708333333333334
median:	0.0155
stdev:	0.03032358698334074

Web server times (milisec):
min:	0.038
max:	5.353
mean:	1.3515652173913044
median:	0.989
stdev:	1.355802507275738

App server times (milisec):
min:	0.16675
max:	7.4
mean:	1.5490625
median:	0.758875
stdev:	1.7696866282560484
diff:	1.36575