Time-differences (millis):

0.001
0.0
0.023
0.005
0.022
0.406
1.121
0.026
0.025
0.001
0.767
0.074
0.034
2.592
0.017
0.075
0.085
1.273
1.295
0.0
0.001
0.001
0.0
0.001

2.432
0.028
0.493
4.353
1.28
0.04
3.544
1.589
1.74
5.705
0.914
0.856
0.877
0.622
1.781
0.117
1.821
0.182
0.117
0.506
2.889
0.496
1.857

3.112
2.11625
2.035
0.345
0.9645
0.94725
1.35275
2.78425
0.48275
5.6895
0.921
0.8585
1.76875
0.3195
1.3035
0.78125
1.34125
0.48675
0.66575
0.42575
2.346
0.41225
1.39
1.35575

Test:	RTW2_r_7
Requests:	25
Success:	13
Used:   	9

Local times (milisec):
min:	0.0
max:	2.592
mean:	0.32687499999999997
median:	0.024
stdev:	0.6421284114093773

Web server times (milisec):
min:	0.028
max:	5.705
mean:	1.4886521739130434
median:	0.914
stdev:	1.477191087801921

App server times (milisec):
min:	0.3195
max:	5.6895
mean:	1.42521875
median:	1.1340000000000001
stdev:	1.1962949489817463
diff:	1.88975