1555427399298028.0
1555427399298085.0
1555427399298097.0
1555427399298116.0
1555427399298133.0
1555427399298399.0
1555427399298422.0
1555427399298440.0
1555427399301141.0
1555427399301164.0
1555427399301196.0
1555427399301233.0
1555427399301253.0
1555427399301272.0
1555427399301290.0
1555427399301307.0
1555427399301325.0
1555427399301342.0
1555427399301360.0
1555427399301378.0
1555427399301396.0
1555427399301413.0
1555427399301430.0
1555427399301447.0
1555427399301465.0

1555427399307579.0
1555427399308355.0
1555427399309243.0
1555427399309913.0
1555427399313224.0
1555427399316482.0
1555427399316903.0
1555427399319678.0
1555427399320222.0
1555427399323601.0
1555427399326378.0
1555427399328663.0
1555427399331411.0
1555427399332643.0
1555427399333820.0
1555427399334384.0
1555427399335792.0
1555427399337344.0
1555427399337898.0
1555427399339565.0
1555427399340196.0
1555427399341025.0
1555427399341199.0
1555427399344827.0

1555427399311894.0
1555427399314361.2
1555427399315395.2
1555427399316672.8
1555427399317161.2
1555427399318246.5
1555427399319883.2
1555427399320424.2
1555427399321606.8
1555427399323824.8
1555427399326531.2
1555427399330318.2
1555427399332311.0
1555427399332803.8
1555427399333994.5
1555427399334552.8
1555427399336293.0
1555427399337594.2
1555427399338046.8
1555427399339837.0
1555427399340635.2
1555427399341412.0
1555427399344474.2
1555427399345387.0
1555427399346849.2

25
13
8
