1555427495996189.0
1555427495996219.0
1555427495996219.0
1555427495996234.0
1555427495996239.0
1555427495996254.0
1555427495996259.0
1555427495996465.0
1555427495996466.0
1555427495996466.0
1555427495996467.0
1555427495996467.0
1555427495996467.0
1555427495996468.0
1555427495996490.0
1555427495997538.0
1555427495997543.0
1555427495997555.0
1555427495997566.0
1555427495999941.0
1555427495999974.0
1555427496000000.0
1555427496000018.0
1555427496000034.0
1555427496000053.0

1555427496007518.0
1555427496008339.0
1555427496010582.0
1555427496011531.0
1555427496014910.0
1555427496016175.0
1555427496016202.0
1555427496018746.0
1555427496019693.0
1555427496021028.0
1555427496028233.0
1555427496030039.0
1555427496032073.0
1555427496033891.0
1555427496034943.0
1555427496036053.0
1555427496036100.0
1555427496037212.0
1555427496038213.0
1555427496038894.0
1555427496039418.0
1555427496040295.0
1555427496042586.0
1555427496044342.0

1555427496009713.5
1555427496013067.2
1555427496014411.0
1555427496016082.8
1555427496016441.0
1555427496016681.0
1555427496017717.8
1555427496019004.8
1555427496019911.8
1555427496024299.8
1555427496028473.2
1555427496030214.8
1555427496032356.5
1555427496034528.2
1555427496035704.8
1555427496036413.5
1555427496036868.5
1555427496037395.0
1555427496038436.0
1555427496039115.5
1555427496040744.5
1555427496041493.0
1555427496042812.2
1555427496044490.0
1555427496044885.8

25
13
6
