Time-differences (millis):

5.217
0.001
0.055
0.0
0.001
0.042
0.029
0.012
0.097
0.001
0.0
0.001
0.0
0.0
0.0
0.027
0.0
0.057
0.0
0.001
0.013
0.004
0.024
0.011

1.664
1.859
0.29
2.592
2.332
0.02
0.248
0.628
8.607
2.325
1.702
0.817
0.64
0.366
1.576
0.043
1.736
2.146
1.212
0.184
0.038
2.324

3.04775
1.676
1.0665
0.35025
1.64075
0.77925
1.0975
1.15625
4.819
2.577
1.411
0.827
1.2635
0.41375
0.94775
0.415
1.91125
1.85875
1.11325
0.76425
0.41225
1.25125
1.99825
1.13125

Test:	RTW2_r_5
Requests:	25
Success:	14
Used:   	6

Local times (milisec):
min:	0.0
max:	5.217
mean:	0.23304166666666665
median:	0.0025
stdev:	1.061863312220824

Web server times (milisec):
min:	0.02
max:	8.607
mean:	1.5158636363636364
median:	1.3940000000000001
stdev:	1.8123005189525467

App server times (milisec):
min:	0.35025
max:	4.819
mean:	1.4136979166666666
median:	1.14375
stdev:	0.9901628324015117
diff:	2.94525