Time-differences (millis):

0.158
0.001
0.0
0.0
6.973
0.001
0.0
0.001
0.0
0.001
0.001
0.001
0.275
0.0
0.001
0.0
0.001
0.0
0.0
0.001
0.0
0.001
0.0
0.001

2.168
1.496
1.691
1.535
1.85
0.023
1.907
2.336
1.944
7.494
0.221
0.557
1.63
0.606
0.454
0.483
1.317
3.011
0.375
0.605
0.019
0.385
2.676

1.94825
1.47
1.6705
3.00325
0.626
0.7765
1.1715
1.80375
1.29625
7.70625
0.5285
1.6105
0.6085
0.477
0.496
0.82325
0.8535
2.688
0.291
0.739
0.415
0.25425
0.1785
2.136

Test:	RTW2_r_8
Requests:	25
Success:	13
Used:   	8

Local times (milisec):
min:	0.0
max:	6.973
mean:	0.30904166666666666
median:	0.001
stdev:	1.420825953272516

Web server times (milisec):
min:	0.019
max:	7.494
mean:	1.512304347826087
median:	1.496
stdev:	1.5731650619858568

App server times (milisec):
min:	0.1785
max:	7.70625
mean:	1.3988020833333334
median:	0.8383750000000001
stdev:	1.550663911072985
diff:	1.42175