Time-differences (millis):

0.078
0.315
0.038
0.024
0.041
0.029
1.002
0.073
0.033
4.221
0.001
0.013
0.0
0.014
0.01
0.022
0.001
0.008
0.024
0.001
0.009
0.031
0.006
0.022

1.573
1.809
1.664
1.661
1.051
0.025
0.291
5.546
5.749
0.043
0.062
1.834
1.036
0.381
1.525
1.159
1.868
1.093
0.018
0.565
1.478
1.742
9.295
1.362

1.777
1.6595
1.778
0.244
1.62875
1.01825
0.6375
2.33725
6.429
0.561
1.09325
0.4945
0.44825
0.51175
1.009
1.22675
1.81225
1.18675
0.2375
0.22025
1.56925
1.68225
10.05275
0.63675

Test:	RTW2_r_21
Requests:	25
Success:	10
Used:   	5

Local times (milisec):
min:	0.0
max:	4.221
mean:	0.25066666666666665
median:	0.023
stdev:	0.8705884400128789

Web server times (milisec):
min:	0.018
max:	9.295
mean:	1.7845833333333334
median:	1.42
stdev:	2.1525646769390687

App server times (milisec):
min:	0.22025
max:	10.05275
mean:	1.6771458333333333
median:	1.1400000000000001
stdev:	2.175048658771882
diff:	1.27875