1554314844044123.0
1554314844044145.0
1554314844044156.0
1554314844044167.0
1554314844044177.0
1554314844044206.0
1554314844044222.0
1554314844044249.0
1554314844044264.0
1554314844044294.0
1554314844044305.0
1554314844044467.0
1554314844044498.0
1554314844044562.0
1554314844044597.0
1554314844044611.0
1554314844044671.0
1554314844044701.0
1554314844044716.0
1554314844044760.0
1554314844044852.0
1554314844044865.0
1554314844044874.0
1554314844044883.0
1554314844046657.0

1554314850009990.0
1554314850023539.0
1554314850121711.0
1554314850124185.0
1554314850161845.0
1554314850167078.0
1554314850301589.0
1554314850400568.0
1554314850463831.0
1554314850472761.0
1554314850585876.0
1554314850593869.0
1554314850688494.0
1554314850690390.0
1554314850725838.0
1554314850767368.0
1554314850800968.0
1554314850805144.0
1554314850827059.0
1554314850827098.0
1554314850874041.0
1554314850915935.0
1554314850965987.0
1554314851003147.0

1554314850014002.0
1554314850026876.0
1554314850122195.2
1554314850129170.8
1554314850162418.8
1554314850169309.0
1554314850304308.8
1554314850400907.8
1554314850464200.0
1554314850473348.0
1554314850586228.0
1554314850594158.5
1554314850688926.5
1554314850691064.2
1554314850726193.5
1554314850767911.2
1554314850801575.5
1554314850805556.2
1554314850827896.8
1554314850829209.8
1554314850874340.8
1554314850916240.5
1554314850966292.0
1554314850966296.0
1554314851003497.2

25
22
22
