1554315121020850.0
1554315121020864.0
1554315121020873.0
1554315121020881.0
1554315121020889.0
1554315121020897.0
1554315121020906.0
1554315121020914.0
1554315121020922.0
1554315121020930.0
1554315121020941.0
1554315121020968.0
1554315121021011.0
1554315121021021.0
1554315121021030.0
1554315121021038.0
1554315121021058.0
1554315121021075.0
1554315121021084.0
1554315121021092.0
1554315121021101.0
1554315121021109.0
1554315121021117.0
1554315121021125.0
1554315121022145.0

1554315127055327.0
1554315127080799.0
1554315127144109.0
1554315127162599.0
1554315127182209.0
1554315127228534.0
1554315127228579.0
1554315127256370.0
1554315127354757.0
1554315127408637.0
1554315127539217.0
1554315127571312.0
1554315127578438.0
1554315127615187.0
1554315127630555.0
1554315127631222.0
1554315127642069.0
1554315127679859.0
1554315127708641.0
1554315127756008.0
1554315127778745.0
1554315127778796.0
1554315127791329.0
1554315127799742.0
1554315127933002.0

1554315127057478.0
1554315127081134.8
1554315127146274.0
1554315127164705.2
1554315127182751.5
1554315127228921.2
1554315127231539.8
1554315127256697.5
1554315127355510.0
1554315127411422.8
1554315127540091.8
1554315127571617.0
1554315127579012.5
1554315127615615.2
1554315127630863.8
1554315127632402.0
1554315127642469.5
1554315127680402.0
1554315127708987.2
1554315127756312.0
1554315127779194.2
1554315127779194.2
1554315127791677.2
1554315127800122.5
1554315127933420.8

25
25
24
