1554218032039312.0
1554218032039325.0
1554218032039332.0
1554218032039339.0
1554218032039347.0
1554218032039368.0
1554218032039380.0
1554218032039390.0
1554218032039400.0
1554218032039408.0
1554218032039447.0
1554218032039530.0
1554218032039543.0
1554218032039563.0
1554218032039603.0
1554218032039616.0
1554218032039636.0
1554218032039678.0
1554218032039696.0
1554218032039709.0
1554218032039738.0
1554218032039749.0
1554218032039757.0
1554218032039766.0
1554218032039776.0

1554218039035683.0
1554218039068731.0
1554218039091235.0
1554218039173967.0
1554218039196455.0
1554218039237503.0
1554218039290337.0
1554218039327563.0
1554218039344224.0
1554218039407802.0
1554218039409476.0
1554218039426324.0
1554218039432471.0
1554218039460651.0
1554218039460677.0
1554218039634797.0
1554218039684674.0
1554218039737325.0
1554218039797498.0
1554218039811941.0
1554218039853197.0
1554218039883306.0
1554218039901840.0
1554218039944730.0
1554218039988767.0

1554218039038171.2
1554218039071628.2
1554218039094305.8
1554218039174505.2
1554218039196829.2
1554218039239839.0
1554218039290799.5
1554218039330352.8
1554218039344579.8
1554218039408389.8
1554218039410137.8
1554218039426740.0
1554218039432834.8
1554218039461186.5
1554218039462588.0
1554218039635139.8
1554218039684986.2
1554218039737725.0
1554218039797912.2
1554218039812325.0
1554218039853516.5
1554218039883658.5
1554218039902161.2
1554218039945050.5
1554218039989124.0

25
25
25
