\Success codes:
14
25
25
24
25
23
15
21
23
23
22
25
25
16
25

Vouchers used:
14
25
23
24
25
22
13
18
22
22
22
24
23
15
24

Ratio:
1.0
1.0
1.0869565217391304
1.0
1.0
1.0454545454545454
1.1538461538461537
1.1666666666666667
1.0454545454545454
1.0454545454545454
1.0
1.0416666666666667
1.0869565217391304
1.0666666666666667
1.0416666666666667

Local:
0.014
0.007
0.007
0.007
0.009
0.011
0.009
0.01
0.009
0.011
0.01
0.01
0.01
0.01
0.01
0.009
0.01
0.009
0.01
0.01
0.009
0.01
0.01
0.01
0.013
0.007
0.007
0.008
0.021
0.012
0.01
0.01
0.008
0.039
0.083
0.013
0.02
0.04
0.013
0.02
0.042
0.018
0.013
0.029
0.011
0.008
0.009
0.01
0.022
0.012
0.011
0.01
0.013
0.012
0.01
0.01
0.01
0.01
0.01
0.01
0.01
0.008
0.011
0.009
0.009
0.01
0.009
0.01
0.01
0.01
0.009
1.166
0.017
0.011
0.011
0.01
0.011
0.01
0.009
0.01
0.01
0.01
0.009
0.01
0.009
0.01
0.011
0.01
0.009
0.01
0.01
0.01
0.01
0.01
0.027
0.012
0.014
0.007
0.008
0.006
0.026
0.012
0.01
0.011
0.012
0.108
0.032
0.025
0.022
0.012
0.027
0.033
0.033
0.016
0.028
0.033
0.025
0.028
0.025
0.81
0.014
0.011
0.01
0.009
0.009
0.01
0.01
0.009
0.01
0.01
0.01
0.008
0.011
0.01
0.009
0.014
0.027
0.009
0.007
0.02
0.01
0.012
0.009
0.009
0.016
0.009
0.011
0.011
0.009
0.01
0.009
0.026
0.016
0.011
0.05
0.024
0.013
0.01
0.01
0.01
0.01
0.012
0.025
0.01
0.009
0.01
0.009
0.009
0.024
0.013
0.012
0.011
0.01
0.012
0.012
0.01
0.017
0.03
0.047
0.013
0.009
0.01
0.009
0.01
0.009
0.01
0.009
0.011
0.009
0.012
0.01
0.023
0.055
0.197
0.013
0.009
0.009
0.009
0.009
0.008
0.008
0.009
0.008
0.01
0.009
0.008
0.009
0.009
0.009
0.008
0.01
0.009
0.008
0.009
0.009
0.009
0.011
0.006
0.006
0.006
0.007
0.006
0.01
0.008
0.007
0.006
0.007
0.006
0.006
0.007
0.006
0.006
0.008
0.009
0.009
0.011
0.009
0.009
0.009
0.601
0.022
0.011
0.011
0.01
0.029
0.016
0.027
0.015
0.03
0.011
0.162
0.031
0.064
0.035
0.014
0.06
0.03
0.015
0.044
0.092
0.013
0.009
0.009
1.774
0.014
0.007
0.008
0.007
0.01
0.012
0.009
0.01
0.01
0.01
0.01
0.011
0.009
0.011
0.01
0.01
0.011
0.01
0.011
0.011
0.01
0.011
0.01
0.01
0.012
0.006
0.006
0.006
0.007
0.009
0.008
0.01
0.009
0.009
0.01
0.025
0.014
0.009
0.009
0.008
0.009
0.008
0.008
0.008
0.008
0.009
0.008
0.624
0.029
0.016
0.016
0.015
0.014
0.013
0.011
0.012
0.012
0.012
0.013
0.011
0.014
0.014
0.013
0.013
0.012
0.014
0.013
0.013
0.015
0.011
0.012
0.014
0.014
0.009
0.008
0.008
0.008
0.009
0.008
0.008
0.008
0.011
0.027
0.043
0.01
0.009
0.008
0.02
0.017
0.009
0.008
0.009
0.008
0.008
0.008
1.02

Web:
18.445
63.204
21.913
7.701
52.569
26.493
0.195
22.872
0.072
4.973
24.208
254.394
46.878
77.993
0.068
22.583
0.104
75.361
18.46
95.748
33.048
22.504
82.732
22.488
41.048
52.834
37.226
16.661
63.578
1.674
16.848
6.147
28.18
0.026
174.12
49.877
52.651
60.173
14.443
41.256
30.109
18.534
42.89
44.037
3.312
91.51
0.004
14.539
18.129
97.463
14.31
11.596
57.992
12.19
18.683
27.917
4.979
51.609
113.954
16.885
36.334
0.321
41.105
73.302
3.677
8.818
39.657
0.476
11.804
21.846
49.672
137.617
28.378
4.362
28.929
8.643
51.02
1.884
2.194
68.617
0.186
18.356
26.805
9.942
117.714
4.238
48.102
22.675
77.239
33.122
4.828
8.349
34.83
133.687
37.854
59.818
42.696
23.751
23.96
22.649
31.143
10.99
12.856
29.662
47.217
96.39
74.436
56.307
24.525
22.823
2.529
33.178
21.81
4.603
35.036
54.408
4.388
106.218
6.613
21.87
0.028
60.949
48.342
30.78
34.981
74.981
20.039
85.994
20.369
11.622
0.698
128.674
31.048
21.644
0.096
37.409
18.396
26.537
39.898
5.944
46.615
27.208
67.287
3.63
5.559
5.714
207.818
0.05
29.14
48.354
14.827
135.761
76.056
18.907
73.436
23.854
46.601
62.646
6.376
57.76
4.683
8.582
106.474
21.11
80.791
89.679
0.795
2.681
173.858
11.21
10.26
3.053
58.373
0.014
57.758
102.48
0.086
22.591
5.089
21.72
1.584
26.922
26.47
56.525
11.638
8.71
14.21
17.598
2.557
29.326
84.811
66.218
0.441
15.544
56.951
33.933
0.867
56.186
0.02
54.148
1.239
79.617
59.98
1.04
31.577
117.808
51.684
60.292
1.602
68.831
102.081
10.688
37.55
50.8
35.22
128.445
27.333
8.994
61.709
19.504
30.342
62.883
24.724
42.884
29.67
0.111
69.851
12.873
14.543
73.756
35.248
7.565
58.433
0.087
13.549
98.172
2.474
37.66
5.233
134.511
98.979
63.263
8.93
113.115
7.993
94.625
1.896
35.448
41.53
33.6
4.176
21.915
0.039
46.943
41.894
50.052
37.16
21.532
30.005
163.854
7.291
31.259
1.233
12.026
2.118
55.056
10.472
4.445
47.726
26.549
18.884
138.462
61.708
4.829
0.048
28.817
120.451
20.515
5.007
24.363
20.906
79.174
36.069
5.539
35.126
210.635
42.542
24.27
35.874
26.299
6.864
69.574
31.868
4.682
12.187
27.545
0.08
81.481
21.035
0.068
43.627
5.904
60.907
99.796
16.384
3.648
25.843
6.508
96.367
34.256
9.325
134.744
9.968
2.222
64.405
125.011
9.855
8.614
48.128
38.564
84.614
53.861
40.998
24.527
36.929
82.884
3.05
25.472
63.31
18.49
19.61
46.325
0.045
27.791
98.387
53.88
130.58
32.095
7.126
36.749
15.368
0.667
10.847
37.79
28.782
47.367
22.737
0.051
12.533
8.413
133.26

App:
18.2775
61.781
24.21575
7.687
52.87025
24.10825
0.9095
21.75075
1.34975
3.88875
24.0785
254.757
46.80325
78.47125
0.9145
21.0265
0.0655
26.76775
26.05425
22.57
18.6965
95.4635
0.1545
31.122
33.457
22.6775
80.1995
22.324
43.00975
50.9605
39.55325
14.227
63.81
1.748
16.60225
6.09475
28.35175
1.4015
172.55175
49.8465
52.73875
60.18725
14.41275
41.1915
30.142
18.50275
42.88925
44.0735
4.36725
88.7645
2.95525
13.25425
16.3725
97.474
16.4665
9.4225
58.0425
12.07775
18.78125
27.93725
4.91775
51.7415
113.73
16.995
36.376
0.14625
41.15075
73.37075
4.42175
8.103
39.93775
0.044
11.785
22.1215
49.55075
136.10175
28.081
5.933
27.33525
9.0775
50.612
1.91175
2.99425
67.87825
0.68475
17.91125
26.70075
9.986
117.55725
4.23075
48.10325
22.877
77.04875
33.1315
4.81925
8.3395
34.97175
133.351
36.53125
61.617
42.6035
22.22625
23.98375
22.4535
31.17775
11.073
12.77825
29.70425
47.1175
96.451
74.44775
56.1775
24.51275
22.885
2.789
32.8495
21.96125
4.943
34.8175
54.19625
3.7995
106.7565
4.76525
23.253
0.0
59.377
48.78375
30.2085
35.126
74.973
19.9335
86.14575
20.1885
12.1395
0.509
128.339
31.22575
21.7205
0.045
37.763
17.8785
26.498
39.87875
5.999
45.04725
28.8385
67.36325
2.23125
6.9855
3.81275
55.95575
151.9015
0.0
31.20075
46.43825
14.7385
135.77625
76.1225
18.841
73.529
23.737
46.634
10.8665
51.86125
6.3055
57.92525
4.70625
8.873
104.83725
21.1775
82.97
87.4335
3.0595
0.2915
175.6285
9.80225
10.22725
2.8805
58.475
1.8145
55.80925
104.145
1.0105
20.0875
5.16475
21.66625
2.2165
26.0735
26.77275
56.4045
11.92825
8.394
13.84525
17.8855
0.53675
31.07225
84.71875
64.62075
0.48075
15.53325
57.05275
33.828
0.84125
56.14175
0.69375
53.49425
2.55425
78.292
60.0045
2.344
30.253
117.81725
51.68375
60.4285
1.953
68.29
102.27475
10.27775
35.96375
50.8545
37.04175
126.7
29.01575
7.11125
61.7745
19.58975
30.30475
62.88975
24.71725
42.89525
29.66025
0.06275
69.8145
13.02975
14.60575
73.60725
35.458
7.40925
58.3855
0.97775
12.874
95.31925
6.9755
33.248
6.89025
134.99975
96.599
63.29225
9.148
112.88
7.9305
94.768
2.13775
35.12925
41.71775
33.66425
3.98075
22.3405
1.313
45.131
41.89975
50.0515
0.004
37.20125
22.12875
28.21425
164.1405
5.498
31.419
1.09325
14.40225
2.06075
52.584
10.47075
4.515
47.7665
26.664
18.8995
138.24475
61.68025
5.02775
1.1015
27.59775
120.69225
20.37525
4.9305
24.5635
20.91175
79.26825
34.53525
7.02025
35.10575
209.317
42.60975
24.08775
35.84675
26.409
6.739
71.31725
30.70725
5.65575
10.5485
27.614
0.0
81.48575
21.13225
0.0
43.6615
6.132
60.66075
99.78575
16.39025
4.48875
24.8975
6.1655
96.32625
33.557
8.5405
134.91275
9.83875
2.10125
64.596
63.62925
61.31425
10.225
8.14575
48.2605
38.76325
84.38425
53.85675
41.19675
24.246
4.74475
32.24775
82.919
2.92325
23.65675
65.13925
18.43125
18.04625
46.16975
2.6185
25.15775
98.8125
55.91275
128.669
31.52525
7.3955
36.60275
15.2485
1.53825
10.0675
37.9325
28.58525
47.32475
22.88225
0.0
12.483
8.44525
133.29825

Diff:
65.78725
0.9325
0.9695
0.80775
0.77125
0.85225
2.09725
1.05725
0.93375
0.861
17.5555
1.05125
0.78925
15.51575
0.871