Time-differences (millis):

0.014
0.007
0.008
0.006
0.026
0.012
0.01
0.011
0.012
0.108
0.032
0.025
0.022
0.012
0.027
0.033
0.033
0.016
0.028
0.033
0.025
0.028
0.025
0.81

34.83
133.687
37.854
59.818
42.696
23.751
23.96
22.649
31.143
10.99
12.856
29.662
47.217
96.39
74.436
56.307
24.525
22.823
2.529
33.178
21.81
4.603
35.036
54.408

34.97175
133.351
36.53125
61.617
42.6035
22.22625
23.98375
22.4535
31.17775
11.073
12.77825
29.70425
47.1175
96.451
74.44775
56.1775
24.51275
22.885
2.789
32.8495
21.96125
4.943
34.8175
54.19625

Test:	CR2_s+_5
Requests:	25
Success:	25
Used:   	25

Local times (milisec):
min:	0.006
max:	0.81
mean:	0.05679166666666667
median:	0.025
stdev:	0.16168057052119147

Web server times (milisec):
min:	2.529
max:	133.687
mean:	39.04825
median:	32.1605
stdev:	29.677839532656133

App server times (milisec):
min:	2.789
max:	133.351
mean:	38.98413541666667
median:	32.013625
stdev:	29.694126809308234
diff:	0.77125