Time-differences (millis):

0.017
0.011
0.011
0.01
0.011
0.01
0.009
0.01
0.01
0.01
0.009
0.01
0.009
0.01
0.011
0.01
0.009
0.01
0.01
0.01
0.01
0.01
0.027
0.012

11.804
21.846
49.672
137.617
28.378
4.362
28.929
8.643
51.02
1.884
2.194
68.617
0.186
18.356
26.805
9.942
117.714
4.238
48.102
22.675
77.239
33.122
4.828
8.349

11.785
22.1215
49.55075
136.10175
28.081
5.933
27.33525
9.0775
50.612
1.91175
2.99425
67.87825
0.68475
17.91125
26.70075
9.986
117.55725
4.23075
48.10325
22.877
77.04875
33.1315
4.81925
8.3395

Test:	CR2_s+_4
Requests:	25
Success:	24
Used:   	24

Local times (milisec):
min:	0.009
max:	0.027
mean:	0.011083333333333334
median:	0.01
stdev:	0.003740688923605972

Web server times (milisec):
min:	0.186
max:	137.617
mean:	32.77175
median:	22.2605
stdev:	36.304884825539006

App server times (milisec):
min:	0.68475
max:	136.10175
mean:	32.69883333333333
median:	22.49925
stdev:	35.94493955930517
diff:	0.80775