Time-differences (millis):

0.013
0.007
0.007
0.008
0.021
0.012
0.01
0.01
0.008
0.039
0.083
0.013
0.02
0.04
0.013
0.02
0.042
0.018
0.013
0.029
0.011
0.008
0.009
0.01

33.048
22.504
82.732
22.488
41.048
52.834
37.226
16.661
63.578
1.674
16.848
6.147
28.18
0.026
174.12
49.877
52.651
60.173
14.443
41.256
30.109
18.534
42.89
44.037

33.457
22.6775
80.1995
22.324
43.00975
50.9605
39.55325
14.227
63.81
1.748
16.60225
6.09475
28.35175
1.4015
172.55175
49.8465
52.73875
60.18725
14.41275
41.1915
30.142
18.50275
42.88925
44.0735

Test:	CR2_s+_2
Requests:	25
Success:	25
Used:   	25

Local times (milisec):
min:	0.007
max:	0.083
mean:	0.019333333333333334
median:	0.013
stdev:	0.017221489777162938

Web server times (milisec):
min:	0.026
max:	174.12
mean:	39.71183333333333
median:	35.137
stdev:	35.22509535478397

App server times (milisec):
min:	1.4015
max:	172.55175
mean:	39.62303125
median:	36.505125
stdev:	34.82336017326779
diff:	0.9325