1554218141031927.0
1554218141031949.0
1554218141031961.0
1554218141031972.0
1554218141031982.0
1554218141031995.0
1554218141032007.0
1554218141032017.0
1554218141032027.0
1554218141032037.0
1554218141032047.0
1554218141032057.0
1554218141032067.0
1554218141032077.0
1554218141032085.0
1554218141032096.0
1554218141032105.0
1554218141032114.0
1554218141032124.0
1554218141032133.0
1554218141032143.0
1554218141032153.0
1554218141032163.0
1554218141032172.0
1554218141033338.0

1554218148235565.0
1554218148238877.0
1554218148330387.0
1554218148330391.0
1554218148344930.0
1554218148363059.0
1554218148460522.0
1554218148474832.0
1554218148486428.0
1554218148544420.0
1554218148556610.0
1554218148575293.0
1554218148603210.0
1554218148608189.0
1554218148659798.0
1554218148773752.0
1554218148790637.0
1554218148826971.0
1554218148827292.0
1554218148868397.0
1554218148941699.0
1554218148945376.0
1554218148954194.0
1554218148993851.0
1554218148994327.0

1554218148237814.2
1554218148242181.5
1554218148330946.0
1554218148333901.2
1554218148347155.5
1554218148363528.0
1554218148461002.0
1554218148477468.5
1554218148486891.0
1554218148544933.5
1554218148557011.2
1554218148575792.5
1554218148603729.8
1554218148608647.5
1554218148660389.0
1554218148774119.0
1554218148791114.0
1554218148827490.0
1554218148827636.2
1554218148868787.0
1554218148942157.8
1554218148946579.5
1554218148954682.5
1554218148994620.2
1554218148994664.2

25
25
23
