Time-differences (millis):

0.029
0.016
0.016
0.015
0.014
0.013
0.011
0.012
0.012
0.012
0.013
0.011
0.014
0.014
0.013
0.013
0.012
0.014
0.013
0.013
0.015
0.011
0.012
0.014

3.648
25.843
6.508
96.367
34.256
9.325
134.744
9.968
2.222
64.405
125.011
9.855
8.614
48.128
38.564
84.614
53.861
40.998
24.527
36.929
82.884
3.05

4.48875
24.8975
6.1655
96.32625
33.557
8.5405
134.91275
9.83875
2.10125
64.596
63.62925
61.31425
10.225
8.14575
48.2605
38.76325
84.38425
53.85675
41.19675
24.246
4.74475
32.24775
82.919
2.92325

Test:	CR2_s+_14
Requests:	25
Success:	16
Used:   	15

Local times (milisec):
min:	0.011
max:	0.029
mean:	0.013833333333333333
median:	0.013
stdev:	0.003534508964932528

Web server times (milisec):
min:	2.222
max:	134.744
mean:	42.92368181818182
median:	35.5925
stdev:	39.840981453519106

App server times (milisec):
min:	2.10125
max:	134.91275
mean:	39.26169791666667
median:	32.902375000000006
stdev:	35.32402181220334
diff:	15.51575