1554218318036006.0
1554218318036020.0
1554218318036027.0
1554218318036035.0
1554218318036041.0
1554218318036067.0
1554218318036079.0
1554218318036089.0
1554218318036100.0
1554218318036112.0
1554218318036220.0
1554218318036252.0
1554218318036277.0
1554218318036299.0
1554218318036311.0
1554218318036338.0
1554218318036371.0
1554218318036404.0
1554218318036420.0
1554218318036448.0
1554218318036481.0
1554218318036506.0
1554218318036534.0
1554218318036559.0
1554218318037369.0

1554218325075606.0
1554218325110436.0
1554218325244123.0
1554218325281977.0
1554218325341795.0
1554218325384491.0
1554218325408242.0
1554218325432202.0
1554218325454851.0
1554218325485994.0
1554218325496984.0
1554218325509840.0
1554218325539502.0
1554218325586719.0
1554218325683109.0
1554218325757545.0
1554218325813852.0
1554218325838377.0
1554218325861200.0
1554218325863729.0
1554218325896907.0
1554218325918717.0
1554218325923320.0
1554218325958356.0
1554218326012764.0

1554218325077515.0
1554218325112486.8
1554218325245837.8
1554218325282369.0
1554218325343986.0
1554218325386589.5
1554218325408815.8
1554218325432799.5
1554218325455253.0
1554218325486430.8
1554218325497503.8
1554218325510282.0
1554218325539986.2
1554218325587103.8
1554218325683554.8
1554218325758002.5
1554218325814180.0
1554218325838692.8
1554218325861577.8
1554218325864366.8
1554218325897216.2
1554218325919177.5
1554218325924120.5
1554218325958938.0
1554218326013134.2

25
25
25
