1554218363029633.0
1554218363029647.0
1554218363029658.0
1554218363029668.0
1554218363029677.0
1554218363029686.0
1554218363029696.0
1554218363029706.0
1554218363029715.0
1554218363029725.0
1554218363029735.0
1554218363029745.0
1554218363029753.0
1554218363029764.0
1554218363029774.0
1554218363029783.0
1554218363029797.0
1554218363029824.0
1554218363029833.0
1554218363029840.0
1554218363029860.0
1554218363029870.0
1554218363029882.0
1554218363029891.0
1554218363029900.0

1554218370048501.0
1554218370052889.0
1554218370159107.0
1554218370165720.0
1554218370187590.0
1554218370187618.0
1554218370248567.0
1554218370296909.0
1554218370327689.0
1554218370362670.0
1554218370437651.0
1554218370457690.0
1554218370543684.0
1554218370564053.0
1554218370575675.0
1554218370576373.0
1554218370705047.0
1554218370736095.0
1554218370757739.0
1554218370757835.0
1554218370795244.0
1554218370813640.0
1554218370840177.0
1554218370880075.0
1554218370886019.0

1554218370051072.0
1554218370054871.5
1554218370161628.0
1554218370166393.2
1554218370189646.2
1554218370189646.2
1554218370249023.2
1554218370297807.0
1554218370328015.5
1554218370363141.5
1554218370438114.5
1554218370458048.0
1554218370544193.8
1554218370564382.2
1554218370576521.8
1554218370577030.8
1554218370705369.8
1554218370736595.5
1554218370758316.0
1554218370758361.0
1554218370796124.0
1554218370814002.5
1554218370840500.5
1554218370880379.2
1554218370886378.2

25
23
22
