1554218702018825.0
1554218702018836.0
1554218702018842.0
1554218702018848.0
1554218702018854.0
1554218702018861.0
1554218702018867.0
1554218702018877.0
1554218702018885.0
1554218702018892.0
1554218702018898.0
1554218702018905.0
1554218702018911.0
1554218702018917.0
1554218702018924.0
1554218702018930.0
1554218702018936.0
1554218702018944.0
1554218702018953.0
1554218702018962.0
1554218702018973.0
1554218702018982.0
1554218702018991.0
1554218702019000.0
1554218702019601.0

1554218709000511.0
1554218709102592.0
1554218709113280.0
1554218709150830.0
1554218709201630.0
1554218709236850.0
1554218709365295.0
1554218709392628.0
1554218709401622.0
1554218709463331.0
1554218709482835.0
1554218709513177.0
1554218709576060.0
1554218709600784.0
1554218709643668.0
1554218709673338.0
1554218709673449.0
1554218709743300.0
1554218709756173.0
1554218709770716.0
1554218709844472.0
1554218709879720.0
1554218709887285.0
1554218709945718.0
1554218709945805.0

1554218709002730.2
1554218709105005.0
1554218709115282.8
1554218709151246.5
1554218709202101.0
1554218709239142.8
1554218709365842.8
1554218709394858.5
1554218709401969.8
1554218709463744.2
1554218709483334.0
1554218709513638.8
1554218709576528.5
1554218709601245.8
1554218709644141.0
1554218709673801.2
1554218709673864.0
1554218709743678.5
1554218709756708.2
1554218709771314.0
1554218709844921.2
1554218709880379.2
1554218709887788.5
1554218709946174.0
1554218709947151.8

25
23
22
