1554314948023878.0
1554314948023890.0
1554314948023896.0
1554314948023902.0
1554314948023908.0
1554314948023915.0
1554314948023924.0
1554314948023932.0
1554314948023942.0
1554314948023951.0
1554314948023960.0
1554314948023970.0
1554314948023995.0
1554314948024009.0
1554314948024018.0
1554314948024027.0
1554314948024035.0
1554314948024044.0
1554314948024052.0
1554314948024060.0
1554314948024068.0
1554314948024076.0
1554314948024085.0
1554314948024093.0
1554314948024717.0

1554314954019219.0
1554314954098393.0
1554314954134462.0
1554314954140001.0
1554314954175127.0
1554314954385762.0
1554314954428304.0
1554314954452574.0
1554314954488448.0
1554314954514747.0
1554314954521611.0
1554314954591185.0
1554314954623053.0
1554314954627735.0
1554314954639922.0
1554314954667467.0
1554314954667547.0
1554314954749028.0
1554314954770063.0
1554314954770131.0
1554314954813758.0
1554314954819662.0
1554314954880569.0
1554314954980365.0
1554314954996749.0

1554314954021056.0
1554314954100324.2
1554314954134859.5
1554314954141879.8
1554314954176985.5
1554314954386302.5
1554314954428912.2
1554314954453000.0
1554314954488846.8
1554314954515255.8
1554314954521994.8
1554314954593312.0
1554314954624019.2
1554314954629675.0
1554314954640223.5
1554314954667837.5
1554314954667837.5
1554314954749323.2
1554314954770455.5
1554314954770455.5
1554314954814117.0
1554314954820249.0
1554314954880909.8
1554314954980695.5
1554314954997085.8

25
25
23
