1554218199031517.0
1554218199031534.0
1554218199031545.0
1554218199031556.0
1554218199031566.0
1554218199031577.0
1554218199031587.0
1554218199031596.0
1554218199031606.0
1554218199031616.0
1554218199031626.0
1554218199031635.0
1554218199031645.0
1554218199031654.0
1554218199031664.0
1554218199031675.0
1554218199031685.0
1554218199031694.0
1554218199031704.0
1554218199031714.0
1554218199031724.0
1554218199031734.0
1554218199031744.0
1554218199031771.0
1554218199031783.0

1554218206192512.0
1554218206204316.0
1554218206226162.0
1554218206275834.0
1554218206413451.0
1554218206441829.0
1554218206446191.0
1554218206475120.0
1554218206483763.0
1554218206534783.0
1554218206536667.0
1554218206538861.0
1554218206607478.0
1554218206607664.0
1554218206626020.0
1554218206652825.0
1554218206662767.0
1554218206780481.0
1554218206784719.0
1554218206832821.0
1554218206855496.0
1554218206932735.0
1554218206965857.0
1554218206970685.0
1554218206979034.0

1554218206194564.2
1554218206206349.2
1554218206228470.8
1554218206278021.5
1554218206414123.2
1554218206442204.2
1554218206448137.2
1554218206475472.5
1554218206484550.0
1554218206535162.0
1554218206537073.8
1554218206540068.0
1554218206607946.2
1554218206608631.0
1554218206626542.2
1554218206653243.0
1554218206663229.0
1554218206780786.2
1554218206785017.0
1554218206833120.2
1554218206855997.2
1554218206933046.0
1554218206966177.5
1554218206970996.8
1554218206979336.2

25
24
24
