Time-differences (millis):

0.012
0.006
0.006
0.006
0.007
0.009
0.008
0.01
0.009
0.009
0.01
0.025
0.014
0.009
0.009
0.008
0.009
0.008
0.008
0.008
0.008
0.009
0.008
0.624

79.174
36.069
5.539
35.126
210.635
42.542
24.27
35.874
26.299
6.864
69.574
31.868
4.682
12.187
27.545
0.08
81.481
21.035
0.068
43.627
5.904
60.907
99.796
16.384

79.26825
34.53525
7.02025
35.10575
209.317
42.60975
24.08775
35.84675
26.409
6.739
71.31725
30.70725
5.65575
10.5485
27.614
0.0
81.48575
21.13225
0.0
43.6615
6.132
60.66075
99.78575
16.39025

Test:	CR2_s+_13
Requests:	25
Success:	25
Used:   	23

Local times (milisec):
min:	0.006
max:	0.624
mean:	0.034958333333333334
median:	0.009
stdev:	0.12552203311411686

Web server times (milisec):
min:	0.068
max:	210.635
mean:	40.73041666666666
median:	29.7065
stdev:	45.46995691654825

App server times (milisec):
min:	0.0
max:	209.317
mean:	40.66790625
median:	29.160625
stdev:	45.28790652938374
diff:	0.78925