Time-differences (millis):

0.055
0.197
0.013
0.009
0.009
0.009
0.009
0.008
0.008
0.009
0.008
0.01
0.009
0.008
0.009
0.009
0.009
0.008
0.01
0.009
0.008
0.009
0.009
0.009

14.21
17.598
2.557
29.326
84.811
66.218
0.441
15.544
56.951
33.933
0.867
56.186
0.02
54.148
1.239
79.617
59.98
1.04
31.577
117.808
51.684
60.292
1.602
68.831

13.84525
17.8855
0.53675
31.07225
84.71875
64.62075
0.48075
15.53325
57.05275
33.828
0.84125
56.14175
0.69375
53.49425
2.55425
78.292
60.0045
2.344
30.253
117.81725
51.68375
60.4285
1.953
68.29

Test:	CR2_s+_9
Requests:	25
Success:	23
Used:   	22

Local times (milisec):
min:	0.008
max:	0.197
mean:	0.01875
median:	0.009
stdev:	0.03912216096103166

Web server times (milisec):
min:	0.02
max:	117.808
mean:	37.77
median:	32.755
stdev:	33.17017745033868

App server times (milisec):
min:	0.48075
max:	117.81725
mean:	37.68188541666667
median:	32.450125
stdev:	32.92702996275803
diff:	0.93375