1554217957049135.0
1554217957049149.0
1554217957049156.0
1554217957049163.0
1554217957049170.0
1554217957049179.0
1554217957049190.0
1554217957049199.0
1554217957049209.0
1554217957049218.0
1554217957049229.0
1554217957049239.0
1554217957049249.0
1554217957049259.0
1554217957049269.0
1554217957049279.0
1554217957049288.0
1554217957049298.0
1554217957049307.0
1554217957049317.0
1554217957049327.0
1554217957049336.0
1554217957049346.0
1554217957049356.0
1554217957049366.0

1554217964058686.0
1554217964077131.0
1554217964140335.0
1554217964162248.0
1554217964169949.0
1554217964222518.0
1554217964249011.0
1554217964249206.0
1554217964272078.0
1554217964272150.0
1554217964277123.0
1554217964301331.0
1554217964555725.0
1554217964602603.0
1554217964680596.0
1554217964680664.0
1554217964703247.0
1554217964703351.0
1554217964778712.0
1554217964797172.0
1554217964892920.0

1554217964060775.5
1554217964079053.0
1554217964140834.0
1554217964165049.8
1554217964172736.8
1554217964225607.0
1554217964249715.2
1554217964250624.8
1554217964272375.5
1554217964273725.2
1554217964277614.0
1554217964301692.5
1554217964556449.5
1554217964603252.8
1554217964681724.0
1554217964682638.5
1554217964703665.0
1554217964703730.5
1554217964730498.2
1554217964756552.5
1554217964779122.5
1554217964797819.0
1554217964893282.5
1554217964893437.0
1554217964924559.0

25
14
14
