1554315013033054.0
1554315013033083.0
1554315013033099.0
1554315013033115.0
1554315013033130.0
1554315013033144.0
1554315013033157.0
1554315013033168.0
1554315013033180.0
1554315013033192.0
1554315013033204.0
1554315013033217.0
1554315013033228.0
1554315013033242.0
1554315013033256.0
1554315013033269.0
1554315013033282.0
1554315013033294.0
1554315013033308.0
1554315013033321.0
1554315013033334.0
1554315013033349.0
1554315013033360.0
1554315013033372.0
1554315013033386.0

1554315019019984.0
1554315019023632.0
1554315019049475.0
1554315019055983.0
1554315019152350.0
1554315019186606.0
1554315019195931.0
1554315019330675.0
1554315019340643.0
1554315019342865.0
1554315019407270.0
1554315019532281.0
1554315019542136.0
1554315019550750.0
1554315019598878.0
1554315019637442.0
1554315019722056.0
1554315019775917.0
1554315019816915.0
1554315019841442.0
1554315019878371.0
1554315019961255.0
1554315019964305.0

1554315019022323.2
1554315019026812.0
1554315019051709.5
1554315019057875.0
1554315019154201.2
1554315019187758.2
1554315019196298.8
1554315019331211.5
1554315019341050.2
1554315019343151.5
1554315019407747.5
1554315019471376.8
1554315019532691.0
1554315019542916.0
1554315019551061.8
1554315019599322.2
1554315019638085.5
1554315019722469.8
1554315019776326.5
1554315019817523.2
1554315019841769.2
1554315019846514.0
1554315019878761.8
1554315019961680.8
1554315019964604.0

25
16
15
