Time-differences (millis):

0.014
0.009
0.008
0.008
0.008
0.009
0.008
0.008
0.008
0.011
0.027
0.043
0.01
0.009
0.008
0.02
0.017
0.009
0.008
0.009
0.008
0.008
0.008
1.02

25.472
63.31
18.49
19.61
46.325
0.045
27.791
98.387
53.88
130.58
32.095
7.126
36.749
15.368
0.667
10.847
37.79
28.782
47.367
22.737
0.051
12.533
8.413
133.26

23.65675
65.13925
18.43125
18.04625
46.16975
2.6185
25.15775
98.8125
55.91275
128.669
31.52525
7.3955
36.60275
15.2485
1.53825
10.0675
37.9325
28.58525
47.32475
22.88225
0.0
12.483
8.44525
133.29825

Test:	CR2_s+_15
Requests:	25
Success:	25
Used:   	24

Local times (milisec):
min:	0.008
max:	1.02
mean:	0.05395833333333334
median:	0.009
stdev:	0.20592495027297575

Web server times (milisec):
min:	0.045
max:	133.26
mean:	36.56979166666667
median:	26.631500000000003
stdev:	37.08296869591937

App server times (milisec):
min:	0.0
max:	133.29825
mean:	36.49761458333333
median:	24.407249999999998
stdev:	36.98114563111998
diff:	0.871