Time-differences (millis):

0.014
0.011
0.01
0.009
0.009
0.01
0.01
0.009
0.01
0.01
0.01
0.008
0.011
0.01
0.009
0.014
0.027
0.009
0.007
0.02
0.01
0.012
0.009
0.009

4.388
106.218
6.613
21.87
0.028
60.949
48.342
30.78
34.981
74.981
20.039
85.994
20.369
11.622
0.698
128.674
31.048
21.644
0.096
37.409
18.396
26.537
39.898
5.944

3.7995
106.7565
4.76525
23.253
0.0
59.377
48.78375
30.2085
35.126
74.973
19.9335
86.14575
20.1885
12.1395
0.509
128.339
31.22575
21.7205
0.045
37.763
17.8785
26.498
39.87875
5.999

Test:	CR2_s+_6
Requests:	25
Success:	23
Used:   	22

Local times (milisec):
min:	0.007
max:	0.027
mean:	0.011125
median:	0.01
stdev:	0.004256069834340434

Web server times (milisec):
min:	0.028
max:	128.674
mean:	34.89658333333333
median:	24.2035
stdev:	34.165620828567555

App server times (milisec):
min:	0.0
max:	128.339
mean:	34.80442708333333
median:	24.875500000000002
stdev:	34.224806675183586
diff:	0.85225