Time-differences (millis):

0.014
0.007
0.008
0.007
0.01
0.012
0.009
0.01
0.01
0.01
0.01
0.011
0.009
0.011
0.01
0.01
0.011
0.01
0.011
0.011
0.01
0.011
0.01
0.01

21.532
30.005
163.854
7.291
31.259
1.233
12.026
2.118
55.056
10.472
4.445
47.726
26.549
18.884
138.462
61.708
4.829
0.048
28.817
120.451
20.515
5.007
24.363
20.906

22.12875
28.21425
164.1405
5.498
31.419
1.09325
14.40225
2.06075
52.584
10.47075
4.515
47.7665
26.664
18.8995
138.24475
61.68025
5.02775
1.1015
27.59775
120.69225
20.37525
4.9305
24.5635
20.91175

Test:	CR2_s+_12
Requests:	25
Success:	25
Used:   	24

Local times (milisec):
min:	0.007
max:	0.014
mean:	0.010083333333333333
median:	0.01
stdev:	0.0014719601443879745

Web server times (milisec):
min:	0.048
max:	163.854
mean:	35.7315
median:	21.219
stdev:	44.266663137222665

App server times (milisec):
min:	1.09325
max:	164.1405
mean:	35.624239583333335
median:	21.52025
stdev:	44.23054147106111
diff:	1.05125