Time-differences (millis):

0.016
0.009
0.011
0.011
0.009
0.01
0.009
0.026
0.016
0.011
0.05
0.024
0.013
0.01
0.01
0.01
0.01
0.012
0.025
0.01
0.009
0.01
0.009
0.009

46.615
27.208
67.287
3.63
5.559
5.714
207.818
0.05
29.14
48.354
14.827
135.761
76.056
18.907
73.436
23.854
46.601
62.646
6.376
57.76
4.683
8.582

45.04725
28.8385
67.36325
2.23125
6.9855
3.81275
55.95575
151.9015
0.0
31.20075
46.43825
14.7385
135.77625
76.1225
18.841
73.529
23.737
46.634
10.8665
51.86125
6.3055
57.92525
4.70625
8.873

Test:	CR2_s+_7
Requests:	25
Success:	15
Used:   	13

Local times (milisec):
min:	0.009
max:	0.05
mean:	0.014125
median:	0.01
stdev:	0.009237506251101021

Web server times (milisec):
min:	0.05
max:	207.818
mean:	44.13018181818182
median:	28.174
stdev:	49.4599576797196

App server times (milisec):
min:	0.0
max:	151.9015
mean:	40.40378125
median:	30.019624999999998
stdev:	40.039835710033586
diff:	2.09725