1554314893049823.0
1554314893049837.0
1554314893049844.0
1554314893049852.0
1554314893049859.0
1554314893049869.0
1554314893049881.0
1554314893049890.0
1554314893049900.0
1554314893049910.0
1554314893049920.0
1554314893049930.0
1554314893049941.0
1554314893049950.0
1554314893049961.0
1554314893049971.0
1554314893049981.0
1554314893049992.0
1554314893050002.0
1554314893050013.0
1554314893050024.0
1554314893050034.0
1554314893050045.0
1554314893050055.0
1554314893050065.0

1554314899126017.0
1554314899147549.0
1554314899177554.0
1554314899341408.0
1554314899348699.0
1554314899379958.0
1554314899381191.0
1554314899393217.0
1554314899395335.0
1554314899450391.0
1554314899460863.0
1554314899465308.0
1554314899513034.0
1554314899539583.0
1554314899558467.0
1554314899696929.0
1554314899758637.0
1554314899763466.0
1554314899763514.0
1554314899792331.0
1554314899912782.0
1554314899933297.0
1554314899938304.0
1554314899962667.0
1554314899983573.0

1554314899129161.8
1554314899151290.5
1554314899179504.8
1554314899343645.2
1554314899349143.2
1554314899380562.2
1554314899381655.5
1554314899396057.8
1554314899398118.5
1554314899450702.5
1554314899461173.2
1554314899465688.2
1554314899513454.8
1554314899540118.8
1554314899559018.2
1554314899697263.0
1554314899758943.2
1554314899763971.0
1554314899765072.5
1554314899792670.2
1554314899913362.5
1554314899933737.8
1554314899938668.2
1554314899963231.8
1554314899984143.5

25
25
24
