1554218450026247.0
1554218450026263.0
1554218450026272.0
1554218450026283.0
1554218450026294.0
1554218450026303.0
1554218450026313.0
1554218450026322.0
1554218450026348.0
1554218450026364.0
1554218450026375.0
1554218450026425.0
1554218450026449.0
1554218450026462.0
1554218450026472.0
1554218450026482.0
1554218450026492.0
1554218450026502.0
1554218450026514.0
1554218450026539.0
1554218450026549.0
1554218450026558.0
1554218450026568.0
1554218450026577.0
1554218450026586.0

1554218457020751.0
1554218457067366.0
1554218457094574.0
1554218457161861.0
1554218457165491.0
1554218457171050.0
1554218457176764.0
1554218457384582.0
1554218457384632.0
1554218457413772.0
1554218457462126.0
1554218457476953.0
1554218457612714.0
1554218457688770.0
1554218457707677.0
1554218457781113.0
1554218457804967.0
1554218457851568.0
1554218457914214.0
1554218457920590.0
1554218457978350.0
1554218457983033.0
1554218457991615.0

1554218457022778.0
1554218457067825.2
1554218457096663.8
1554218457164027.0
1554218457166258.2
1554218457173243.8
1554218457177056.5
1554218457233012.2
1554218457384913.8
1554218457384913.8
1554218457416114.5
1554218457462552.8
1554218457477291.2
1554218457613067.5
1554218457689190.0
1554218457708031.0
1554218457781560.0
1554218457805297.0
1554218457851931.0
1554218457862797.5
1554218457914658.8
1554218457920964.2
1554218457978889.5
1554218457983595.8
1554218457992468.8

25
15
13
