Time-differences (millis):

0.024
0.013
0.012
0.011
0.01
0.012
0.012
0.01
0.017
0.03
0.047
0.013
0.009
0.01
0.009
0.01
0.009
0.01
0.009
0.011
0.009
0.012
0.01
0.023

106.474
21.11
80.791
89.679
0.795
2.681
173.858
11.21
10.26
3.053
58.373
0.014
57.758
102.48
0.086
22.591
5.089
21.72
1.584
26.922
26.47
56.525
11.638
8.71

104.83725
21.1775
82.97
87.4335
3.0595
0.2915
175.6285
9.80225
10.22725
2.8805
58.475
1.8145
55.80925
104.145
1.0105
20.0875
5.16475
21.66625
2.2165
26.0735
26.77275
56.4045
11.92825
8.394

Test:	CR2_s+_8
Requests:	25
Success:	21
Used:   	18

Local times (milisec):
min:	0.009
max:	0.047
mean:	0.01425
median:	0.011
stdev:	0.008823141508950003

Web server times (milisec):
min:	0.014
max:	173.858
mean:	37.494625
median:	21.415
stdev:	44.80591593297019

App server times (milisec):
min:	0.2915
max:	175.6285
mean:	37.42791666666667
median:	20.6325
stdev:	44.95951020439213
diff:	1.05725