Time-differences (millis):

0.011
0.006
0.006
0.006
0.007
0.006
0.01
0.008
0.007
0.006
0.007
0.006
0.006
0.007
0.006
0.006
0.008
0.009
0.009
0.011
0.009
0.009
0.009
0.601

102.081
10.688
37.55
50.8
35.22
128.445
27.333
8.994
61.709
19.504
30.342
62.883
24.724
42.884
29.67
0.111
69.851
12.873
14.543
73.756
35.248
7.565
58.433
0.087

102.27475
10.27775
35.96375
50.8545
37.04175
126.7
29.01575
7.11125
61.7745
19.58975
30.30475
62.88975
24.71725
42.89525
29.66025
0.06275
69.8145
13.02975
14.60575
73.60725
35.458
7.40925
58.3855
0.97775

Test:	CR2_s+_10
Requests:	25
Success:	23
Used:   	22

Local times (milisec):
min:	0.006
max:	0.601
mean:	0.03233333333333333
median:	0.007
stdev:	0.12113688508268748

Web server times (milisec):
min:	0.087
max:	128.445
mean:	39.38725
median:	32.781
stdev:	32.07584311033976

App server times (milisec):
min:	0.06275
max:	126.7
mean:	39.35089583333333
median:	32.881375
stdev:	31.896687317340643
diff:	0.861