Time-differences (millis):

0.022
0.011
0.011
0.01
0.029
0.016
0.027
0.015
0.03
0.011
0.162
0.031
0.064
0.035
0.014
0.06
0.03
0.015
0.044
0.092
0.013
0.009
0.009
1.774

13.549
98.172
2.474
37.66
5.233
134.511
98.979
63.263
8.93
113.115
7.993
94.625
1.896
35.448
41.53
33.6
4.176
21.915
0.039
46.943
41.894
50.052
37.16

12.874
95.31925
6.9755
33.248
6.89025
134.99975
96.599
63.29225
9.148
112.88
7.9305
94.768
2.13775
35.12925
41.71775
33.66425
3.98075
22.3405
1.313
45.131
41.89975
50.0515
0.004
37.20125

Test:	CR2_s+_11
Requests:	25
Success:	22
Used:   	22

Local times (milisec):
min:	0.009
max:	1.774
mean:	0.10558333333333333
median:	0.0245
stdev:	0.3570168570696404

Web server times (milisec):
min:	0.039
max:	134.511
mean:	43.18073913043478
median:	37.16
stdev:	39.67425010944801

App server times (milisec):
min:	0.004
max:	134.99975
mean:	41.22896875
median:	34.39675
stdev:	39.23135675161325
diff:	17.5555