Time-differences (millis):

0.022
0.012
0.011
0.01
0.013
0.012
0.01
0.01
0.01
0.01
0.01
0.01
0.01
0.008
0.011
0.009
0.009
0.01
0.009
0.01
0.01
0.01
0.009
1.166

3.312
91.51
0.004
14.539
18.129
97.463
14.31
11.596
57.992
12.19
18.683
27.917
4.979
51.609
113.954
16.885
36.334
0.321
41.105
73.302
3.677
8.818
39.657
0.476

4.36725
88.7645
2.95525
13.25425
16.3725
97.474
16.4665
9.4225
58.0425
12.07775
18.78125
27.93725
4.91775
51.7415
113.73
16.995
36.376
0.14625
41.15075
73.37075
4.42175
8.103
39.93775
0.044

Test:	CR2_s+_3
Requests:	25
Success:	25
Used:   	23

Local times (milisec):
min:	0.008
max:	1.166
mean:	0.058791666666666666
median:	0.01
stdev:	0.23584924793949036

Web server times (milisec):
min:	0.004
max:	113.954
mean:	31.615083333333335
median:	17.507
stdev:	33.24564381783453

App server times (milisec):
min:	0.044
max:	113.73
mean:	31.535416666666666
median:	16.73075
stdev:	32.96709019552901
diff:	0.9695