1554218629029053.0
1554218629029108.0
1554218629029305.0
1554218629029318.0
1554218629029327.0
1554218629029336.0
1554218629029345.0
1554218629029354.0
1554218629029362.0
1554218629029370.0
1554218629029379.0
1554218629029387.0
1554218629029397.0
1554218629029406.0
1554218629029414.0
1554218629029423.0
1554218629029432.0
1554218629029441.0
1554218629029449.0
1554218629029459.0
1554218629029468.0
1554218629029476.0
1554218629029485.0
1554218629029494.0
1554218629029503.0

1554218636033659.0
1554218636047869.0
1554218636065467.0
1554218636068024.0
1554218636097350.0
1554218636182161.0
1554218636248379.0
1554218636248820.0
1554218636264364.0
1554218636321315.0
1554218636355248.0
1554218636356115.0
1554218636412301.0
1554218636412321.0
1554218636466469.0
1554218636467708.0
1554218636547325.0
1554218636607305.0
1554218636608345.0
1554218636639922.0
1554218636757730.0
1554218636809414.0
1554218636869706.0
1554218636871308.0
1554218636940139.0

1554218636036126.2
1554218636049971.5
1554218636067857.0
1554218636068393.8
1554218636099466.0
1554218636184184.8
1554218636248805.5
1554218636249286.2
1554218636264819.5
1554218636321872.2
1554218636355700.2
1554218636356541.5
1554218636412683.2
1554218636413377.0
1554218636466871.2
1554218636469425.5
1554218636547717.5
1554218636607722.0
1554218636610066.0
1554218636640319.0
1554218636758136.2
1554218636809820.0
1554218636870248.5
1554218636872201.5
1554218636940491.5

25
23
22
