1554218510028259.0
1554218510028283.0
1554218510028296.0
1554218510028308.0
1554218510028319.0
1554218510028329.0
1554218510028341.0
1554218510028353.0
1554218510028363.0
1554218510028380.0
1554218510028410.0
1554218510028457.0
1554218510028470.0
1554218510028479.0
1554218510028489.0
1554218510028498.0
1554218510028508.0
1554218510028517.0
1554218510028527.0
1554218510028536.0
1554218510028547.0
1554218510028556.0
1554218510028568.0
1554218510028578.0
1554218510028601.0

1554218517024652.0
1554218517131126.0
1554218517152236.0
1554218517233027.0
1554218517322706.0
1554218517323501.0
1554218517326182.0
1554218517500040.0
1554218517511250.0
1554218517521510.0
1554218517524563.0
1554218517582936.0
1554218517582950.0
1554218517640708.0
1554218517743188.0
1554218517743274.0
1554218517765865.0
1554218517770954.0
1554218517792674.0
1554218517794258.0
1554218517821180.0
1554218517847650.0
1554218517904175.0
1554218517915813.0
1554218517924523.0

1554218517026703.8
1554218517131541.0
1554218517152718.5
1554218517235688.5
1554218517323122.0
1554218517326181.5
1554218517326473.0
1554218517502101.5
1554218517511903.8
1554218517522131.0
1554218517525011.5
1554218517583486.5
1554218517585301.0
1554218517641110.2
1554218517745255.2
1554218517746265.8
1554218517766353.2
1554218517771518.0
1554218517793184.2
1554218517795400.8
1554218517821474.2
1554218517848247.0
1554218517904651.5
1554218517916579.8
1554218517924973.8

25
21
18
