1554316382308216.0
1554316382309616.0
1554316382309895.0
1554316382309980.0
1554316382310108.0
1554316382310210.0
1554316382310310.0
1554316382310402.0
1554316382310484.0
1554316382310604.0
1554316382310723.0
1554316382310845.0
1554316382310988.0
1554316382311094.0
1554316382311200.0
1554316382311298.0
1554316382311405.0
1554316382311509.0
1554316382311701.0
1554316382311792.0
1554316382311889.0
1554316382312002.0
1554316382312107.0
1554316382312202.0
1554316382312373.0

1554316383326066.0
1554316383326365.0
1554316383409020.0
1554316383413816.0
1554316383467589.0
1554316383468375.0
1554316383487313.0
1554316383495133.0
1554316383542195.0
1554316383542282.0
1554316383590356.0
1554316383634069.0
1554316383836010.0
1554316383836097.0
1554316383864944.0
1554316383867142.0
1554316383892662.0
1554316383957098.0
1554316383990099.0
1554316384021564.0
1554316384080923.0
1554316384250185.0
1554316384268745.0
1554316384275730.0
1554316384307095.0

1554316383329088.8
1554316383329183.5
1554316383410989.8
1554316383416480.8
1554316383467994.5
1554316383471525.0
1554316383487772.8
1554316383495485.5
1554316383542564.2
1554316383543063.8
1554316383590742.8
1554316383634447.2
1554316383836415.0
1554316383836930.2
1554316383865462.8
1554316383867955.5
1554316383893011.5
1554316383958432.5
1554316383997941.2
1554316384021885.5
1554316384081503.2
1554316384250530.8
1554316384269058.8
1554316384276042.0
1554316384307528.0

25
22
22
