Time-differences (millis):

1.4
0.279
0.085
0.128
0.102
0.1
0.092
0.082
0.12
0.119
0.122
0.143
0.106
0.106
0.098
0.107
0.104
0.192
0.091
0.097
0.113
0.105
0.095
0.171

0.299
82.655
4.796
53.773
0.786
18.938
7.82
47.062
0.087
48.074
43.713
201.941
0.087
28.847
2.198
25.52
64.436
33.001
31.465
59.359
169.262
18.56
6.985
31.365

0.09475
81.80625
5.491
51.51375
3.5305
16.24775
7.71275
47.07875
0.4995
47.679
43.7045
201.96775
0.51525
28.5325
2.49275
25.056
65.421
39.50875
23.94425
59.61775
169.0275
18.528
6.98325
31.486

Test:	SR2_s_11
Requests:	25
Success:	22
Used:   	22

Local times (milisec):
min:	0.082
max:	1.4
mean:	0.17320833333333333
median:	0.106
stdev:	0.2647282411581104

Web server times (milisec):
min:	0.087
max:	201.941
mean:	40.87620833333333
median:	30.106
stdev:	50.455577553517884

App server times (milisec):
min:	0.09475
max:	201.96775
mean:	40.76830208333333
median:	26.794249999999998
stdev:	50.38300150429119
diff:	1.2465