Time-differences (millis):

0.218
0.111
0.089
0.135
0.073
0.108
0.096
0.103
0.072
0.071
0.08
0.107
0.062
0.099
0.07
0.095
0.083
0.07
0.1
0.073
0.256
0.075
0.22
0.086

5.751
12.185
14.073
23.965
59.938
44.446
90.788
0.018
24.169
35.008
14.882
26.718
12.897
112.363
61.679
205.842
74.64
27.969
6.564
38.322
4.742
31.138
0.207
1.894

8.418
13.611
9.93275
22.6375
61.437
42.7115
90.76075
0.02275
24.04725
34.98325
14.94875
26.68275
13.13975
112.04675
61.83325
205.72775
74.59375
28.0495
7.48125
37.339
5.56225
31.2715
0.1305
1.104

Test:	SR2_s_9
Requests:	25
Success:	24
Used:   	23

Local times (milisec):
min:	0.062
max:	0.256
mean:	0.10633333333333334
median:	0.092
stdev:	0.0515690054086811

Web server times (milisec):
min:	0.018
max:	205.842
mean:	38.758250000000004
median:	25.4435
stdev:	46.29035145240266

App server times (milisec):
min:	0.02275
max:	205.72775
mean:	38.68635416666667
median:	25.365
stdev:	46.25425201987408
diff:	1.184