1554283910243205.0
1554283910243423.0
1554283910243534.0
1554283910243623.0
1554283910243758.0
1554283910243831.0
1554283910243939.0
1554283910244035.0
1554283910244138.0
1554283910244210.0
1554283910244281.0
1554283910244361.0
1554283910244468.0
1554283910244530.0
1554283910244629.0
1554283910244699.0
1554283910244794.0
1554283910244877.0
1554283910244947.0
1554283910245047.0
1554283910245120.0
1554283910245376.0
1554283910245451.0
1554283910245671.0
1554283910245757.0

1554283911144532.0
1554283911150283.0
1554283911162468.0
1554283911176541.0
1554283911200506.0
1554283911260444.0
1554283911304890.0
1554283911395678.0
1554283911395696.0
1554283911419865.0
1554283911454873.0
1554283911469755.0
1554283911496473.0
1554283911509370.0
1554283911621733.0
1554283911683412.0
1554283911889254.0
1554283911963894.0
1554283911991863.0
1554283911998427.0
1554283912036749.0
1554283912041491.0
1554283912072629.0
1554283912072836.0
1554283912074730.0

1554283911146672.8
1554283911155090.8
1554283911168701.8
1554283911178634.5
1554283911201272.0
1554283911262709.0
1554283911305420.5
1554283911396181.2
1554283911396204.0
1554283911420251.2
1554283911455234.5
1554283911470183.2
1554283911496866.0
1554283911510005.8
1554283911622052.5
1554283911683885.8
1554283911889613.5
1554283911964207.2
1554283911992256.8
1554283911999738.0
1554283912037077.0
1554283912042639.2
1554283912073910.8
1554283912074041.2
1554283912075145.2

25
24
23
