Time-differences (millis):

0.127
0.139
0.158
0.156
0.137
0.294
0.361
0.161
0.146
0.109
0.148
0.124
0.105
0.092
0.129
0.102
0.129
0.106
0.141
0.13
0.095
0.102
0.093
0.101

0.087
112.387
21.648
15.338
11.444
75.828
16.903
103.496
89.441
23.844
150.434
10.643
35.718
16.447
8.979
0.41
94.081
31.856
12.302
21.759
7.83
0.028
0.984
77.573

0.0
112.70575
21.8105
13.26675
11.525
78.272
14.30025
104.10275
88.7985
23.89975
150.36825
10.61575
35.706
16.56775
9.8755
0.0055
93.8495
31.976
12.112
21.45925
8.6475
0.162
0.61925
78.8715

Test:	SR2_s_15
Requests:	25
Success:	23
Used:   	21

Local times (milisec):
min:	0.092
max:	0.361
mean:	0.14104166666666668
median:	0.129
stdev:	0.062107535891329266

Web server times (milisec):
min:	0.028
max:	150.434
mean:	39.14416666666666
median:	19.2755
stdev:	43.2123081104433

App server times (milisec):
min:	0.0
max:	150.36825
mean:	39.146541666666664
median:	19.0135
stdev:	43.45740891320231
diff:	1.05625