1554283796976801.0
1554283796976913.0
1554283796977049.0
1554283796977125.0
1554283796977223.0
1554283796977286.0
1554283796977391.0
1554283796977469.0
1554283796977563.0
1554283796977674.0
1554283796977776.0
1554283796977855.0
1554283796977947.0
1554283796978045.0
1554283796978243.0
1554283796978351.0
1554283796978454.0
1554283796978526.0
1554283796978627.0
1554283796978695.0
1554283796978795.0
1554283796978968.0
1554283796979037.0
1554283796979102.0
1554283796979170.0

1554283797872339.0
1554283797909347.0
1554283797967469.0
1554283797999311.0
1554283798011859.0
1554283798068374.0
1554283798076553.0
1554283798174609.0
1554283798234309.0
1554283798261298.0
1554283798283109.0
1554283798301294.0
1554283798316508.0
1554283798332870.0
1554283798338151.0
1554283798457079.0
1554283798464988.0
1554283798479751.0
1554283798528091.0
1554283798564744.0
1554283798597981.0
1554283798607878.0
1554283798687237.0
1554283798783739.0
1554283798804737.0

1554283797875370.0
1554283797911465.2
1554283797967906.2
1554283798012489.2
1554283798016408.8
1554283798068948.5
1554283798079496.0
1554283798175145.8
1554283798234816.8
1554283798261630.5
1554283798283546.0
1554283798301750.2
1554283798316921.8
1554283798333362.2
1554283798338538.5
1554283798457452.0
1554283798465317.8
1554283798480088.2
1554283798528407.8
1554283798565159.0
1554283798598315.8
1554283798608208.8
1554283798687542.0
1554283798784071.2
1554283798805284.8

25
25
25
