Time-differences (millis):

0.262
0.106
0.192
0.222
0.112
0.079
0.115
0.13
0.103
0.11
0.078
0.088
0.075
0.077
0.07
0.083
0.069
0.077
0.073
0.077
0.071
0.08
0.067
0.082

5.566
72.018
3.058
8.891
15.499
19.268
52.392
20.239
85.838
53.828
32.642
70.702
5.192
18.932
0.123
94.683
175.599
125.238
21.278
4.104
5.669
25.245
0.1
20.032

7.58375
72.3595
0.47475
9.533
12.91025
19.7425
53.31475
18.95125
85.82075
53.517
32.76275
70.616
5.34025
18.71775
0.56525
94.86825
175.31625
125.0075
21.66925
3.97825
5.52875
25.29775
0.00125
19.92575

Test:	SR2_s_3
Requests:	25
Success:	22
Used:   	21

Local times (milisec):
min:	0.067
max:	0.262
mean:	0.10408333333333333
median:	0.081
stdev:	0.050827856678132256

Web server times (milisec):
min:	0.1
max:	175.599
mean:	39.00566666666667
median:	20.1355
stdev:	44.865708228451936

App server times (milisec):
min:	0.00125
max:	175.31625
mean:	38.9084375
median:	19.834125
stdev:	44.91240737198365
diff:	1.29825