Time-differences (millis):

0.178
0.1
0.115
0.082
0.276
0.126
0.081
0.155
0.116
0.098
0.152
0.121
0.102
0.079
0.074
0.077
0.07
0.065
0.123
0.104
0.089
0.099
0.109
0.104

0.084
27.69
0.117
63.838
7.295
70.427
60.515
112.772
57.628
20.69
4.623
27.026
75.829
6.859
86.065
6.119
3.351
45.575
4.787
9.366
2.317
8.283
63.492
59.432

0.0185
25.8815
4.2775
59.594
7.297
70.60025
62.678
110.26325
57.94125
20.68575
5.6155
25.79975
77.83075
6.76975
84.12925
6.0505
3.72525
45.236
4.759
9.4955
2.50775
8.09275
63.533
59.3135

Test:	SR2_s_2
Requests:	25
Success:	24
Used:   	24

Local times (milisec):
min:	0.065
max:	0.276
mean:	0.11229166666666666
median:	0.103
stdev:	0.04471599185455056

Web server times (milisec):
min:	0.084
max:	112.772
mean:	34.340833333333336
median:	23.858
stdev:	33.304038695768945

App server times (milisec):
min:	0.0185
max:	110.26325
mean:	34.25396875
median:	23.24275
stdev:	32.77264988252171
diff:	1.08175