Time-differences (millis):

0.112
0.136
0.076
0.098
0.063
0.105
0.078
0.094
0.111
0.102
0.079
0.092
0.098
0.198
0.108
0.103
0.072
0.101
0.068
0.1
0.173
0.069
0.065
0.068

37.008
58.122
31.842
12.548
56.515
8.179
98.056
59.7
26.989
21.811
18.185
15.214
16.362
5.281
118.928
7.909
14.763
48.34
36.653
33.237
9.897
79.359
96.502
20.998

36.09525
56.441
44.583
3.9195
52.53975
10.5475
95.64975
59.671
26.81375
21.9155
18.20425
15.1715
16.4405
5.17625
118.9135
7.86575
14.7705
48.3195
36.75125
33.15675
9.893
79.33325
96.52925
21.2135

Test:	SR2_s_5
Requests:	25
Success:	25
Used:   	25

Local times (milisec):
min:	0.063
max:	0.198
mean:	0.09870833333333333
median:	0.098
stdev:	0.03267292346173253

Web server times (milisec):
min:	5.281
max:	118.928
mean:	38.849916666666665
median:	29.4155
stdev:	32.002688199474015

App server times (milisec):
min:	3.9195
max:	118.9135
mean:	38.74644791666667
median:	29.98525
stdev:	31.94047790107092
diff:	1.36075