1554316539095975.0
1554316539096102.0
1554316539096241.0
1554316539096399.0
1554316539096555.0
1554316539096692.0
1554316539096986.0
1554316539097347.0
1554316539097508.0
1554316539097654.0
1554316539097763.0
1554316539097911.0
1554316539098035.0
1554316539098140.0
1554316539098232.0
1554316539098361.0
1554316539098463.0
1554316539098592.0
1554316539098698.0
1554316539098839.0
1554316539098969.0
1554316539099064.0
1554316539099166.0
1554316539099259.0
1554316539099360.0

1554316540138953.0
1554316540139040.0
1554316540251427.0
1554316540273075.0
1554316540288413.0
1554316540299857.0
1554316540375685.0
1554316540392588.0
1554316540496084.0
1554316540585525.0
1554316540609369.0
1554316540759803.0
1554316540770446.0
1554316540806164.0
1554316540822611.0
1554316540831590.0
1554316540832000.0
1554316540926081.0
1554316540957937.0
1554316540970239.0
1554316540991998.0
1554316540999828.0
1554316540999856.0
1554316541000840.0
1554316541078413.0

1554316540141080.5
1554316540141080.5
1554316540253786.2
1554316540275596.8
1554316540288863.5
1554316540300388.5
1554316540378660.5
1554316540392960.8
1554316540497063.5
1554316540585862.0
1554316540609761.8
1554316540760130.0
1554316540770745.8
1554316540806451.8
1554316540823019.5
1554316540832895.0
1554316540832900.5
1554316540926750.0
1554316540958726.0
1554316540970838.0
1554316540992297.2
1554316541000944.8
1554316541001106.8
1554316541001726.0
1554316541080597.5

25
23
21
