1554316475936060.0
1554316475936246.0
1554316475936345.0
1554316475936445.0
1554316475936539.0
1554316475936625.0
1554316475936711.0
1554316475936793.0
1554316475936879.0
1554316475936955.0
1554316475937039.0
1554316475937123.0
1554316475937205.0
1554316475937294.0
1554316475937379.0
1554316475937473.0
1554316475937556.0
1554316475937641.0
1554316475937717.0
1554316475937817.0
1554316475937896.0
1554316475937999.0
1554316475938088.0
1554316475938164.0
1554316475938296.0

1554316477003755.0
1554316477032006.0
1554316477093517.0
1554316477115725.0
1554316477115830.0
1554316477138849.0
1554316477286524.0
1554316477303893.0
1554316477303964.0
1554316477342198.0
1554316477419039.0
1554316477448988.0
1554316477511981.0
1554316477530592.0
1554316477548856.0
1554316477633859.0
1554316477652801.0
1554316477652823.0
1554316477723129.0
1554316477723244.0
1554316477746162.0
1554316477791086.0
1554316477801860.0
1554316477854397.0
1554316477916005.0

1554316477005645.5
1554316477033736.8
1554316477095698.5
1554316477116164.8
1554316477117854.5
1554316477140776.2
1554316477286895.0
1554316477304281.2
1554316477304281.5
1554316477342515.0
1554316477419362.0
1554316477449300.8
1554316477512292.8
1554316477530969.8
1554316477549217.8
1554316477634259.8
1554316477653141.2
1554316477653876.5
1554316477723445.0
1554316477723529.5
1554316477746468.5
1554316477791489.5
1554316477802505.8
1554316477854700.8
1554316477916335.5

25
24
22
