Time-differences (millis):

3.031
0.346
0.086
0.08
0.258
0.091
0.144
0.297
0.194
0.17
0.167
0.179
0.273
0.086
0.106
0.14
0.136
0.133
0.145
0.134
0.174
0.25
0.118
0.17

1821.289
2.65
9580.898
41.891
40.451
44.629
22.973
2.374
18.147
35.95
93.454
1.886
23.675
79.382
73.478
43.635
62.856
89.414
61.77
2.856
23.394
9.033
2.355
1.172
17.566
8.955
73.565

41.93725
41.97225
42.773
23.1385
2.386
20.08425
34.1825
93.25475
7.985
17.52375
79.3605
74.14025
43.102
62.6705
89.46125
63.841
0.792
23.49425
9.211
2.4755
3.87275
14.42925
9.008
73.7255

Test:	SR2_s_1
Requests:	25
Success:	20
Used:   	19

Local times (milisec):
min:	0.08
max:	3.031
mean:	0.28783333333333333
median:	0.156
stdev:	0.5885096627825288

Web server times (milisec):
min:	1.172
max:	9580.898
mean:	454.8036296296296
median:	35.95
stdev:	1856.1592059181721

App server times (milisec):
min:	0.792
max:	93.25475
mean:	36.450875
median:	28.838375
stdev:	29.98893709444114
diff:	1142.333