Time-differences (millis):

0.186
0.099
0.1
0.094
0.086
0.086
0.082
0.086
0.076
0.084
0.084
0.082
0.089
0.085
0.094
0.083
0.085
0.076
0.1
0.079
0.103
0.089
0.076
0.132

28.251
61.511
22.208
0.105
23.019
147.675
17.369
0.071
38.234
76.841
29.949
62.993
18.611
18.264
85.003
18.942
0.022
70.306
0.115
22.918
44.924
10.774
52.537
61.608

28.09125
61.96175
20.46625
1.68975
22.92175
146.11875
17.38625
0.00025
38.2335
76.847
29.93875
62.992
18.677
18.248
85.042
18.8815
0.73525
69.5685
0.0845
22.939
45.021
11.01625
52.195
61.63475

Test:	SR2_s_13
Requests:	25
Success:	24
Used:   	22

Local times (milisec):
min:	0.076
max:	0.186
mean:	0.09316666666666666
median:	0.086
stdev:	0.023105931229253984

Web server times (milisec):
min:	0.022
max:	147.675
mean:	38.010416666666664
median:	25.634999999999998
stdev:	34.6994505819387

App server times (milisec):
min:	0.00025
max:	146.11875
mean:	37.94541666666667
median:	25.515124999999998
stdev:	34.39663217404673
diff:	0.7065