1554283949665482.0
1554283949665559.0
1554283949665614.0
1554283949665659.0
1554283949665729.0
1554283949665776.0
1554283949665869.0
1554283949665933.0
1554283949665980.0
1554283949666027.0
1554283949666075.0
1554283949666140.0
1554283949666231.0
1554283949666301.0
1554283949666399.0
1554283949666536.0
1554283949666583.0
1554283949666634.0
1554283949666684.0
1554283949666741.0
1554283949666788.0
1554283949666840.0
1554283949666897.0
1554283949666948.0
1554283949666999.0

1554283950589697.0
1554283950638471.0
1554283950682135.0
1554283950714267.0
1554283950785871.0
1554283950831473.0
1554283950839152.0
1554283950866513.0
1554283950874761.0
1554283950911695.0
1554283950965762.0
1554283951046085.0
1554283951072660.0
1554283951078647.0
1554283951147515.0
1554283951227255.0
1554283951234666.0
1554283951246585.0
1554283951248710.0
1554283951330586.0
1554283951347667.0
1554283951412458.0
1554283951440370.0
1554283951456445.0
1554283951545432.0

1554283950591811.8
1554283950638849.0
1554283950684408.2
1554283950714649.5
1554283950789143.5
1554283950833420.0
1554283950839542.8
1554283950868781.8
1554283950875208.0
1554283950912076.2
1554283950966178.2
1554283951046468.8
1554283951073027.5
1554283951078973.2
1554283951147939.2
1554283951227675.8
1554283951234980.5
1554283951246916.5
1554283951249157.5
1554283951330919.8
1554283951348055.8
1554283951412769.2
1554283951440686.5
1554283951456754.8
1554283951545771.8

25
25
25
