\Success codes:
20
24
22
24
25
23
22
23
24
25
22
23
24
25
23

Vouchers used:
19
24
21
24
25
23
22
23
23
25
22
23
22
23
21

Ratio:
1.0526315789473684
1.0
1.0476190476190477
1.0
1.0
1.0
1.0
1.0
1.0434782608695652
1.0
1.0
1.0
1.0909090909090908
1.0869565217391304
1.0952380952380953

Local:
3.031
0.346
0.086
0.08
0.258
0.091
0.144
0.297
0.194
0.17
0.167
0.179
0.273
0.086
0.106
0.14
0.136
0.133
0.145
0.134
0.174
0.25
0.118
0.17
0.178
0.1
0.115
0.082
0.276
0.126
0.081
0.155
0.116
0.098
0.152
0.121
0.102
0.079
0.074
0.077
0.07
0.065
0.123
0.104
0.089
0.099
0.109
0.104
0.262
0.106
0.192
0.222
0.112
0.079
0.115
0.13
0.103
0.11
0.078
0.088
0.075
0.077
0.07
0.083
0.069
0.077
0.073
0.077
0.071
0.08
0.067
0.082
0.727
0.101
0.074
0.154
0.179
0.082
0.262
0.121
0.12
0.091
0.073
0.068
0.149
0.101
0.096
0.063
0.063
0.049
0.067
0.1
0.07
0.063
0.069
0.056
0.112
0.136
0.076
0.098
0.063
0.105
0.078
0.094
0.111
0.102
0.079
0.092
0.098
0.198
0.108
0.103
0.072
0.101
0.068
0.1
0.173
0.069
0.065
0.068
0.473
0.218
0.112
0.101
0.096
0.095
0.13
0.106
0.109
0.114
0.114
0.118
0.109
0.118
0.145
0.097
0.118
0.123
0.109
0.104
0.115
0.145
0.091
0.104
0.188
0.113
0.107
0.082
0.071
0.104
0.088
0.072
0.097
0.291
0.112
0.085
0.101
0.075
0.114
0.085
0.079
0.076
0.065
0.075
0.115
0.132
0.162
0.226
0.102
0.088
0.078
0.074
0.072
0.067
0.069
0.103
0.077
0.064
0.087
0.06
0.067
0.057
0.083
0.056
0.081
0.141
0.112
0.068
0.1
0.067
0.093
0.067
0.218
0.111
0.089
0.135
0.073
0.108
0.096
0.103
0.072
0.071
0.08
0.107
0.062
0.099
0.07
0.095
0.083
0.07
0.1
0.073
0.256
0.075
0.22
0.086
0.077
0.055
0.045
0.07
0.047
0.093
0.064
0.047
0.047
0.048
0.065
0.091
0.07
0.098
0.137
0.047
0.051
0.05
0.057
0.047
0.052
0.057
0.051
0.051
1.4
0.279
0.085
0.128
0.102
0.1
0.092
0.082
0.12
0.119
0.122
0.143
0.106
0.106
0.098
0.107
0.104
0.192
0.091
0.097
0.113
0.105
0.095
0.171
1.036
0.28
0.228
0.242
0.203
0.178
0.198
0.217
0.181
0.143
0.223
0.214
0.22
0.182
0.214
0.171
0.176
0.138
0.137
0.408
0.205
0.139
0.316
1.094
0.186
0.099
0.1
0.094
0.086
0.086
0.082
0.086
0.076
0.084
0.084
0.082
0.089
0.085
0.094
0.083
0.085
0.076
0.1
0.079
0.103
0.089
0.076
0.132
0.913
0.184
0.295
0.244
0.104
21.94
0.4
5.9
0.357
0.946
0.166
0.158
0.18
0.171
0.112
0.221
0.178
0.194
0.228
0.234
0.275
0.104
0.325
0.151
0.127
0.139
0.158
0.156
0.137
0.294
0.361
0.161
0.146
0.109
0.148
0.124
0.105
0.092
0.129
0.102
0.129
0.106
0.141
0.13
0.095
0.102
0.093
0.101

Web:
1821.289
2.65
9580.898
41.891
40.451
44.629
22.973
2.374
18.147
35.95
93.454
1.886
23.675
79.382
73.478
43.635
62.856
89.414
61.77
2.856
23.394
9.033
2.355
1.172
17.566
8.955
73.565
0.084
27.69
0.117
63.838
7.295
70.427
60.515
112.772
57.628
20.69
4.623
27.026
75.829
6.859
86.065
6.119
3.351
45.575
4.787
9.366
2.317
8.283
63.492
59.432
5.566
72.018
3.058
8.891
15.499
19.268
52.392
20.239
85.838
53.828
32.642
70.702
5.192
18.932
0.123
94.683
175.599
125.238
21.278
4.104
5.669
25.245
0.1
20.032
71.812
14.194
35.989
1.063
28.982
7.095
25.816
49.732
5.061
20.854
17.824
18.346
177.995
108.425
3.363
57.609
13.903
5.788
167.858
0.057
1.189
50.936
9.528
72.737
37.008
58.122
31.842
12.548
56.515
8.179
98.056
59.7
26.989
21.811
18.185
15.214
16.362
5.281
118.928
7.909
14.763
48.34
36.653
33.237
9.897
79.359
96.502
20.998
109.676
0.032
33.074
16.019
160.411
23.756
22.408
10.582
93.811
10.434
11.524
103.136
29.793
14.52
3.869
16.257
32.462
49.993
111.569
57.228
8.834
1.49
7.547
2.725
19.451
65.153
0.033
0.023
51.899
47.973
3.525
42.412
16.247
39.654
37.03
102.779
0.728
151.649
38.048
14.434
16.914
41.055
17.346
25.641
87.139
1.686
64.512
11.258
29.626
3.764
43.485
45.005
17.881
82.926
40.756
35.493
2.334
6.075
9.379
60.298
35.565
59.584
3.137
20.953
95.454
38.682
37.221
24.548
52.646
15.823
72.922
35.841
5.751
12.185
14.073
23.965
59.938
44.446
90.788
0.018
24.169
35.008
14.882
26.718
12.897
112.363
61.679
205.842
74.64
27.969
6.564
38.322
4.742
31.138
0.207
1.894
48.774
43.664
32.132
71.604
45.602
7.679
27.361
8.248
36.934
54.067
80.323
26.575
5.987
68.868
79.74
7.411
11.919
2.125
81.876
17.081
64.791
27.912
16.075
88.987
0.299
82.655
4.796
53.773
0.786
18.938
7.82
47.062
0.087
48.074
43.713
201.941
0.087
28.847
2.198
25.52
64.436
33.001
31.465
59.359
169.262
18.56
6.985
31.365
5.044
0.257
0.035
1.259
26.842
37.276
33.509
60.393
72.909
3.677
26.889
46.44
12.209
26.119
94.725
144.515
26.744
16.252
36.265
37.357
31.205
39.188
140.005
38.239
28.251
61.511
22.208
0.105
23.019
147.675
17.369
0.071
38.234
76.841
29.949
62.993
18.611
18.264
85.003
18.942
0.022
70.306
0.115
22.918
44.924
10.774
52.537
61.608
44.541
4.029
64.401
0.106
75.543
52.038
36.568
23.282
28.203
28.81
6.693
0.084
57.025
4.282
11.389
8.582
76.967
21.715
122.655
14.085
29.31
65.266
0.012
191.661
0.087
112.387
21.648
15.338
11.444
75.828
16.903
103.496
89.441
23.844
150.434
10.643
35.718
16.447
8.979
0.41
94.081
31.856
12.302
21.759
7.83
0.028
0.984
77.573

App:
41.93725
41.97225
42.773
23.1385
2.386
20.08425
34.1825
93.25475
7.985
17.52375
79.3605
74.14025
43.102
62.6705
89.46125
63.841
0.792
23.49425
9.211
2.4755
3.87275
14.42925
9.008
73.7255
0.0185
25.8815
4.2775
59.594
7.297
70.60025
62.678
110.26325
57.94125
20.68575
5.6155
25.79975
77.83075
6.76975
84.12925
6.0505
3.72525
45.236
4.759
9.4955
2.50775
8.09275
63.533
59.3135
7.58375
72.3595
0.47475
9.533
12.91025
19.7425
53.31475
18.95125
85.82075
53.517
32.76275
70.616
5.34025
18.71775
0.56525
94.86825
175.31625
125.0075
21.66925
3.97825
5.52875
25.29775
0.00125
19.92575
73.94125
12.03675
34.571
1.4995
29.936
5.98225
24.957
51.652
4.92675
18.97725
17.8825
18.415
177.78675
108.44125
3.33475
57.65875
13.8655
5.929
168.058
0.01075
1.06025
55.537
4.76625
72.74025
36.09525
56.441
44.583
3.9195
52.53975
10.5475
95.64975
59.671
26.81375
21.9155
18.20425
15.1715
16.4405
5.17625
118.9135
7.86575
14.7705
48.3195
36.75125
33.15675
9.893
79.33325
96.52925
21.2135
108.3505
2.669
30.22225
17.71975
160.45
22.1
22.4155
10.48975
93.855
10.44475
11.4365
103.23125
29.76375
14.7315
4.0215
15.9675
32.34075
49.97175
111.55
57.36375
8.7285
1.69675
8.85875
2.10775
20.5865
62.18075
3.07275
1.592
47.14975
49.779
3.11275
41.20425
16.06675
39.70225
36.95925
102.78
1.218
151.2425
38.083
14.308
16.9355
41.1265
17.3675
25.5185
87.34475
1.46675
64.59825
11.26625
29.61625
3.527
43.31275
43.32925
18.1685
85.144
38.2645
35.51725
2.29525
9.92475
5.61175
60.18
35.715
59.46925
3.14875
20.9175
95.49225
38.912
36.953
24.646
52.608
15.7495
73.001
36.026
8.418
13.611
9.93275
22.6375
61.437
42.7115
90.76075
0.02275
24.04725
34.98325
14.94875
26.68275
13.13975
112.04675
61.83325
205.72775
74.59375
28.0495
7.48125
37.339
5.56225
31.2715
0.1305
1.104
47.03725
45.55925
30.24125
74.494
44.2765
6.12275
29.239
6.42625
36.86825
54.102
80.2905
26.55875
5.94575
68.966
79.7365
7.30475
11.936
2.241
81.76225
17.136
64.7135
27.91725
16.06825
89.017
0.09475
81.80625
5.491
51.51375
3.5305
16.24775
7.71275
47.07875
0.4995
47.679
43.7045
201.96775
0.51525
28.5325
2.49275
25.056
65.421
39.50875
23.94425
59.61775
169.0275
18.528
6.98325
31.486
6.306
0.1335
5.28725
2.4455
17.3905
38.69375
31.827
60.5145
72.8445
3.7185
27.35475
46.0355
12.1475
26.7405
94.354
146.694
24.5045
16.681
35.70475
38.1485
30.5045
39.3
140.2
37.71025
28.09125
61.96175
20.46625
1.68975
22.92175
146.11875
17.38625
0.00025
38.2335
76.847
29.93875
62.992
18.677
18.248
85.042
18.8815
0.73525
69.5685
0.0845
22.939
45.021
11.01625
52.195
61.63475
44.6365
3.9625
62.763
3.23375
74.01725
50.48925
36.4865
23.25225
28.181
28.83025
6.76975
0.00025
57.0325
4.3025
11.36775
8.59075
77.021
21.711
122.5905
14.10775
29.3175
65.252
0.049
191.83525
0.0
112.70575
21.8105
13.26675
11.525
78.272
14.30025
104.10275
88.7985
23.89975
150.36825
10.61575
35.706
16.56775
9.8755
0.0055
93.8495
31.976
12.112
21.45925
8.6475
0.162
0.61925
78.8715

Diff:
1142.333
1.08175
1.29825
1.28
1.36075
0.841
1.04025
0.959
1.184
0.77175
1.2465
1.80275
0.7065
0.73925
1.05625