1554283091743581.0
1554283091743759.0
1554283091743859.0
1554283091743974.0
1554283091744056.0
1554283091744332.0
1554283091744458.0
1554283091744539.0
1554283091744694.0
1554283091744810.0
1554283091744908.0
1554283091745060.0
1554283091745181.0
1554283091745283.0
1554283091745362.0
1554283091745436.0
1554283091745513.0
1554283091745583.0
1554283091745648.0
1554283091745771.0
1554283091745875.0
1554283091745964.0
1554283091746063.0
1554283091746172.0
1554283091746276.0

1554283092641574.0
1554283092641658.0
1554283092669348.0
1554283092669465.0
1554283092733303.0
1554283092740598.0
1554283092811025.0
1554283092871540.0
1554283092984312.0
1554283093041940.0
1554283093062630.0
1554283093067253.0
1554283093094279.0
1554283093170108.0
1554283093176967.0
1554283093263032.0
1554283093269151.0
1554283093272502.0
1554283093318077.0
1554283093322864.0
1554283093332230.0
1554283093334547.0
1554283093342830.0
1554283093406322.0
1554283093465754.0

1554283092644012.5
1554283092644031.0
1554283092669912.5
1554283092674190.0
1554283092733784.0
1554283092741081.0
1554283092811681.2
1554283092874359.2
1554283092984622.5
1554283093042563.8
1554283093063249.5
1554283093068865.0
1554283093094664.8
1554283093172495.5
1554283093179265.2
1554283093263394.5
1554283093269445.0
1554283093273170.2
1554283093318406.2
1554283093323165.2
1554283093332660.8
1554283093335168.5
1554283093343261.2
1554283093406794.2
1554283093466107.8

25
24
24
