1554282963601868.0
1554282963604899.0
1554282963605245.0
1554282963605331.0
1554282963605411.0
1554282963605669.0
1554282963605760.0
1554282963605904.0
1554282963606201.0
1554282963606395.0
1554282963606565.0
1554282963606732.0
1554282963606911.0
1554282963607184.0
1554282963607270.0
1554282963607376.0
1554282963607516.0
1554282963607652.0
1554282963607785.0
1554282963607930.0
1554282963608064.0
1554282963608238.0
1554282963608488.0
1554282963608606.0
1554282963608776.0

1554282953171455.0
1554282954992744.0
1554282954995394.0
1554282964576292.0
1554282964618183.0
1554282964658634.0
1554282964703263.0
1554282964726236.0
1554282964728610.0
1554282964746757.0
1554282964782707.0
1554282964876161.0
1554282964878047.0
1554282964901722.0
1554282964981104.0
1554282965054582.0
1554282965098217.0
1554282965161073.0
1554282965250487.0
1554282965312257.0
1554282965315113.0
1554282965338507.0
1554282965347540.0
1554282965349895.0
1554282965351067.0
1554282965368633.0
1554282965377588.0
1554282965451153.0

1554282964576883.8
1554282964618821.0
1554282964660793.2
1554282964703566.2
1554282964726704.8
1554282964729090.8
1554282964749175.0
1554282964783357.5
1554282964876612.2
1554282964884597.2
1554282964902121.0
1554282964981481.5
1554282965055621.8
1554282965098723.8
1554282965161394.2
1554282965250855.5
1554282965314696.5
1554282965315488.5
1554282965338982.8
1554282965348193.8
1554282965350669.2
1554282965354542.0
1554282965368971.2
1554282965377979.2
1554282965451704.8

25
20
19
