Time-differences (millis):

0.188
0.113
0.107
0.082
0.071
0.104
0.088
0.072
0.097
0.291
0.112
0.085
0.101
0.075
0.114
0.085
0.079
0.076
0.065
0.075
0.115
0.132
0.162
0.226

19.451
65.153
0.033
0.023
51.899
47.973
3.525
42.412
16.247
39.654
37.03
102.779
0.728
151.649
38.048
14.434
16.914
41.055
17.346
25.641
87.139
1.686
64.512
11.258

20.5865
62.18075
3.07275
1.592
47.14975
49.779
3.11275
41.20425
16.06675
39.70225
36.95925
102.78
1.218
151.2425
38.083
14.308
16.9355
41.1265
17.3675
25.5185
87.34475
1.46675
64.59825
11.26625

Test:	SR2_s_7
Requests:	25
Success:	22
Used:   	22

Local times (milisec):
min:	0.065
max:	0.291
mean:	0.113125
median:	0.099
stdev:	0.05424526627313648

Web server times (milisec):
min:	0.023
max:	151.649
mean:	37.357875
median:	31.3355
stdev:	36.81583596688003

App server times (milisec):
min:	1.218
max:	151.2425
mean:	37.2775625
median:	31.238875
stdev:	36.42564250822802
diff:	1.04025