1554316507753814.0
1554316507754727.0
1554316507754911.0
1554316507755206.0
1554316507755450.0
1554316507755554.0
1554316507777494.0
1554316507777894.0
1554316507783794.0
1554316507784151.0
1554316507785097.0
1554316507785263.0
1554316507785421.0
1554316507785601.0
1554316507785772.0
1554316507785884.0
1554316507786105.0
1554316507786283.0
1554316507786477.0
1554316507786705.0
1554316507786939.0
1554316507787214.0
1554316507787318.0
1554316507787643.0
1554316507787794.0

1554316508795833.0
1554316508840374.0
1554316508844403.0
1554316508908804.0
1554316508908910.0
1554316508984453.0
1554316509036491.0
1554316509073059.0
1554316509096341.0
1554316509124544.0
1554316509153354.0
1554316509160047.0
1554316509160131.0
1554316509217156.0
1554316509221438.0
1554316509232827.0
1554316509241409.0
1554316509318376.0
1554316509340091.0
1554316509462746.0
1554316509476831.0
1554316509506141.0
1554316509571407.0
1554316509571419.0
1554316509763080.0

1554316508797813.0
1554316508842449.5
1554316508846412.0
1554316508909175.0
1554316508912408.8
1554316508986426.0
1554316509036915.2
1554316509073401.8
1554316509096654.0
1554316509124835.0
1554316509153665.2
1554316509160435.0
1554316509160435.2
1554316509217467.8
1554316509221770.2
1554316509233138.0
1554316509241728.8
1554316509318749.8
1554316509340460.8
1554316509463051.2
1554316509477159.0
1554316509506476.5
1554316509571728.5
1554316509571777.5
1554316509763612.8

25
25
23
