1554283883973560.0
1554283883973662.0
1554283883973750.0
1554283883973828.0
1554283883973902.0
1554283883973974.0
1554283883974041.0
1554283883974110.0
1554283883974213.0
1554283883974290.0
1554283883974354.0
1554283883974441.0
1554283883974501.0
1554283883974568.0
1554283883974625.0
1554283883974708.0
1554283883974764.0
1554283883974845.0
1554283883974986.0
1554283883975098.0
1554283883975166.0
1554283883975266.0
1554283883975333.0
1554283883975426.0
1554283883975493.0

1554283884953978.0
1554283884983604.0
1554283884987368.0
1554283885030853.0
1554283885075858.0
1554283885093739.0
1554283885176665.0
1554283885217421.0
1554283885252914.0
1554283885255248.0
1554283885261323.0
1554283885270702.0
1554283885331000.0
1554283885366565.0
1554283885426149.0
1554283885429286.0
1554283885450239.0
1554283885545693.0
1554283885584375.0
1554283885621596.0
1554283885646144.0
1554283885698790.0
1554283885714613.0
1554283885787535.0
1554283885823376.0

1554283884956427.0
1554283884986043.2
1554283884989570.2
1554283885032883.0
1554283885076212.2
1554283885094380.8
1554283885179524.8
1554283885217789.2
1554283885253306.5
1554283885255601.8
1554283885265526.5
1554283885271138.2
1554283885331318.2
1554283885367033.2
1554283885426502.5
1554283885429651.2
1554283885450568.8
1554283885546061.0
1554283885584973.0
1554283885621926.0
1554283885646572.0
1554283885699180.0
1554283885714929.5
1554283885787930.5
1554283885823956.5

25
23
23
