Time-differences (millis):

0.727
0.101
0.074
0.154
0.179
0.082
0.262
0.121
0.12
0.091
0.073
0.068
0.149
0.101
0.096
0.063
0.063
0.049
0.067
0.1
0.07
0.063
0.069
0.056

71.812
14.194
35.989
1.063
28.982
7.095
25.816
49.732
5.061
20.854
17.824
18.346
177.995
108.425
3.363
57.609
13.903
5.788
167.858
0.057
1.189
50.936
9.528
72.737

73.94125
12.03675
34.571
1.4995
29.936
5.98225
24.957
51.652
4.92675
18.97725
17.8825
18.415
177.78675
108.44125
3.33475
57.65875
13.8655
5.929
168.058
0.01075
1.06025
55.537
4.76625
72.74025

Test:	SR2_s_4
Requests:	25
Success:	24
Used:   	24

Local times (milisec):
min:	0.049
max:	0.727
mean:	0.12491666666666666
median:	0.0865
stdev:	0.1369414081838007

Web server times (milisec):
min:	0.057
max:	177.995
mean:	40.2565
median:	19.6
stdev:	49.36742265467397

App server times (milisec):
min:	0.01075
max:	177.78675
mean:	40.16523958333333
median:	18.696125000000002
stdev:	49.75209924702977
diff:	1.28