Time-differences (millis):

0.473
0.218
0.112
0.101
0.096
0.095
0.13
0.106
0.109
0.114
0.114
0.118
0.109
0.118
0.145
0.097
0.118
0.123
0.109
0.104
0.115
0.145
0.091
0.104

109.676
0.032
33.074
16.019
160.411
23.756
22.408
10.582
93.811
10.434
11.524
103.136
29.793
14.52
3.869
16.257
32.462
49.993
111.569
57.228
8.834
1.49
7.547
2.725

108.3505
2.669
30.22225
17.71975
160.45
22.1
22.4155
10.48975
93.855
10.44475
11.4365
103.23125
29.76375
14.7315
4.0215
15.9675
32.34075
49.97175
111.55
57.36375
8.7285
1.69675
8.85875
2.10775

Test:	SR2_s_6
Requests:	25
Success:	23
Used:   	23

Local times (milisec):
min:	0.091
max:	0.473
mean:	0.13183333333333333
median:	0.113
stdev:	0.07700574042219847

Web server times (milisec):
min:	0.032
max:	160.411
mean:	38.797916666666666
median:	19.332500000000003
stdev:	44.05535486074079

App server times (milisec):
min:	1.69675
max:	160.45
mean:	38.770270833333335
median:	19.909875
stdev:	43.86871443802746
diff:	0.841