Time-differences (millis):

0.102
0.088
0.078
0.074
0.072
0.067
0.069
0.103
0.077
0.064
0.087
0.06
0.067
0.057
0.083
0.056
0.081
0.141
0.112
0.068
0.1
0.067
0.093
0.067

29.626
3.764
43.485
45.005
17.881
82.926
40.756
35.493
2.334
6.075
9.379
60.298
35.565
59.584
3.137
20.953
95.454
38.682
37.221
24.548
52.646
15.823
72.922
35.841

29.61625
3.527
43.31275
43.32925
18.1685
85.144
38.2645
35.51725
2.29525
9.92475
5.61175
60.18
35.715
59.46925
3.14875
20.9175
95.49225
38.912
36.953
24.646
52.608
15.7495
73.001
36.026

Test:	SR2_s_8
Requests:	25
Success:	23
Used:   	23

Local times (milisec):
min:	0.056
max:	0.141
mean:	0.08054166666666666
median:	0.0755
stdev:	0.020062899280418864

Web server times (milisec):
min:	2.334
max:	95.454
mean:	36.224916666666665
median:	35.703
stdev:	25.265324427514013

App server times (milisec):
min:	2.29525
max:	95.49225
mean:	36.147062500000004
median:	35.87050000000001
stdev:	25.413631900864996
diff:	0.959