1554283825196813.0
1554283825197286.0
1554283825197504.0
1554283825197616.0
1554283825197717.0
1554283825197813.0
1554283825197908.0
1554283825198038.0
1554283825198144.0
1554283825198253.0
1554283825198367.0
1554283825198481.0
1554283825198599.0
1554283825198708.0
1554283825198826.0
1554283825198971.0
1554283825199068.0
1554283825199186.0
1554283825199309.0
1554283825199418.0
1554283825199522.0
1554283825199637.0
1554283825199782.0
1554283825199873.0
1554283825199977.0

1554283826118384.0
1554283826228060.0
1554283826228092.0
1554283826261166.0
1554283826277185.0
1554283826437596.0
1554283826461352.0
1554283826483760.0
1554283826494342.0
1554283826588153.0
1554283826598587.0
1554283826610111.0
1554283826713247.0
1554283826743040.0
1554283826757560.0
1554283826761429.0
1554283826777686.0
1554283826810148.0
1554283826860141.0
1554283826971710.0
1554283827028938.0
1554283827037772.0
1554283827039262.0
1554283827046809.0
1554283827049534.0

1554283826120300.0
1554283826228650.5
1554283826231319.5
1554283826261541.8
1554283826279261.5
1554283826439711.5
1554283826461811.5
1554283826484227.0
1554283826494716.8
1554283826588571.8
1554283826599016.5
1554283826610453.0
1554283826713684.2
1554283826743448.0
1554283826758179.5
1554283826762201.0
1554283826778168.5
1554283826810509.2
1554283826860481.0
1554283826972031.0
1554283827029394.8
1554283827038123.2
1554283827039820.0
1554283827048678.8
1554283827050786.5

25
23
23
