Time-differences (millis):

0.077
0.055
0.045
0.07
0.047
0.093
0.064
0.047
0.047
0.048
0.065
0.091
0.07
0.098
0.137
0.047
0.051
0.05
0.057
0.047
0.052
0.057
0.051
0.051

48.774
43.664
32.132
71.604
45.602
7.679
27.361
8.248
36.934
54.067
80.323
26.575
5.987
68.868
79.74
7.411
11.919
2.125
81.876
17.081
64.791
27.912
16.075
88.987

47.03725
45.55925
30.24125
74.494
44.2765
6.12275
29.239
6.42625
36.86825
54.102
80.2905
26.55875
5.94575
68.966
79.7365
7.30475
11.936
2.241
81.76225
17.136
64.7135
27.91725
16.06825
89.017

Test:	SR2_s_10
Requests:	25
Success:	25
Used:   	25

Local times (milisec):
min:	0.045
max:	0.137
mean:	0.06320833333333334
median:	0.0535
stdev:	0.022233893372343803

Web server times (milisec):
min:	2.125
max:	88.987
mean:	39.822291666666665
median:	34.533
stdev:	28.187359802761986

App server times (milisec):
min:	2.241
max:	89.017
mean:	39.748333333333335
median:	33.55475
stdev:	28.471655227141053
diff:	0.77175