Time-differences (millis):

0.913
0.184
0.295
0.244
0.104
21.94
0.4
5.9
0.357
0.946
0.166
0.158
0.18
0.171
0.112
0.221
0.178
0.194
0.228
0.234
0.275
0.104
0.325
0.151

44.541
4.029
64.401
0.106
75.543
52.038
36.568
23.282
28.203
28.81
6.693
0.084
57.025
4.282
11.389
8.582
76.967
21.715
122.655
14.085
29.31
65.266
0.012
191.661

44.6365
3.9625
62.763
3.23375
74.01725
50.48925
36.4865
23.25225
28.181
28.83025
6.76975
0.00025
57.0325
4.3025
11.36775
8.59075
77.021
21.711
122.5905
14.10775
29.3175
65.252
0.049
191.83525

Test:	SR2_s_14
Requests:	25
Success:	25
Used:   	23

Local times (milisec):
min:	0.104
max:	21.94
mean:	1.4158333333333335
median:	0.2245
stdev:	4.524509213515694

Web server times (milisec):
min:	0.012
max:	191.661
mean:	40.30195833333333
median:	28.5065
stdev:	44.767122544465956

App server times (milisec):
min:	0.00025
max:	191.83525
mean:	40.24165625
median:	28.505625000000002
stdev:	44.56876941829264
diff:	0.73925