1554283770581177.0
1554283770581904.0
1554283770582005.0
1554283770582079.0
1554283770582233.0
1554283770582412.0
1554283770582494.0
1554283770582756.0
1554283770582877.0
1554283770582997.0
1554283770583088.0
1554283770583161.0
1554283770583229.0
1554283770583378.0
1554283770583479.0
1554283770583575.0
1554283770583638.0
1554283770583701.0
1554283770583750.0
1554283770583817.0
1554283770583917.0
1554283770583987.0
1554283770584050.0
1554283770584119.0
1554283770584175.0

1554283771461863.0
1554283771533675.0
1554283771547869.0
1554283771583858.0
1554283771584921.0
1554283771613903.0
1554283771620998.0
1554283771646814.0
1554283771696546.0
1554283771701607.0
1554283771722461.0
1554283771740285.0
1554283771758631.0
1554283771936626.0
1554283772045051.0
1554283772048414.0
1554283772106023.0
1554283772119926.0
1554283772125714.0
1554283772293572.0
1554283772293629.0
1554283772294818.0
1554283772345754.0
1554283772355282.0
1554283772428019.0

1554283771464372.5
1554283771538313.8
1554283771550350.5
1554283771584921.5
1554283771586421.0
1554283771616357.0
1554283771622339.2
1554283771647296.2
1554283771698948.2
1554283771703875.0
1554283771722852.2
1554283771740734.8
1554283771759149.8
1554283771936936.5
1554283772045377.8
1554283772048712.5
1554283772106371.2
1554283772120236.8
1554283772126165.8
1554283772294223.8
1554283772294234.5
1554283772295294.8
1554283772350831.8
1554283772355598.0
1554283772428338.2

25
24
24
