Time-differences (millis):

1.036
0.28
0.228
0.242
0.203
0.178
0.198
0.217
0.181
0.143
0.223
0.214
0.22
0.182
0.214
0.171
0.176
0.138
0.137
0.408
0.205
0.139
0.316
1.094

5.044
0.257
0.035
1.259
26.842
37.276
33.509
60.393
72.909
3.677
26.889
46.44
12.209
26.119
94.725
144.515
26.744
16.252
36.265
37.357
31.205
39.188
140.005
38.239

6.306
0.1335
5.28725
2.4455
17.3905
38.69375
31.827
60.5145
72.8445
3.7185
27.35475
46.0355
12.1475
26.7405
94.354
146.694
24.5045
16.681
35.70475
38.1485
30.5045
39.3
140.2
37.71025

Test:	SR2_s_12
Requests:	25
Success:	23
Used:   	23

Local times (milisec):
min:	0.137
max:	1.094
mean:	0.28095833333333337
median:	0.2095
stdev:	0.24895564109271365

Web server times (milisec):
min:	0.035
max:	144.515
mean:	39.88970833333333
median:	32.357
stdev:	38.94224679822468

App server times (milisec):
min:	0.1335
max:	146.694
mean:	39.80169791666667
median:	31.165750000000003
stdev:	39.09976962604344
diff:	1.80275