1554283855216863.0
1554283855217051.0
1554283855217164.0
1554283855217271.0
1554283855217353.0
1554283855217424.0
1554283855217528.0
1554283855217616.0
1554283855217688.0
1554283855217785.0
1554283855218076.0
1554283855218188.0
1554283855218273.0
1554283855218374.0
1554283855218449.0
1554283855218563.0
1554283855218648.0
1554283855218727.0
1554283855218803.0
1554283855218868.0
1554283855218943.0
1554283855219058.0
1554283855219190.0
1554283855219352.0
1554283855219578.0

1554283856114570.0
1554283856134021.0
1554283856199174.0
1554283856199207.0
1554283856199230.0
1554283856251129.0
1554283856299102.0
1554283856302627.0
1554283856345039.0
1554283856361286.0
1554283856400940.0
1554283856437970.0
1554283856540749.0
1554283856541477.0
1554283856693126.0
1554283856731174.0
1554283856745608.0
1554283856762522.0
1554283856803577.0
1554283856820923.0
1554283856846564.0
1554283856933703.0
1554283856935389.0
1554283856999901.0
1554283857011159.0

1554283856116885.8
1554283856137472.2
1554283856199653.0
1554283856202725.8
1554283856204317.8
1554283856251467.5
1554283856301246.5
1554283856304359.2
1554283856345563.5
1554283856361630.2
1554283856401332.5
1554283856438291.8
1554283856541071.8
1554283856542289.8
1554283856693532.2
1554283856731615.2
1554283856745923.2
1554283856762858.8
1554283856803985.2
1554283856821352.8
1554283856846871.2
1554283856934216.0
1554283856935682.8
1554283857000281.0
1554283857011547.2

25
22
22
