1554283741123993.0
1554283741124255.0
1554283741124361.0
1554283741124553.0
1554283741124775.0
1554283741124887.0
1554283741124966.0
1554283741125081.0
1554283741125211.0
1554283741125314.0
1554283741125424.0
1554283741125502.0
1554283741125590.0
1554283741125665.0
1554283741125742.0
1554283741125812.0
1554283741125895.0
1554283741125964.0
1554283741126041.0
1554283741126114.0
1554283741126191.0
1554283741126262.0
1554283741126342.0
1554283741126409.0
1554283741126491.0

1554283742060035.0
1554283742065601.0
1554283742137619.0
1554283742140677.0
1554283742149568.0
1554283742165067.0
1554283742184335.0
1554283742236727.0
1554283742256966.0
1554283742342804.0
1554283742396632.0
1554283742429274.0
1554283742499976.0
1554283742505168.0
1554283742524100.0
1554283742524223.0
1554283742618906.0
1554283742794505.0
1554283742919743.0
1554283742941021.0
1554283742945125.0
1554283742950794.0
1554283742976039.0
1554283742976139.0
1554283742996171.0

1554283742062806.2
1554283742070390.0
1554283742142749.5
1554283742143224.2
1554283742152757.2
1554283742165667.5
1554283742185410.0
1554283742238724.8
1554283742257676.0
1554283742343496.8
1554283742397013.8
1554283742429776.5
1554283742500392.5
1554283742505732.8
1554283742524450.5
1554283742525015.8
1554283742619884.0
1554283742795200.2
1554283742920207.8
1554283742941877.0
1554283742945855.2
1554283742951384.0
1554283742976681.8
1554283742976683.0
1554283742996608.8

25
22
21
