1554316436368676.0
1554316436369712.0
1554316436369992.0
1554316436370220.0
1554316436370462.0
1554316436370665.0
1554316436370843.0
1554316436371041.0
1554316436371258.0
1554316436371439.0
1554316436371582.0
1554316436371805.0
1554316436372019.0
1554316436372239.0
1554316436372421.0
1554316436372635.0
1554316436372806.0
1554316436372982.0
1554316436373120.0
1554316436373257.0
1554316436373665.0
1554316436373870.0
1554316436374009.0
1554316436374325.0
1554316436375419.0

1554316437387826.0
1554316437392870.0
1554316437393127.0
1554316437393162.0
1554316437394421.0
1554316437421263.0
1554316437458539.0
1554316437492048.0
1554316437552441.0
1554316437625350.0
1554316437629027.0
1554316437655916.0
1554316437702356.0
1554316437714565.0
1554316437740684.0
1554316437835409.0
1554316437979924.0
1554316438006668.0
1554316438022920.0
1554316438059185.0
1554316438096542.0
1554316438127747.0
1554316438166935.0
1554316438306940.0
1554316438345179.0

1554316437390287.0
1554316437396593.0
1554316437396726.5
1554316437402013.8
1554316437404459.2
1554316437421849.8
1554316437460543.5
1554316437492370.5
1554316437552885.0
1554316437625729.5
1554316437629448.0
1554316437656802.8
1554316437702838.2
1554316437714985.8
1554316437741726.2
1554316437836080.2
1554316437982774.2
1554316438007278.8
1554316438023959.8
1554316438059664.5
1554316438097813.0
1554316438128317.5
1554316438167617.5
1554316438307817.5
1554316438345527.8

25
23
23
