1554278456072332.0
1554278456072418.0
1554278456072658.0
1554278456072814.0
1554278456072948.0
1554278456073025.0
1554278456073036.0
1554278456073132.0
1554278456073204.0
1554278456073336.0
1554278456073382.0
1554278456073487.0
1554278456073589.0
1554278456073643.0
1554278456073719.0
1554278456073818.0
1554278456073860.0
1554278456073939.0
1554278456074065.0
1554278456074176.0
1554278456074360.0
1554278456074433.0
1554278456074541.0
1554278456074907.0
1554278456075695.0

1554278466325322.0
1554278466327586.0
1554278466331380.0
1554278466349579.0
1554278466349657.0
1554278466353236.0
1554278466357785.0
1554278466361109.0
1554278466365110.0
1554278466369905.0
1554278466370658.0
1554278466372071.0
1554278466373195.0
1554278466377707.0
1554278466380594.0
1554278466381773.0
1554278466384829.0
1554278466385335.0
1554278466392559.0
1554278466399136.0
1554278466399750.0
1554278466401147.0
1554278466408140.0
1554278466411687.0

1554278466327777.2
1554278466329842.8
1554278466333958.8
1554278466350077.5
1554278466350134.2
1554278466355792.8
1554278466358081.5
1554278466363085.2
1554278466365601.8
1554278466370501.0
1554278466371385.5
1554278466372828.8
1554278466373535.0
1554278466378025.8
1554278466381013.8
1554278466382672.8
1554278466385768.5
1554278466386382.5
1554278466394741.0
1554278466400278.2
1554278466401569.2
1554278466408606.8
1554278466412061.5
1554278466414860.5
1554278466417950.8

25
17
16
