1554315620076178.0
1554315620076292.0
1554315620076332.0
1554315620076518.0
1554315620076732.0
1554315620076851.0
1554315620076945.0
1554315620076998.0
1554315620077052.0
1554315620077088.0
1554315620077204.0
1554315620077341.0
1554315620077476.0
1554315620077571.0
1554315620077693.0
1554315620077929.0
1554315620078051.0
1554315620082697.0
1554315620082790.0
1554315620082910.0
1554315620083009.0
1554315620083775.0
1554315620083858.0
1554315620086048.0
1554315620086608.0

1554315620293685.0
1554315620297118.0
1554315620299258.0
1554315620318020.0
1554315620318149.0
1554315620320296.0
1554315620340867.0
1554315620345383.0
1554315620345396.0
1554315620360730.0
1554315620361679.0
1554315620362430.0
1554315620369389.0
1554315620375323.0
1554315620375822.0
1554315620377239.0
1554315620381649.0
1554315620393712.0
1554315620430606.0
1554315620477747.0
1554315620477808.0
1554315620481397.0
1554315620495398.0
1554315620499383.0
1554315620513038.0

1554315620296136.0
1554315620303226.0
1554315620304145.0
1554315620318570.8
1554315620320991.8
1554315620322086.8
1554315620341361.8
1554315620345699.8
1554315620346515.2
1554315620361970.2
1554315620362133.0
1554315620362712.0
1554315620370220.2
1554315620376321.0
1554315620376599.8
1554315620379978.2
1554315620384261.5
1554315620394232.2
1554315620431998.2
1554315620478075.2
1554315620478075.2
1554315620481667.5
1554315620495713.0
1554315620499682.5
1554315620513352.8

25
21
16
