1554315776271103.0
1554315776271360.0
1554315776272468.0
1554315776272545.0
1554315776272584.0
1554315776272715.0
1554315776272750.0
1554315776272784.0
1554315776272897.0
1554315776272953.0
1554315776272984.0
1554315776273015.0
1554315776273101.0
1554315776273168.0
1554315776273222.0
1554315776273274.0
1554315776273339.0
1554315776273455.0
1554315776273488.0
1554315776273564.0
1554315776273600.0
1554315776274093.0
1554315776274167.0
1554315776274441.0
1554315776274512.0

1554315776478210.0
1554315776500065.0
1554315776508653.0
1554315776517263.0
1554315776517955.0
1554315776533036.0
1554315776536075.0
1554315776542816.0
1554315776569491.0
1554315776569511.0
1554315776608776.0
1554315776610217.0
1554315776612633.0
1554315776615070.0
1554315776616639.0
1554315776617074.0
1554315776643032.0
1554315776644198.0
1554315776656867.0
1554315776660004.0
1554315776662847.0
1554315776668654.0
1554315776684895.0

1554315776480948.5
1554315776501878.2
1554315776511277.0
1554315776517618.5
1554315776519765.2
1554315776533414.5
1554315776538490.2
1554315776543159.0
1554315776569868.2
1554315776570738.0
1554315776609145.0
1554315776610584.5
1554315776612923.8
1554315776615410.5
1554315776617735.2
1554315776618205.0
1554315776643586.5
1554315776643721.0
1554315776644526.2
1554315776648038.0
1554315776657521.8
1554315776660271.2
1554315776664007.0
1554315776668960.5
1554315776685191.8

25
19
18
