Success codes:
17
13
18
13
14
13
21
17
10
18
16
12
9
21
19

Vouchers used:
14
10
17
13
14
11
19
16
7
14
10
9
8
16
18

Ratio:
1.2142857142857142
1.3
1.0588235294117647
1.0
1.0
1.1818181818181819
1.105263157894737
1.0625
1.4285714285714286
1.2857142857142858
1.6
1.3333333333333333
1.125
1.3125
1.0555555555555556

Local:
0.086
0.229
0.067
0.041
0.06
0.158
0.028
0.014
0.044
0.001
0.07
0.064
0.05
0.021
0.058
0.071
0.078
0.079
0.031
0.062
0.029
0.057
0.011
0.076
0.03
0.071
0.1
0.025
0.119
0.094
0.021
0.051
0.051
0.035
0.919
0.13
0.154
1.99
0.65
2.014
0.104
1.495
0.279
0.26
0.492
0.23
0.738
0.149
0.147
0.029
0.14
0.161
0.004
0.068
0.172
0.054
0.0
0.05
0.097
0.076
0.029
0.053
0.047
0.008
0.076
0.028
0.02
0.197
0.073
0.05
0.038
0.055
0.442
0.201
0.118
0.104
0.07
0.041
0.146
0.154
0.039
0.009
0.048
0.112
0.002
0.073
0.01
0.097
0.044
0.035
0.033
0.061
0.027
0.034
0.146
9.812
0.338
0.058
0.158
0.097
0.276
0.072
0.052
0.178
0.076
0.046
0.05
0.129
0.098
0.049
0.145
0.053
0.156
0.047
0.106
0.078
0.143
0.061
0.171
0.138
0.537
0.137
0.204
0.071
0.088
0.226
0.107
0.05
0.051
0.043
0.093
0.104
0.059
0.129
0.05
0.131
0.088
0.086
0.12
0.078
0.047
0.054
0.081
0.27
0.086
0.123
0.651
0.099
0.703
0.774
0.293
0.232
0.452
0.453
0.048
0.21
0.043
0.12
0.067
0.163
0.149
0.168
0.126
0.417
0.098
0.007
0.09
1.565
0.086
0.24
0.156
0.134
0.077
0.011
0.096
0.072
0.132
0.046
0.105
0.102
0.054
0.076
0.099
0.042
0.079
0.126
0.111
0.184
0.073
0.108
0.366
0.788
0.13
0.152
0.234
0.051
0.051
0.072
0.757
0.113
0.209
0.095
0.053
0.055
0.247
0.215
0.06
0.112
0.054
0.771
0.14
0.089
0.525
0.122
0.19
0.119
0.163
0.147
0.208
0.182
0.043
0.094
0.001
0.044
0.001
0.075
0.078
0.047
0.08
0.012
0.068
0.039
0.142
0.097
0.068
0.058
0.057
0.001
0.07
1.792
0.134
0.262
0.058
0.059
0.052
0.262
0.093
0.072
0.138
0.117
0.116
0.215
0.101
0.117
0.196
0.132
0.068
0.062
0.576
0.086
0.053
0.146
0.076
3.58
0.093
0.457
0.057
0.8
0.065
0.086
0.192
0.052
0.053
0.082
0.512
0.096
0.079
0.155
0.071
0.118
0.13
0.153
0.138
0.13
0.082
0.058
0.119
0.064
0.001
0.084
0.019
0.068
0.122
0.473
0.057
0.027
0.125
0.056
0.045
0.066
0.012
0.03
0.074
0.008
0.057
0.02
0.137
0.019
0.05
0.27
0.068
1.382
0.114
0.04
0.186
0.214
0.119
0.094
0.053
0.054
0.036
0.116
0.137
0.135
0.095
0.122
0.236
0.122
4.646
0.093
0.12
0.099
0.766
0.083
2.19
0.56
0.257
1.108
0.077
0.039
0.131
0.035
0.034
0.113
0.056
0.031
0.031
0.086
0.067
0.054
0.052
0.065
0.116
0.033
0.076
0.036
0.493
0.074
0.274
0.071

Web:
0.092
3.381
22.572
0.083
1.255
0.101
2.309
2.535
1.279
9.611
2.377
1.457
2.142
2.16
0.162
7.099
2.404
20.052
0.068
6.107
0.018
0.925
7.115
1.504
4.914
0.088
0.033
4.594
3.019
6.278
4.709
1.374
0.218
6.551
0.032
19.789
1.529
1.311
0.852
0.776
24.674
12.104
2.187
0.038
3.995
2.882
3.281
5.042
0.677
3.897
0.081
3.115
3.416
1.113
1.583
2.32
9.158
16.106
6.822
11.76
0.211
3.93
0.546
0.556
5.849
7.593
0.329
5.158
0.017
7.332
2.429
6.654
1.044
3.034
2.528
2.984
0.899
0.238
2.563
10.123
3.021
1.477
2.174
13.626
0.0
11.843
5.365
18.586
3.309
0.0
3.314
5.272
2.108
0.132
1.807
3.58
5.535
2.945
4.014
1.127
6.547
0.796
3.145
6.959
0.045
9.763
8.407
2.469
5.515
0.161
3.12
1.657
2.844
3.952
12.298
0.764
2.739
3.169
0.56
1.663
6.985
0.993
2.573
11.355
0.503
0.723
2.333
0.773
1.041
5.189
7.346
11.711
5.768
3.014
0.642
12.967
3.777
0.196
0.027
0.042
8.315
3.52
1.029
3.299
5.152
5.371
6.665
2.694
11.716
2.343
3.717
0.05
4.861
1.25
10.132
9.053
4.523
1.473
5.777
4.348
2.264
3.794
18.199
0.078
3.579
4.549
3.324
4.001
4.795
0.753
1.413
1.124
4.512
2.887
1.179
3.056
0.506
7.224
6.577
0.614
1.397
6.993
3.547
0.825
5.108
1.051
2.752
0.997
7.799
1.431
4.817
0.983
2.579
2.126
3.965
5.013
2.801
2.896
1.612
4.396
0.849
10.22
4.143
40.174
0.097
5.769
2.339
0.273
8.777
1.49
3.033
3.424
1.501
7.167
0.003
6.619
1.355
7.127
1.998
5.474
1.115
0.576
2.708
14.224
16.033
0.981
2.117
0.001
15.364
35.413
0.051
7.261
7.951
8.066
0.064
0.078
3.667
6.85
4.425
10.51
0.035
18.355
0.033
6.756
0.038
11.203
0.376
2.786
2.659
17.165
23.607
4.955
0.063
1.186
12.741
2.376
5.734
4.777
0.097
1.46
1.288
3.646
4.857
3.066
3.147
3.15
2.854
12.128
0.067
9.529
2.25
5.755
9.949
6.275
3.983
2.787
7.685
0.211
5.59
2.845
9.739
6.51
1.21
0.061
3.901
1.799
24.436
5.653
20.506
6.777
4.551
12.466
11.165
14.822
10.462
20.474
15.916
3.433
2.14
18.762
0.129
2.147
20.571
4.516
0.013
15.334
0.949
0.751
6.959
5.934
0.499
1.417
4.41
12.063
36.894
47.141
0.061
3.589
14.001
3.985
13.655
21.855
8.588
8.61
0.692
15.081
3.039
6.741
26.675
0.02
39.265
1.441
2.416
2.437
1.569
0.435
25.958
1.166
12.669
3.137
2.843
5.807
16.241

App:
0.0375
3.48825
20.218
1.36775
1.51625
3.1475
0.00025
1.459
3.68725
5.774
2.4565
1.49975
2.09775
2.26325
0.04225
7.0305
2.50575
20.09725
0.0
6.08125
0.87425
0.9165
6.2325
1.96825
2.332
1.796
2.25925
2.28
1.2565
7.859
3.27375
9.577
1.093
0.92825
1.3975
14.96025
1.3125
1.2775
3.909
6.6295
1.444
7.3665
6.99025
0.81725
4.4995
6.817
2.18875
0.90875
4.88025
1.28175
3.64925
3.851
1.34225
4.53275
1.11025
3.63725
1.121
3.80775
0.07175
3.4775
5.7245
16.179
6.67475
12.0595
0.503
4.371
0.044
3.314
2.62175
7.834
0.95575
4.3085
0.13475
7.27975
2.501
4.93975
4.715
1.59975
0.3
2.84775
1.14025
2.6345
2.19575
7.9895
3.01225
1.5055
2.504
13.25725
0.00475
11.95475
0.176
5.34625
0.03075
10.9525
7.26775
3.3965
0.441
2.872
7.857
1.42325
3.01875
0.08475
1.01725
3.17575
2.9725
6.127
2.04425
3.598
1.882
3.6415
5.051
0.9505
8.824
8.4405
3.7975
4.25525
0.0
3.173
1.84675
2.70425
2.213
14.7925
1.988
4.10725
2.062
3.7155
1.31725
12.97225
2.32425
0.79525
2.317
1.68875
0.84625
0.9845
3.547
0.0985
7.17175
5.746
6.12575
5.857
3.60675
7.992
0.412
4.39475
3.23975
0.57225
3.19475
3.4575
0.0115
3.55625
0.81025
5.97425
2.782
5.03025
6.70575
2.6025
11.8535
2.4025
3.57675
0.0435
4.946
1.4785
10.095
8.95175
4.37675
1.534
6.2015
3.94
2.0655
4.116
16.11875
0.05675
5.6585
2.28875
5.00375
2.5165
4.89925
0.8845
1.44325
0.70625
4.49075
2.988
1.659
3.09575
0.614
8.3585
5.53725
1.291
7.0375
3.45475
2.799
3.09025
3.5575
1.15375
0.59775
2.9785
4.80025
4.48075
0.94175
2.86125
0.7975
4.97125
4.137
0.81775
3.77625
2.91575
3.3175
1.25825
4.213
1.27775
10.94725
2.97875
5.5185
17.633
17.17525
0.0445
6.58875
1.53
2.99425
7.1055
1.96575
1.67025
1.7925
1.118
7.1015
0.084
7.886
0.95575
6.189
2.124
5.3645
1.3205
0.319
3.0825
0.45275
12.7525
1.231
15.853
0.63875
2.124
0.043
15.92325
38.856
0.5885
4.99
4.731
10.82675
0.314
4.26625
0.004
2.49725
4.85125
9.99525
0.181
18.22725
6.80025
2.50125
0.76675
8.072
0.16175
2.80175
2.69325
17.8025
23.49825
5.10425
0.631
1.46025
9.5695
3.64525
5.69775
2.9365
1.15625
5.89225
4.212
2.371
0.92625
3.9565
1.48575
1.109
2.72225
12.227
1.62225
7.68425
0.1445
0.6805
1.74575
5.545
10.4815
3.35175
8.677
0.45025
5.26625
7.95375
0.81225
11.07875
0.466
2.2575
3.36125
19.07275
0.836
2.24125
2.301
22.46325
3.65325
7.38475
4.1245
12.307
12.43275
13.67575
10.93025
19.924
15.9555
7.09
0.919
14.42575
2.421
1.095
19.275
4.338
0.8155
15.455
0.16275
0.579
7.50825
6.10075
0.27875
3.3785
4.28325
9.97075
37.766
46.077
0.0
3.59225
14.0455
3.9695
13.67025
20.92975
9.39875
6.3415
2.14675
13.64925
5.07575
4.66875
26.70925
0.86975
38.407
1.4395
2.33925
2.48675
2.32475
0.46975
25.3815
0.1345
0.80525
3.51175
9.48375
2.7495
3.73575
4.9535
16.23125

Diff:
1.3325
8.38725
1.91775
6.03925
2.126
7.36675
1.285
3.40925
5.3255
3.32425
2.72175
5.3285
7.65025
1.368
5.3065