1554278565222459.0
1554278565222622.0
1554278565222769.0
1554278565222977.0
1554278565223159.0
1554278565223202.0
1554278565223296.0
1554278565223297.0
1554278565223341.0
1554278565223342.0
1554278565223417.0
1554278565223495.0
1554278565223542.0
1554278565223622.0
1554278565223634.0
1554278565223702.0
1554278565223741.0
1554278565223883.0
1554278565223980.0
1554278565224048.0
1554278565224106.0
1554278565224163.0
1554278565224164.0
1554278565224234.0
1554278565226026.0

1554278575467958.0
1554278575473727.0
1554278575476066.0
1554278575476339.0
1554278575485116.0
1554278575486606.0
1554278575489639.0
1554278575493063.0
1554278575494564.0
1554278575501731.0
1554278575501734.0
1554278575508353.0
1554278575509708.0
1554278575516835.0
1554278575518833.0
1554278575524307.0
1554278575525422.0
1554278575525998.0
1554278575528706.0
1554278575542930.0
1554278575558963.0
1554278575559944.0
1554278575562061.0

1554278575470139.5
1554278575476728.2
1554278575478258.2
1554278575481252.5
1554278575488358.0
1554278575490323.8
1554278575491994.0
1554278575493786.5
1554278575494904.5
1554278575502006.0
1554278575502090.0
1554278575509976.0
1554278575510931.8
1554278575517120.8
1554278575519244.8
1554278575524609.2
1554278575525929.8
1554278575526248.8
1554278575529331.2
1554278575529784.0
1554278575542536.5
1554278575543767.5
1554278575559620.5
1554278575560259.2
1554278575562383.2

25
18
14
