Time-differences (millis):

0.147
0.029
0.14
0.161
0.004
0.068
0.172
0.054
0.0
0.05
0.097
0.076
0.029
0.053
0.047
0.008
0.076
0.028
0.02
0.197
0.073
0.05
0.038
0.055

3.995
2.882
3.281
5.042
0.677
3.897
0.081
3.115
3.416
1.113
1.583
2.32
9.158
16.106
6.822
11.76
0.211
3.93
0.546
0.556
5.849
7.593
0.329
5.158

4.88025
1.28175
3.64925
3.851
1.34225
4.53275
1.11025
3.63725
1.121
3.80775
0.07175
3.4775
5.7245
16.179
6.67475
12.0595
0.503
4.371
0.044
3.314
2.62175
7.834
0.95575
4.3085

Test:	RTW2_n_3
Requests:	25
Success:	18
Used:   	17

Local times (milisec):
min:	0.0
max:	0.197
mean:	0.06966666666666667
median:	0.0535
stdev:	0.0552871293039046

Web server times (milisec):
min:	0.081
max:	16.106
mean:	4.1425
median:	3.3485
stdev:	3.9427422260236042

App server times (milisec):
min:	0.044
max:	16.179
mean:	4.056354166666667
median:	3.64325
stdev:	3.7645537684610186
diff:	1.91775