1554278320068685.0
1554278320069023.0
1554278320069081.0
1554278320069239.0
1554278320069336.0
1554278320069612.0
1554278320069684.0
1554278320069736.0
1554278320069914.0
1554278320069990.0
1554278320070036.0
1554278320070086.0
1554278320070215.0
1554278320070313.0
1554278320070362.0
1554278320070507.0
1554278320070560.0
1554278320070716.0
1554278320070763.0
1554278320070869.0
1554278320070947.0
1554278320071090.0
1554278320071151.0
1554278320071322.0
1554278320071460.0

1554278330336682.0
1554278330336682.0
1554278330339996.0
1554278330345268.0
1554278330347376.0
1554278330347508.0
1554278330349315.0
1554278330352895.0
1554278330358430.0
1554278330361375.0
1554278330365389.0
1554278330366516.0
1554278330373063.0
1554278330373859.0
1554278330377004.0
1554278330383963.0
1554278330384008.0
1554278330393771.0
1554278330402178.0
1554278330404647.0
1554278330410162.0
1554278330410323.0
1554278330413443.0
1554278330415100.0
1554278330417944.0

1554278330339206.8
1554278330339647.8
1554278330342519.8
1554278330350376.8
1554278330351800.0
1554278330354818.8
1554278330354903.5
1554278330355920.8
1554278330359096.5
1554278330362069.0
1554278330368196.0
1554278330370240.2
1554278330373838.2
1554278330375720.2
1554278330379361.8
1554278330384412.8
1554278330385363.2
1554278330394187.2
1554278330402627.8
1554278330406425.2
1554278330410680.5
1554278330410680.5
1554278330413853.5
1554278330415700.2
1554278330418404.5

25
14
14
