Time-differences (millis):

0.134
0.262
0.058
0.059
0.052
0.262
0.093
0.072
0.138
0.117
0.116
0.215
0.101
0.117
0.196
0.132
0.068
0.062
0.576
0.086
0.053
0.146
0.076
3.58

0.001
15.364
35.413
0.051
7.261
7.951
8.066
0.064
0.078
3.667
6.85
4.425
10.51
0.035
18.355
0.033
6.756
0.038
11.203
0.376
2.786
2.659
17.165
23.607

0.043
15.92325
38.856
0.5885
4.99
4.731
10.82675
0.314
4.26625
0.004
2.49725
4.85125
9.99525
0.181
18.22725
6.80025
2.50125
0.76675
8.072
0.16175
2.80175
2.69325
17.8025
23.49825

Test:	RTW2_n_11
Requests:	25
Success:	16
Used:   	10

Local times (milisec):
min:	0.052
max:	3.58
mean:	0.282125
median:	0.1165
stdev:	0.7112280446676292

Web server times (milisec):
min:	0.001
max:	35.413
mean:	7.613083333333333
median:	5.5905000000000005
stdev:	8.95763358170326

App server times (milisec):
min:	0.004
max:	38.856
mean:	7.558020833333333
median:	4.4986250000000005
stdev:	9.417678482201032
diff:	2.72175