1554315467414687.0
1554315467414821.0
1554315467415083.0
1554315467415141.0
1554315467415200.0
1554315467415252.0
1554315467415514.0
1554315467415607.0
1554315467415679.0
1554315467415817.0
1554315467415934.0
1554315467416050.0
1554315467416265.0
1554315467416366.0
1554315467416483.0
1554315467416679.0
1554315467416811.0
1554315467416879.0
1554315467416941.0
1554315467417517.0
1554315467417603.0
1554315467417656.0
1554315467417802.0
1554315467417878.0
1554315467421458.0

1554315467638198.0
1554315467638199.0
1554315467653563.0
1554315467688976.0
1554315467689027.0
1554315467696288.0
1554315467704239.0
1554315467712305.0
1554315467712369.0
1554315467712447.0
1554315467716114.0
1554315467722964.0
1554315467727389.0
1554315467737899.0
1554315467737934.0
1554315467756289.0
1554315467756322.0
1554315467763078.0
1554315467763116.0
1554315467774319.0
1554315467774695.0
1554315467777481.0
1554315467780140.0
1554315467797305.0
1554315467820912.0

1554315467640419.2
1554315467640462.2
1554315467656385.5
1554315467695241.5
1554315467695830.0
1554315467700820.0
1554315467705551.0
1554315467716377.8
1554315467716691.8
1554315467720958.0
1554315467720962.0
1554315467723459.2
1554315467728310.5
1554315467738305.8
1554315467738486.8
1554315467756714.0
1554315467763514.2
1554315467766015.5
1554315467766782.2
1554315467774854.2
1554315467775016.0
1554315467777817.8
1554315467780511.0
1554315467798313.5
1554315467821811.8

25
16
10
