1554277774877876.0
1554277774877906.0
1554277774877977.0
1554277774878077.0
1554277774878102.0
1554277774878221.0
1554277774878315.0
1554277774878336.0
1554277774878387.0
1554277774878438.0
1554277774878473.0
1554277774879392.0
1554277774879522.0
1554277774879676.0
1554277774881666.0
1554277774882316.0
1554277774884330.0
1554277774884434.0
1554277774885929.0
1554277774886208.0
1554277774886468.0
1554277774886960.0
1554277774887190.0
1554277774887928.0
1554277774888077.0

1554277785166929.0
1554277785171843.0
1554277785171931.0
1554277785171964.0
1554277785176558.0
1554277785179577.0
1554277785185855.0
1554277785190564.0
1554277785191938.0
1554277785192156.0
1554277785198707.0
1554277785198739.0
1554277785218528.0
1554277785220057.0
1554277785221368.0
1554277785222220.0
1554277785222996.0
1554277785247670.0
1554277785259774.0
1554277785261961.0
1554277785261999.0

1554277785170018.8
1554277785172350.8
1554277785174146.8
1554277785176406.0
1554277785178686.0
1554277785179942.5
1554277785187801.5
1554277785191075.2
1554277785200652.2
1554277785201745.2
1554277785202673.5
1554277785204071.0
1554277785219031.2
1554277785220343.8
1554277785221621.2
1554277785225530.2
1554277785232159.8
1554277785233603.8
1554277785240970.2
1554277785247960.5
1554277785248777.8
1554277785253277.2
1554277785260094.2
1554277785262283.0
1554277785263191.8

25
13
10
