Time-differences (millis):

0.257
1.108
0.077
0.039
0.131
0.035
0.034
0.113
0.056
0.031
0.031
0.086
0.067
0.054
0.052
0.065
0.116
0.033
0.076
0.036
0.493
0.074
0.274
0.071

21.855
8.588
8.61
0.692
15.081
3.039
6.741
26.675
0.02
39.265
1.441
2.416
2.437
1.569
0.435
25.958
1.166
12.669
3.137
2.843
5.807
16.241

20.92975
9.39875
6.3415
2.14675
13.64925
5.07575
4.66875
26.70925
0.86975
38.407
1.4395
2.33925
2.48675
2.32475
0.46975
25.3815
0.1345
0.80525
3.51175
9.48375
2.7495
3.73575
4.9535
16.23125

Test:	RTW2_n_15
Requests:	25
Success:	19
Used:   	18

Local times (milisec):
min:	0.031
max:	1.108
mean:	0.14204166666666668
median:	0.069
stdev:	0.23090567981540538

Web server times (milisec):
min:	0.02
max:	39.265
mean:	9.394772727272727
median:	4.472
stdev:	10.66202800744782

App server times (milisec):
min:	0.1345
max:	38.407
mean:	8.510135416666666
median:	4.20225
stdev:	10.069751307585799
diff:	5.3065