1554278428452706.0
1554278428452792.0
1554278428452915.0
1554278428453566.0
1554278428453665.0
1554278428454368.0
1554278428455142.0
1554278428455435.0
1554278428455667.0
1554278428456119.0
1554278428456572.0
1554278428456620.0
1554278428456830.0
1554278428456873.0
1554278428456993.0
1554278428457060.0
1554278428457223.0
1554278428457372.0
1554278428457540.0
1554278428457666.0
1554278428458083.0
1554278428458181.0
1554278428458188.0
1554278428458278.0
1554278428459843.0

1554278438705122.0
1554278438708899.0
1554278438709095.0
1554278438709122.0
1554278438709164.0
1554278438717479.0
1554278438720999.0
1554278438722028.0
1554278438725327.0
1554278438730479.0
1554278438735850.0
1554278438742515.0
1554278438745209.0
1554278438756925.0
1554278438759268.0
1554278438762985.0
1554278438763035.0
1554278438767896.0
1554278438769146.0
1554278438779278.0
1554278438788331.0
1554278438792854.0
1554278438794327.0
1554278438800104.0
1554278438804452.0

1554278438707522.2
1554278438710762.0
1554278438711334.2
1554278438714529.0
1554278438717986.5
1554278438717998.0
1554278438721554.2
1554278438722364.5
1554278438728338.8
1554278438731120.8
1554278438736151.0
1554278438742856.8
1554278438745459.2
1554278438757312.8
1554278438759715.2
1554278438763292.0
1554278438763335.5
1554278438768281.5
1554278438769760.0
1554278438779855.0
1554278438788806.8
1554278438793183.5
1554278438794717.5
1554278438800919.0
1554278438804859.0

25
21
19
