Time-differences (millis):

0.114
0.04
0.186
0.214
0.119
0.094
0.053
0.054
0.036
0.116
0.137
0.135
0.095
0.122
0.236
0.122
4.646
0.093
0.12
0.099
0.766
0.083
2.19
0.56

3.433
2.14
18.762
0.129
2.147
20.571
4.516
0.013
15.334
0.949
0.751
6.959
5.934
0.499
1.417
4.41
12.063
36.894
47.141
0.061
3.589
14.001
3.985
13.655

7.09
0.919
14.42575
2.421
1.095
19.275
4.338
0.8155
15.455
0.16275
0.579
7.50825
6.10075
0.27875
3.3785
4.28325
9.97075
37.766
46.077
0.0
3.59225
14.0455
3.9695
13.67025

Test:	RTW2_n_14
Requests:	25
Success:	21
Used:   	16

Local times (milisec):
min:	0.036
max:	4.646
mean:	0.4345833333333333
median:	0.1195
stdev:	1.0012763991706946

Web server times (milisec):
min:	0.013
max:	47.141
mean:	9.139708333333333
median:	4.1975
stdev:	11.96715100118424

App server times (milisec):
min:	0.0
max:	46.077
mean:	9.050697916666666
median:	4.310625
stdev:	11.63869177874124
diff:	1.368