Time-differences (millis):

0.13
0.152
0.234
0.051
0.051
0.072
0.757
0.113
0.209
0.095
0.053
0.055
0.247
0.215
0.06
0.112
0.054
0.771
0.14
0.089
0.525
0.122
0.19
0.119

0.825
5.108
1.051
2.752
0.997
7.799
1.431
4.817
0.983
2.579
2.126
3.965
5.013
2.801
2.896
1.612
4.396
0.849
10.22
4.143
40.174
0.097

3.5575
1.15375
0.59775
2.9785
4.80025
4.48075
0.94175
2.86125
0.7975
4.97125
4.137
0.81775
3.77625
2.91575
3.3175
1.25825
4.213
1.27775
10.94725
2.97875
5.5185
17.633
17.17525
0.0445

Test:	RTW2_n_9
Requests:	25
Success:	10
Used:   	7

Local times (milisec):
min:	0.051
max:	0.771
mean:	0.19233333333333333
median:	0.1205
stdev:	0.20331164056296874

Web server times (milisec):
min:	0.097
max:	40.174
mean:	4.847
median:	2.7765
stdev:	8.26093205856279

App server times (milisec):
min:	0.0445
max:	17.633
mean:	4.297947916666667
median:	3.148125
stdev:	4.639250208218133
diff:	5.3255