Time-differences (millis):

0.086
0.229
0.067
0.041
0.06
0.158
0.028
0.014
0.044
0.001
0.07
0.064
0.05
0.021
0.058
0.071
0.078
0.079
0.031
0.062
0.029
0.057
0.011
0.076

0.092
3.381
22.572
0.083
1.255
0.101
2.309
2.535
1.279
9.611
2.377
1.457
2.142
2.16
0.162
7.099
2.404
20.052
0.068
6.107
0.018
0.925
7.115
1.504

0.0375
3.48825
20.218
1.36775
1.51625
3.1475
0.00025
1.459
3.68725
5.774
2.4565
1.49975
2.09775
2.26325
0.04225
7.0305
2.50575
20.09725
0.0
6.08125
0.87425
0.9165
6.2325
1.96825

Test:	RTW2_n_1
Requests:	25
Success:	17
Used:   	14

Local times (milisec):
min:	0.001
max:	0.229
mean:	0.061875
median:	0.059
stdev:	0.04803197530993196

Web server times (milisec):
min:	0.018
max:	22.572
mean:	4.033666666666667
median:	2.151
stdev:	5.912964971452409

App server times (milisec):
min:	0.0
max:	20.218
mean:	3.948395833333333
median:	2.1805000000000003
stdev:	5.3917787321334165
diff:	1.3325