1554278190555592.0
1554278190555678.0
1554278190555907.0
1554278190555974.0
1554278190556015.0
1554278190556075.0
1554278190556233.0
1554278190556261.0
1554278190556275.0
1554278190556319.0
1554278190556320.0
1554278190556390.0
1554278190556454.0
1554278190556504.0
1554278190556525.0
1554278190556583.0
1554278190556654.0
1554278190556732.0
1554278190556811.0
1554278190556842.0
1554278190556904.0
1554278190556933.0
1554278190556990.0
1554278190557001.0
1554278190557077.0

1554278200816555.0
1554278200816647.0
1554278200820028.0
1554278200842600.0
1554278200842683.0
1554278200843938.0
1554278200844039.0
1554278200846348.0
1554278200848883.0
1554278200850162.0
1554278200859773.0
1554278200862150.0
1554278200863607.0
1554278200865749.0
1554278200867909.0
1554278200868071.0
1554278200875170.0
1554278200877574.0
1554278200897626.0
1554278200897694.0
1554278200903801.0
1554278200903819.0
1554278200904744.0
1554278200911859.0
1554278200913363.0

1554278200819338.0
1554278200819375.5
1554278200822863.8
1554278200843081.8
1554278200844449.5
1554278200845965.8
1554278200849113.2
1554278200849113.5
1554278200850572.5
1554278200854259.8
1554278200860033.8
1554278200862490.2
1554278200863990.0
1554278200866087.8
1554278200868351.0
1554278200868393.2
1554278200875423.8
1554278200877929.5
1554278200898026.8
1554278200898026.8
1554278200904108.0
1554278200904982.2
1554278200905898.8
1554278200912131.2
1554278200914099.5

25
17
14
