Time-differences (millis):

0.093
0.457
0.057
0.8
0.065
0.086
0.192
0.052
0.053
0.082
0.512
0.096
0.079
0.155
0.071
0.118
0.13
0.153
0.138
0.13
0.082
0.058
0.119
0.064

4.955
0.063
1.186
12.741
2.376
5.734
4.777
0.097
1.46
1.288
3.646
4.857
3.066
3.147
3.15
2.854
12.128
0.067
9.529
2.25
5.755
9.949

5.10425
0.631
1.46025
9.5695
3.64525
5.69775
2.9365
1.15625
5.89225
4.212
2.371
0.92625
3.9565
1.48575
1.109
2.72225
12.227
1.62225
7.68425
0.1445
0.6805
1.74575
5.545
10.4815

Test:	RTW2_n_12
Requests:	25
Success:	12
Used:   	9

Local times (milisec):
min:	0.052
max:	0.8
mean:	0.16008333333333333
median:	0.0945
stdev:	0.17835209843030375

Web server times (milisec):
min:	0.063
max:	12.741
mean:	4.321590909090909
median:	3.1485
stdev:	3.7281401932955527

App server times (milisec):
min:	0.1445
max:	12.227
mean:	3.8752708333333334
median:	2.8293749999999998
stdev:	3.337575011302194
diff:	5.3285