Time-differences (millis):

0.086
0.24
0.156
0.134
0.077
0.011
0.096
0.072
0.132
0.046
0.105
0.102
0.054
0.076
0.099
0.042
0.079
0.126
0.111
0.184
0.073
0.108
0.366
0.788

2.264
3.794
18.199
0.078
3.579
4.549
3.324
4.001
4.795
0.753
1.413
1.124
4.512
2.887
1.179
3.056
0.506
7.224
6.577
0.614
1.397
6.993
3.547

2.0655
4.116
16.11875
0.05675
5.6585
2.28875
5.00375
2.5165
4.89925
0.8845
1.44325
0.70625
4.49075
2.988
1.659
3.09575
0.614
8.3585
5.53725
1.291
7.0375
3.45475
2.799
3.09025

Test:	RTW2_n_8
Requests:	25
Success:	17
Used:   	16

Local times (milisec):
min:	0.011
max:	0.788
mean:	0.140125
median:	0.1005
stdev:	0.15574653670516134

Web server times (milisec):
min:	0.078
max:	18.199
mean:	3.755
median:	3.324
stdev:	3.7703444139759967

App server times (milisec):
min:	0.05675
max:	16.11875
mean:	3.7572291666666664
median:	3.0391250000000003
stdev:	3.3690575058624286
diff:	3.40925