Time-differences (millis):

0.001
0.084
0.019
0.068
0.122
0.473
0.057
0.027
0.125
0.056
0.045
0.066
0.012
0.03
0.074
0.008
0.057
0.02
0.137
0.019
0.05
0.27
0.068
1.382

6.275
3.983
2.787
7.685
0.211
5.59
2.845
9.739
6.51
1.21
0.061
3.901
1.799
24.436
5.653
20.506
6.777
4.551
12.466
11.165
14.822
10.462
20.474
15.916

3.35175
8.677
0.45025
5.26625
7.95375
0.81225
11.07875
0.466
2.2575
3.36125
19.07275
0.836
2.24125
2.301
22.46325
3.65325
7.38475
4.1245
12.307
12.43275
13.67575
10.93025
19.924
15.9555

Test:	RTW2_n_13
Requests:	25
Success:	9
Used:   	8

Local times (milisec):
min:	0.001
max:	1.382
mean:	0.13625
median:	0.057
stdev:	0.28388213261385664

Web server times (milisec):
min:	0.061
max:	24.436
mean:	8.326
median:	6.3925
stdev:	6.765596750568596

App server times (milisec):
min:	0.45025
max:	22.46325
mean:	7.957364583333333
median:	6.3255
stdev:	6.680319049909399
diff:	7.65025