1554278222854122.0
1554278222854269.0
1554278222854298.0
1554278222854438.0
1554278222854599.0
1554278222854603.0
1554278222854671.0
1554278222854843.0
1554278222854897.0
1554278222854897.0
1554278222854947.0
1554278222855044.0
1554278222855120.0
1554278222855149.0
1554278222855202.0
1554278222855249.0
1554278222855257.0
1554278222855333.0
1554278222855361.0
1554278222855381.0
1554278222855578.0
1554278222855651.0
1554278222855701.0
1554278222855739.0
1554278222855794.0

1554278233111283.0
1554278233115278.0
1554278233118160.0
1554278233121441.0
1554278233126483.0
1554278233127160.0
1554278233131057.0
1554278233131138.0
1554278233134253.0
1554278233137669.0
1554278233138782.0
1554278233140365.0
1554278233142685.0
1554278233151843.0
1554278233167949.0
1554278233174771.0
1554278233186531.0
1554278233186742.0
1554278233190672.0
1554278233191218.0
1554278233191774.0
1554278233197623.0
1554278233205216.0
1554278233205545.0
1554278233210703.0

1554278233113874.8
1554278233118755.0
1554278233120036.8
1554278233123686.0
1554278233127537.0
1554278233128879.2
1554278233133412.0
1554278233134522.2
1554278233138159.5
1554278233139280.5
1554278233143088.2
1554278233143160.0
1554278233146637.5
1554278233152362.0
1554278233168541.0
1554278233175215.8
1554278233187275.2
1554278233187778.2
1554278233192149.2
1554278233192193.2
1554278233195507.2
1554278233198129.0
1554278233205963.0
1554278233206918.8
1554278233211227.2

25
18
17
