1554278501003310.0
1554278501003440.0
1554278501003592.0
1554278501003826.0
1554278501003877.0
1554278501003928.0
1554278501004000.0
1554278501004757.0
1554278501004870.0
1554278501005079.0
1554278501005174.0
1554278501005227.0
1554278501005282.0
1554278501005529.0
1554278501005744.0
1554278501005804.0
1554278501005916.0
1554278501005970.0
1554278501006741.0
1554278501006881.0
1554278501006970.0
1554278501007495.0
1554278501007617.0
1554278501007807.0
1554278501007926.0

1554278511245297.0
1554278511246122.0
1554278511251230.0
1554278511252281.0
1554278511255033.0
1554278511256030.0
1554278511263829.0
1554278511265260.0
1554278511270077.0
1554278511271060.0
1554278511273639.0
1554278511275765.0
1554278511279730.0
1554278511284743.0
1554278511287544.0
1554278511290440.0
1554278511292052.0
1554278511296448.0
1554278511297297.0
1554278511307517.0
1554278511311660.0
1554278511351834.0
1554278511351931.0

1554278511249138.0
1554278511252695.5
1554278511253849.2
1554278511254447.0
1554278511257425.5
1554278511262225.8
1554278511266706.5
1554278511267648.2
1554278511270509.5
1554278511271307.0
1554278511276278.2
1554278511280415.2
1554278511281233.0
1554278511285009.2
1554278511287925.0
1554278511291242.5
1554278511292500.8
1554278511296713.8
1554278511297991.5
1554278511308938.8
1554278511311917.5
1554278511317436.0
1554278511335069.0
1554278511352244.2
1554278511352288.8

25
10
7
