1554315511251053.0
1554315511251146.0
1554315511251603.0
1554315511251660.0
1554315511252460.0
1554315511252525.0
1554315511252611.0
1554315511252803.0
1554315511252855.0
1554315511252908.0
1554315511252990.0
1554315511253502.0
1554315511253598.0
1554315511253677.0
1554315511253832.0
1554315511253903.0
1554315511254021.0
1554315511254151.0
1554315511254304.0
1554315511254442.0
1554315511254572.0
1554315511254654.0
1554315511254712.0
1554315511254831.0
1554315511254895.0

1554315511460788.0
1554315511465743.0
1554315511465806.0
1554315511466992.0
1554315511479733.0
1554315511482109.0
1554315511487843.0
1554315511492620.0
1554315511492717.0
1554315511494177.0
1554315511495465.0
1554315511499111.0
1554315511503968.0
1554315511507034.0
1554315511510181.0
1554315511513331.0
1554315511516185.0
1554315511528313.0
1554315511528380.0
1554315511537909.0
1554315511540159.0
1554315511545914.0
1554315511555863.0

1554315511463930.5
1554315511469034.8
1554315511469665.8
1554315511471126.0
1554315511480695.5
1554315511484340.8
1554315511490038.5
1554315511492975.0
1554315511494131.2
1554315511500023.5
1554315511504235.5
1554315511506606.5
1554315511507532.8
1554315511511489.2
1554315511512975.0
1554315511514084.0
1554315511516806.2
1554315511529033.2
1554315511530655.5
1554315511538339.8
1554315511538484.2
1554315511539164.8
1554315511540910.5
1554315511546455.5
1554315511556937.0

25
12
9
