Time-differences (millis):

0.086
0.123
0.651
0.099
0.703
0.774
0.293
0.232
0.452
0.453
0.048
0.21
0.043
0.12
0.067
0.163
0.149
0.168
0.126
0.417
0.098
0.007
0.09
1.565

3.777
0.196
0.027
0.042
8.315
3.52
1.029
3.299
5.152
5.371
6.665
2.694
11.716
2.343
3.717
0.05
4.861
1.25
10.132
9.053
4.523
1.473
5.777
4.348

3.23975
0.57225
3.19475
3.4575
0.0115
3.55625
0.81025
5.97425
2.782
5.03025
6.70575
2.6025
11.8535
2.4025
3.57675
0.0435
4.946
1.4785
10.095
8.95175
4.37675
1.534
6.2015
3.94

Test:	RTW2_n_7
Requests:	25
Success:	21
Used:   	19

Local times (milisec):
min:	0.007
max:	1.565
mean:	0.297375
median:	0.156
stdev:	0.34748235019300217

Web server times (milisec):
min:	0.027
max:	11.716
mean:	4.13875
median:	3.747
stdev:	3.2639807151231226

App server times (milisec):
min:	0.0115
max:	11.8535
mean:	4.0556979166666665
median:	3.506875
stdev:	3.0591950063445283
diff:	1.285