1554315567889878.0
1554315567889879.0
1554315567889963.0
1554315567889982.0
1554315567890050.0
1554315567890172.0
1554315567890645.0
1554315567890702.0
1554315567890729.0
1554315567890854.0
1554315567890910.0
1554315567890955.0
1554315567891021.0
1554315567891033.0
1554315567891063.0
1554315567891137.0
1554315567891145.0
1554315567891202.0
1554315567891222.0
1554315567891359.0
1554315567891378.0
1554315567891428.0
1554315567891698.0
1554315567891766.0
1554315567893148.0

1554315568100471.0
1554315568106746.0
1554315568110729.0
1554315568113516.0
1554315568121201.0
1554315568121412.0
1554315568127002.0
1554315568129847.0
1554315568139586.0
1554315568146096.0
1554315568147306.0
1554315568147367.0
1554315568151268.0
1554315568153067.0
1554315568177503.0
1554315568183156.0
1554315568203662.0
1554315568210439.0
1554315568214990.0
1554315568227456.0
1554315568238621.0
1554315568253443.0
1554315568263905.0
1554315568284379.0
1554315568300295.0

1554315568109638.8
1554315568112990.5
1554315568121667.5
1554315568122117.8
1554315568127384.0
1554315568135337.8
1554315568136150.0
1554315568147228.8
1554315568147694.8
1554315568149952.2
1554315568153313.5
1554315568172386.2
1554315568173222.2
1554315568175463.5
1554315568177764.5
1554315568200227.8
1554315568203881.0
1554315568211265.8
1554315568215390.2
1554315568227697.2
1554315568240130.0
1554315568253805.8
1554315568264736.0
1554315568284660.0
1554315568300615.5

25
9
8
