1554278257455607.0
1554278257456049.0
1554278257456250.0
1554278257456368.0
1554278257456472.0
1554278257456542.0
1554278257456583.0
1554278257456729.0
1554278257456883.0
1554278257456922.0
1554278257456931.0
1554278257456979.0
1554278257457091.0
1554278257457093.0
1554278257457166.0
1554278257457176.0
1554278257457273.0
1554278257457317.0
1554278257457352.0
1554278257457385.0
1554278257457446.0
1554278257457473.0
1554278257457507.0
1554278257457653.0
1554278257467465.0

1554278267721045.0
1554278267721062.0
1554278267728394.0
1554278267730823.0
1554278267737477.0
1554278267738521.0
1554278267741555.0
1554278267744083.0
1554278267747067.0
1554278267747966.0
1554278267748204.0
1554278267750767.0
1554278267760890.0
1554278267763911.0
1554278267765388.0
1554278267767562.0
1554278267781188.0
1554278267781188.0
1554278267793031.0
1554278267798396.0
1554278267816982.0
1554278267820291.0

1554278267723002.2
1554278267723137.0
1554278267730416.8
1554278267732917.8
1554278267737857.5
1554278267742572.5
1554278267744172.2
1554278267744472.2
1554278267747320.0
1554278267748460.2
1554278267751094.8
1554278267753290.5
1554278267761280.0
1554278267764292.2
1554278267765797.8
1554278267768301.8
1554278267781559.0
1554278267781563.8
1554278267793518.5
1554278267793694.5
1554278267799040.8
1554278267799071.5
1554278267810024.0
1554278267817291.8
1554278267820688.2

25
13
13
