Time-differences (millis):

0.537
0.137
0.204
0.071
0.088
0.226
0.107
0.05
0.051
0.043
0.093
0.104
0.059
0.129
0.05
0.131
0.088
0.086
0.12
0.078
0.047
0.054
0.081
0.27

3.952
12.298
0.764
2.739
3.169
0.56
1.663
6.985
0.993
2.573
11.355
0.503
0.723
2.333
0.773
1.041
5.189
7.346
11.711
5.768
3.014
0.642
12.967

2.213
14.7925
1.988
4.10725
2.062
3.7155
1.31725
12.97225
2.32425
0.79525
2.317
1.68875
0.84625
0.9845
3.547
0.0985
7.17175
5.746
6.12575
5.857
3.60675
7.992
0.412
4.39475

Test:	RTW2_n_6
Requests:	25
Success:	13
Used:   	11

Local times (milisec):
min:	0.043
max:	0.537
mean:	0.121
median:	0.088
stdev:	0.10613527053799748

Web server times (milisec):
min:	0.503
max:	12.967
mean:	4.307
median:	2.739
stdev:	4.175630730799839

App server times (milisec):
min:	0.0985
max:	14.7925
mean:	4.044802083333334
median:	2.935625
stdev:	3.736618875327265
diff:	7.36675