1554278382809957.0
1554278382810494.0
1554278382810631.0
1554278382810835.0
1554278382810906.0
1554278382810994.0
1554278382811220.0
1554278382811327.0
1554278382811377.0
1554278382811428.0
1554278382811471.0
1554278382811564.0
1554278382811668.0
1554278382811727.0
1554278382811856.0
1554278382811906.0
1554278382812037.0
1554278382812125.0
1554278382812211.0
1554278382812331.0
1554278382812409.0
1554278382812456.0
1554278382812510.0
1554278382812591.0
1554278382812861.0

1554278393069963.0
1554278393073915.0
1554278393086213.0
1554278393086977.0
1554278393089716.0
1554278393092885.0
1554278393093445.0
1554278393095108.0
1554278393102093.0
1554278393103086.0
1554278393105659.0
1554278393117014.0
1554278393117517.0
1554278393118240.0
1554278393120573.0
1554278393121346.0
1554278393122387.0
1554278393127576.0
1554278393134922.0
1554278393146633.0
1554278393152401.0
1554278393155415.0
1554278393156057.0
1554278393169024.0

1554278393072390.0
1554278393074603.0
1554278393089395.5
1554278393091383.5
1554278393095490.8
1554278393097552.8
1554278393101268.2
1554278393102585.5
1554278393115557.8
1554278393117882.0
1554278393118677.2
1554278393120994.2
1554278393122683.0
1554278393123529.2
1554278393124513.8
1554278393128060.8
1554278393128159.2
1554278393135331.0
1554278393141077.0
1554278393147202.8
1554278393153059.8
1554278393156666.5
1554278393164658.5
1554278393165070.5
1554278393169465.2

25
13
11
