Time-differences (millis):

0.163
0.147
0.208
0.182
0.043
0.094
0.001
0.044
0.001
0.075
0.078
0.047
0.08
0.012
0.068
0.039
0.142
0.097
0.068
0.058
0.057
0.001
0.07
1.792

5.769
2.339
0.273
8.777
1.49
3.033
3.424
1.501
7.167
0.003
6.619
1.355
7.127
1.998
5.474
1.115
0.576
2.708
14.224
16.033
0.981
2.117

6.58875
1.53
2.99425
7.1055
1.96575
1.67025
1.7925
1.118
7.1015
0.084
7.886
0.95575
6.189
2.124
5.3645
1.3205
0.319
3.0825
0.45275
12.7525
1.231
15.853
0.63875
2.124

Test:	RTW2_n_10
Requests:	25
Success:	18
Used:   	14

Local times (milisec):
min:	0.001
max:	1.792
mean:	0.148625
median:	0.069
stdev:	0.35451287000615367

Web server times (milisec):
min:	0.003
max:	16.033
mean:	4.2774090909090905
median:	2.5235000000000003
stdev:	4.332803729458404

App server times (milisec):
min:	0.084
max:	15.853
mean:	3.843489583333333
median:	2.044875
stdev:	4.058538125305796
diff:	3.32425