Time-differences (millis):

0.338
0.058
0.158
0.097
0.276
0.072
0.052
0.178
0.076
0.046
0.05
0.129
0.098
0.049
0.145
0.053
0.156
0.047
0.106
0.078
0.143
0.061
0.171
0.138

0.0
3.314
5.272
2.108
0.132
1.807
3.58
5.535
2.945
4.014
1.127
6.547
0.796
3.145
6.959
0.045
9.763
8.407
2.469
5.515
0.161
3.12
1.657
2.844

0.441
2.872
7.857
1.42325
3.01875
0.08475
1.01725
3.17575
2.9725
6.127
2.04425
3.598
1.882
3.6415
5.051
0.9505
8.824
8.4405
3.7975
4.25525
0.0
3.173
1.84675
2.70425

Test:	RTW2_n_5
Requests:	25
Success:	14
Used:   	14

Local times (milisec):
min:	0.046
max:	0.338
mean:	0.115625
median:	0.0975
stdev:	0.07403337232215823

Web server times (milisec):
min:	0.0
max:	9.763
mean:	3.3859166666666667
median:	3.0324999999999998
stdev:	2.684750800785585

App server times (milisec):
min:	0.0
max:	8.824
mean:	3.29990625
median:	2.995625
stdev:	2.469285467864553
diff:	2.126