1555424868031300.0
1555424868031326.0
1555424868031342.0
1555424868031362.0
1555424868031382.0
1555424868031393.0
1555424868031415.0
1555424868031430.0
1555424868031449.0
1555424868033618.0
1555424868033618.0
1555424868033619.0
1555424868033619.0
1555424868033620.0
1555424868033683.0
1555424868033684.0
1555424868033893.0
1555424868033894.0
1555424868033894.0
1555424868033894.0
1555424868033895.0
1555424868033895.0
1555424868033895.0
1555424868033895.0
1555424868033896.0

1555424873017686.0
1555424873020291.0
1555424873021937.0
1555424873023538.0
1555424873025146.0
1555424873027319.0
1555424873027625.0
1555424873027882.0
1555424873028302.0
1555424873031820.0
1555424873035439.0
1555424873036511.0
1555424873040283.0
1555424873040350.0
1555424873041654.0
1555424873042204.0
1555424873042975.0
1555424873045295.0
1555424873047223.0
1555424873048122.0
1555424873049627.0
1555424873050523.0

1555424873018982.2
1555424873021439.5
1555424873023055.5
1555424873024661.8
1555424873026834.0
1555424873027543.2
1555424873027813.8
1555424873028045.8
1555424873029098.0
1555424873032699.5
1555424873035690.5
1555424873036686.0
1555424873040601.0
1555424873041025.0
1555424873042379.0
1555424873043126.5
1555424873043827.2
1555424873045800.0
1555424873046244.0
1555424873047807.8
1555424873048322.0
1555424873049934.0
1555424873050678.8
1555424873051363.0
1555424873052398.0

25
13
5
