1555424943029655.0
1555424943029656.0
1555424943029683.0
1555424943029693.0
1555424943029731.0
1555424943029732.0
1555424943032474.0
1555424943032496.0
1555424943032535.0
1555424943032608.0
1555424943032642.0
1555424943032642.0
1555424943032657.0
1555424943032692.0
1555424943032693.0
1555424943032703.0
1555424943032736.0
1555424943032843.0
1555424943032845.0
1555424943032845.0
1555424943032872.0
1555424943032909.0
1555424943032910.0
1555424943034094.0
1555424943034102.0

1555424948021514.0
1555424948023434.0
1555424948025138.0
1555424948029699.0
1555424948031461.0
1555424948033165.0
1555424948033846.0
1555424948035050.0
1555424948035165.0
1555424948036616.0
1555424948040232.0
1555424948045061.0
1555424948045706.0
1555424948046594.0
1555424948047552.0
1555424948047589.0
1555424948048698.0
1555424948048745.0
1555424948051666.0
1555424948053241.0
1555424948054217.0
1555424948056284.0

1555424948022826.0
1555424948024610.2
1555424948026307.8
1555424948030903.2
1555424948032645.5
1555424948033413.5
1555424948034093.2
1555424948035386.5
1555424948036848.5
1555424948042015.2
1555424948043383.0
1555424948045260.0
1555424948045856.2
1555424948046786.8
1555424948047840.0
1555424948048328.5
1555424948048890.0
1555424948049301.8
1555424948051865.0
1555424948053592.2
1555424948054828.2
1555424948055295.2
1555424948056433.8
1555424948057314.2
1555424948057768.0

25
13
9
