1555424991043339.0
1555424991043339.0
1555424991043339.0
1555424991052262.0
1555424991052405.0
1555424991052407.0
1555424991052408.0
1555424991052453.0
1555424991052454.0
1555424991052483.0
1555424991052494.0
1555424991052501.0
1555424991052683.0
1555424991052684.0
1555424991052684.0
1555424991052685.0
1555424991052685.0
1555424991052685.0
1555424991052686.0
1555424991052686.0
1555424991052686.0
1555424991052687.0
1555424991052687.0
1555424991052774.0
1555424991052792.0

1555424996008004.0
1555424996010061.0
1555424996011799.0
1555424996013501.0
1555424996015521.0
1555424996017174.0
1555424996017511.0
1555424996017841.0
1555424996018673.0
1555424996020428.0
1555424996029282.0
1555424996029448.0
1555424996031647.0
1555424996032380.0
1555424996032973.0
1555424996033590.0
1555424996034963.0
1555424996036598.0
1555424996039218.0
1555424996039258.0
1555424996040231.0
1555424996040831.0
1555424996043868.0

1555424996009375.5
1555424996011270.2
1555424996013002.8
1555424996015027.5
1555424996016691.2
1555424996017416.8
1555424996017752.5
1555424996018026.0
1555424996018908.8
1555424996025332.5
1555424996029617.5
1555424996030935.2
1555424996031853.2
1555424996032544.2
1555424996033251.2
1555424996034557.2
1555424996035468.2
1555424996037451.5
1555424996039496.8
1555424996039944.8
1555424996040495.5
1555424996041660.0
1555424996042665.5
1555424996044054.5
1555424996045685.8

25
14
6
