Time-differences (millis):

0.001
0.03
0.012
0.015
0.015
0.026
0.0
0.01
0.024
0.0
0.08
0.0
0.001
0.015
0.004
0.015
0.02
0.89
0.001
0.012
0.001
0.014
0.01
0.022

2.694
1.027
1.746
1.725
1.764
0.029
2.177
0.976
1.106
11.392
2.67
0.041
2.465
0.196
1.307
2.498
1.632
0.065
0.749
2.356
0.909
2.345

3.28
1.7515
1.75275
0.8285
0.4035
1.281
0.4925
0.9895
1.82525
10.74525
2.59575
0.295
3.1005
1.8215
0.63725
1.06925
1.396
0.53025
0.682
1.78575
0.97275
2.29925
1.28775
0.67025

Test:	CR2_r+_23
Requests:	25
Success:	12
Used:   	6

Local times (milisec):
min:	0.0
max:	0.89
mean:	0.05075
median:	0.013000000000000001
stdev:	0.1795315764887106

Web server times (milisec):
min:	0.029
max:	11.392
mean:	1.9031363636363636
median:	1.6785
stdev:	2.2965564137359786

App server times (milisec):
min:	0.295
max:	10.74525
mean:	1.7705416666666667
median:	1.2843749999999998
stdev:	2.0819730395273712
diff:	2.816