Time-differences (millis):

0.001
0.001
0.0
0.001
0.159
0.0
0.001
0.001
0.001
0.0
0.0
0.001
0.082
0.001
0.001
0.0
0.001
0.295
0.001
0.0
0.0
0.001
0.0
0.0

1.934
1.44
1.664
1.622
3.117
0.366
0.407
0.894
1.507
8.134
0.05
1.16
0.041
0.823
1.96
0.073
0.965
3.236
0.258
0.933
1.262
3.166

3.20425
1.633
1.62425
0.93525
1.33975
0.27925
0.47025
0.906
2.95775
6.846
0.46075
0.6085
0.25225
0.506
2.09575
0.42125
0.96425
2.72425
0.28275
0.407
0.575
1.20025
2.89275
3.97625

Test:	CR2_r+_14
Requests:	25
Success:	11
Used:   	7

Local times (milisec):
min:	0.0
max:	0.295
mean:	0.022833333333333334
median:	0.001
stdev:	0.06805666862936752

Web server times (milisec):
min:	0.041
max:	8.134
mean:	1.5914545454545455
median:	1.2109999999999999
stdev:	1.753519962743584

App server times (milisec):
min:	0.25225
max:	6.846
mean:	1.5651145833333333
median:	0.9497500000000001
stdev:	1.5632493402802943
diff:	2.064