Success codes:
13
14
13
13
11
13
14
14
13
3
15
12
13
11
14
14
12
12
12
13
13
13
12
14
11

Vouchers used:
9
5
5
5
6
9
7
6
6
2
9
6
4
7
5
8
4
4
6
6
5
5
6
6
5

Ratio:
1.4444444444444444
2.8
2.6
2.6
1.8333333333333333
1.4444444444444444
2.0
2.3333333333333335
2.1666666666666665
1.5
1.6666666666666667
2.0
3.25
1.5714285714285714
2.8
1.75
3.0
3.0
2.0
2.1666666666666665
2.6
2.6
2.0
2.3333333333333335
2.2

Local:
0.001
0.037
0.08
0.0
0.001
0.04
0.001
0.027
0.023
0.532
0.001
0.0
0.001
0.001
0.0
0.001
0.03
0.001
0.0
0.016
0.018
0.018
0.012
0.032
0.062
0.078
0.079
0.097
0.032
0.089
0.054
0.159
0.021
0.031
0.023
0.027
0.025
0.027
0.032
0.013
0.033
0.027
0.03
0.027
0.053
0.031
0.29
0.001
0.026
0.016
0.02
0.02
0.011
0.022
0.015
0.019
2.169
0.0
0.001
0.0
0.001
0.063
0.001
0.209
0.001
0.0
0.0
0.001
0.0
0.0
0.0
0.001
0.018
0.007
0.024
0.005
0.013
0.007
0.023
6.905
0.001
0.0
0.021
0.005
0.109
0.001
0.0
0.012
0.011
0.022
0.016
0.018
0.019
0.019
0.063
0.006
6.584
0.001
0.07
0.001
0.002
0.047
0.001
0.023
0.001
0.02
0.01
0.008
0.06
0.043
0.045
0.031
0.02
0.032
0.019
0.024
0.026
0.039
0.04
15.384
0.001
0.027
0.01
0.038
0.001
2.742
0.022
0.039
0.073
0.034
0.0
0.015
0.035
0.001
0.01
0.033
0.107
0.002
0.0
0.027
0.037
0.001
1.184
0.008
0.001
0.058
12.58
0.002
0.083
0.001
0.001
0.001
0.044
0.001
0.04
0.001
0.033
0.088
0.198
0.0
0.001
0.0
0.034
0.027
0.02
0.133
0.0
0.001
0.0
0.0
8.923
0.143
0.002
0.001
0.045
0.001
0.029
0.011
0.007
0.182
0.001
0.0
0.001
0.0
0.0
0.001
0.0
0.0
0.001
0.0
0.087
0.018
0.0
0.08
9.029
0.002
0.044
0.002
0.038
0.052
0.023
0.021
0.309
0.001
0.001
0.001
0.001
0.0
0.001
0.001
0.001
0.001
0.001
0.146
16.743
0.001
0.001
0.063
0.021
0.015
0.024
0.031
0.279
0.0
0.001
0.0
0.0
0.001
0.0
15.729
0.001
0.136
0.001
0.001
0.0
0.001
0.0
0.027
0.001
0.139
0.001
0.001
0.0
12.901
0.001
0.052
0.032
0.055
0.06
0.001
0.015
0.035
0.001
0.014
0.118
0.001
0.063
0.03
0.198
0.001
0.0
0.001
5.933
0.021
0.001
0.065
0.001
0.0
0.015
0.019
0.011
0.033
0.304
0.036
0.081
0.024
0.017
0.015
0.017
0.191
0.001
0.0
0.001
0.001
0.0
0.001
0.0
0.027
0.009
0.391
0.242
0.02
0.019
1.76
2.464
0.036
0.033
0.03
0.038
0.43
0.011
4.437
0.196
6.403
0.08
1.688
0.068
0.371
0.048
0.42
0.008
0.392
0.001
0.001
0.0
0.001
0.159
0.0
0.001
0.001
0.001
0.0
0.0
0.001
0.082
0.001
0.001
0.0
0.001
0.295
0.001
0.0
0.0
0.001
0.0
0.0
0.002
0.049
0.028
0.078
0.016
0.015
0.018
0.017
0.051
0.037
0.177
0.0
0.019
0.0
0.021
0.011
0.033
0.001
0.015
0.035
0.0
0.011
0.033
2.073
4.621
0.058
0.008
11.231
0.102
0.022
0.019
0.115
0.0
0.0
0.001
0.0
0.026
0.2
0.001
0.034
0.021
0.015
0.037
0.035
0.038
0.028
0.021
0.017
0.025
0.007
19.257
0.0
0.001
0.001
0.116
0.001
0.0
0.001
0.0
0.001
0.0
0.037
0.0
25.494
0.038
0.019
0.025
0.021
0.047
0.016
0.016
0.014
0.002
0.033
0.035
0.032
0.012
0.013
0.077
0.0
0.107
0.001
0.0
0.013
0.005
0.025
0.001
0.007
0.025
0.0
0.007
0.023
0.008
0.079
7.286
0.148
0.001
0.077
0.001
0.027
0.015
0.028
0.071
0.019
0.243
0.0
0.001
0.014
0.007
0.021
0.039
0.076
0.048
0.044
0.026
0.027
0.025
0.026
0.022
0.028
0.053
0.009
0.571
0.072
0.064
0.05
0.508
0.026
22.708
0.077
0.029
0.028
0.027
0.022
0.033
0.086
0.032
0.009
0.038
0.061
0.082
0.061
0.016
0.03
0.086
0.0
0.001
0.0
0.015
0.003
0.013
0.013
0.826
0.007
0.022
4.4
0.901
0.031
0.024
0.017
0.024
0.044
0.014
0.045
0.025
0.018
0.019
0.02
0.05
0.019
0.031
0.029
0.028
0.02
0.208
0.001
0.0
0.001
0.0
0.001
0.0
0.0
0.001
0.0
0.0
0.043
0.0
1.341
0.029
0.024
2.656
0.012
0.001
0.03
0.012
0.015
0.015
0.026
0.0
0.01
0.024
0.0
0.08
0.0
0.001
0.015
0.004
0.015
0.02
0.89
0.001
0.012
0.001
0.014
0.01
0.022
0.109
0.103
0.002
0.001
0.033
0.233
0.001
0.015
0.007
0.026
0.001
0.007
0.025
0.001
0.007
0.023
4.788
0.08
0.001
0.0
0.0
0.011
0.034
0.027
0.087
0.119
0.189
0.011
0.027
0.009
0.019
0.007
0.021
0.016
0.017
0.016
0.019
0.016
0.016
0.055
0.021
0.051
0.037
0.017
0.016
0.016
0.015
0.015
212.503
0.001
5.073
0.001
0.0
0.071

Web:
2.724
1.235
1.593
1.599
1.357
0.039
1.943
0.265
3.858
4.856
0.042
1.889
0.142
1.414
1.774
1.055
1.151
1.692
1.199
2.176
0.652
0.037
1.836
1.868
1.496
2.196
1.633
0.307
0.038
3.292
3.843
1.115
2.193
1.406
0.98
1.672
1.494
0.827
1.619
1.614
0.841
1.444
0.041
1.474
1.36
2.605
1.646
1.601
1.608
2.173
0.306
0.257
0.42
3.518
3.619
1.072
3.772
0.067
1.304
0.55
0.771
2.32
1.928
0.899
1.505
0.896
2.423
1.678
1.613
1.936
1.622
0.271
0.226
0.024
4.326
5.933
1.363
0.579
0.561
0.123
1.398
0.854
0.493
3.204
0.06
2.181
4.513
0.616
0.551
0.98
1.749
5.64
1.657
1.633
0.548
0.783
1.485
0.733
2.496
2.503
0.159
0.497
3.026
1.075
1.675
0.92
1.505
1.272
1.92
1.704
4.561
1.762
1.704
0.681
1.204
0.115
1.451
3.616
4.829
0.645
0.888
0.958
0.037
1.109
0.047
2.921
1.575
0.976
2.067
2.829
0.036
2.005
3.096
1.58
0.336
0.814
0.27
2.867
3.718
3.472
0.628
3.011
0.661
1.977
1.067
0.52
0.958
0.039
1.568
1.145
1.095
2.057
1.738
1.702
2.02
1.653
0.337
0.33
0.832
1.755
8.854
0.166
2.199
0.733
0.593
0.617
1.373
1.635
2.62
0.04
0.973
0.6
3.037
2.481
1.02
2.402
1.641
1.732
1.689
0.395
0.571
6.684
1.259
1.626
2.664
1.622
0.122
1.677
2.826
2.286
1.341
1.837
1.799
0.62
0.523
4.39
0.974
3.375
0.344
0.881
39.251
1.945
0.498
2.647
1.674
1.665
0.028
1.941
0.429
0.856
6.627
0.043
3.945
1.958
1.288
0.849
0.114
1.38
1.31
0.039
2.243
0.074
1.45
1.246
0.039
2.67
0.442
1.72
2.932
1.627
0.028
0.572
0.904
2.162
5.504
2.279
1.36
1.043
1.682
0.047
1.73
1.063
1.206
1.486
1.909
0.281
5.272
1.648
1.392
0.037
0.633
0.994
2.416
5.752
1.488
0.118
0.26
1.686
3.132
0.583
1.317
0.039
2.785
0.916
1.601
2.647
1.934
1.44
1.664
1.622
3.117
0.366
0.407
0.894
1.507
8.134
0.05
1.16
0.041
0.823
1.96
0.073
0.965
3.236
0.258
0.933
1.262
3.166
1.651
0.346
0.372
5.204
1.747
0.433
0.62
0.038
4.267
2.981
2.218
1.759
2.239
0.951
1.588
0.526
0.557
1.62
0.131
0.038
2.088
0.967
2.519
0.534
1.347
2.031
1.216
3.161
0.079
2.402
0.533
2.531
1.32
6.62
0.688
3.584
0.782
0.049
1.675
0.056
1.717
1.807
1.093
4.748
0.683
0.913
1.576
1.5
1.788
1.759
1.726
2.454
0.03
0.411
0.523
5.428
6.766
1.808
0.043
1.319
0.132
0.919
1.096
0.953
1.642
1.969
3.401
1.092
0.542
1.953
1.474
0.819
1.658
1.629
0.023
4.017
0.325
0.282
5.596
3.952
1.446
1.63
1.03
0.901
0.066
1.016
0.453
0.827
0.98
0.394
4.567
0.125
0.692
2.529
1.467
2.809
1.771
0.028
0.738
0.834
3.522
6.209
1.693
0.055
0.044
4.237
1.722
0.73
1.418
0.551
0.533
1.964
0.075
1.844
0.553
3.243
1.115
1.746
1.665
2.674
0.402
0.027
0.807
1.925
11.184
1.165
0.592
1.231
0.039
0.034
4.816
2.434
2.648
0.037
1.01
0.594
4.757
0.919
1.669
1.969
1.653
1.65
1.636
0.024
0.274
2.765
1.667
6.879
1.315
0.132
0.04
1.865
1.258
0.04
2.221
1.664
0.33
0.73
3.07
1.028
2.19
1.487
1.68
2.322
0.909
0.428
0.863
1.982
6.68
2.448
0.042
2.365
1.043
0.553
1.322
1.407
0.146
0.621
0.836
1.917
1.429
2.694
1.027
1.746
1.725
1.764
0.029
2.177
0.976
1.106
11.392
2.67
0.041
2.465
0.196
1.307
2.498
1.632
0.065
0.749
2.356
0.909
2.345
2.813
1.711
1.681
1.619
1.479
0.029
0.648
0.282
4.245
6.258
0.165
1.222
0.115
0.046
3.692
1.187
2.322
0.629
3.275
2.659
1.527
1.646
1.638
1.927
0.247
0.382
0.036
5.282
4.899
1.139
0.555
0.042
1.058
0.914
2.241
1.461
2.746

App:
2.30675
1.192
1.60375
2.08825
0.9785
0.96175
0.23475
0.61825
3.2535
4.88275
0.842
1.20275
0.9375
1.22725
0.9895
1.06125
1.5005
1.37525
1.4395
0.74725
1.206
0.63325
0.3865
0.89825
1.79825
1.4795
2.21
0.72075
0.2805
0.44375
0.63125
2.901
3.20925
1.399
1.8745
1.79425
1.08425
1.183
1.56125
1.473
1.1735
1.31875
1.34925
0.96525
0.44975
1.139
0.441
0.995
2.45725
1.616
1.60625
2.17225
0.70925
0.2705
0.232
1.05225
3.6015
2.991
0.9955
3.915
0.424
1.354
0.7475
0.70075
1.97275
0.444
1.56375
0.51425
1.612
0.74475
0.68425
1.035
2.10225
1.6345
1.9285
1.63
0.6925
0.23925
0.25575
0.245
4.09975
6.03025
1.33
0.575
1.53075
0.83675
0.40425
0.557
0.3875
2.94075
2.152
4.49325
0.69475
0.46575
1.365
2.86
1.746
1.45625
4.18925
1.66275
0.679
0.53725
0.7685
3.6515
1.03375
2.68325
0.5455
0.399
1.45475
1.09725
1.08925
2.02475
1.0765
1.004
0.68675
0.628
0.433
0.87225
1.5505
0.4435
1.78425
1.6975
4.5955
1.74225
0.768
0.67975
1.29325
1.462
5.16675
1.36775
1.877
0.59625
0.9305
1.05325
0.4885
0.5615
0.41175
2.56325
1.72725
1.236
0.467
1.1385
0.8805
0.45375
2.681
1.7215
1.4915
1.583
0.73025
0.27575
0.82575
0.3195
2.8425
4.00525
3.13575
0.65075
3.66825
0.49425
1.52225
1.018
0.8165
0.68975
0.49925
1.056
1.14975
1.10175
1.71125
1.47325
1.89475
1.7325
2.02475
1.66375
0.7255
0.33575
0.2735
0.88275
6.42375
4.285
1.31775
0.918
0.691
0.707
1.306
0.911
1.98325
2.04525
0.448
0.55075
1.1645
1.0055
1.389
1.63125
3.37325
1.412
0.87875
1.7505
2.5015
0.354
1.44975
5.85125
1.68625
1.08375
0.7285
2.09875
1.655
1.7545
2.757
1.216
1.0135
1.475
1.96975
2.243
0.35525
0.61825
1.17275
0.7235
2.2405
2.71675
1.689
0.74575
0.525
0.6735
0.8955
0.71225
4.9195
2.37825
1.2825
0.489
0.62
28.656
11.40625
2.706
3.18825
1.722
1.69875
0.7285
0.27175
0.42025
1.2485
0.419
2.76875
4.73775
0.4375
5.4775
0.64775
0.873
0.73275
0.4475
0.92525
1.66275
0.4095
1.56175
0.69925
1.10275
0.98375
0.48575
2.87425
1.66875
1.30325
1.63
0.7045
0.2865
0.324
0.92775
4.02325
3.592
2.336
1.282
1.504
1.26475
0.4765
1.30625
1.0055
1.18375
1.49775
1.161
1.42625
0.8235
0.69
1.29925
2.00975
1.397
3.89725
2.30425
0.4285
1.05
1.297
1.0735
4.1125
1.60325
1.634
0.2445
0.44775
1.244
3.244
0.4765
1.66925
0.441
2.44825
1.1775
0.97625
0.578
1.077
0.94175
3.20425
1.633
1.62425
0.93525
1.33975
0.27925
0.47025
0.906
2.95775
6.846
0.46075
0.6085
0.25225
0.506
2.09575
0.42125
0.96425
2.72425
0.28275
0.407
0.575
1.20025
2.89275
3.97625
2.274
1.6455
1.231
2.3125
0.692
1.10525
0.85475
0.825
2.57875
3.94875
2.4685
0.5025
2.37475
0.862
1.6185
0.4485
0.923
1.451
0.2345
0.65225
1.17525
0.9635
2.6025
0.4445
3.17775
1.324
2.5975
0.77825
0.5575
0.18125
0.6895
1.6665
2.021
5.941
0.99875
3.39375
0.60625
0.51125
1.17875
0.81775
0.93225
1.8015
1.4545
4.4025
0.96825
0.97
1.5505
0.3695
1.31625
1.84475
1.74
1.7
1.617
0.326
0.54925
0.7525
8.013
3.7795
1.43825
0.511
0.93575
0.42225
1.0445
0.52075
1.01925
1.61675
2.44625
1.4795
1.61575
0.915
0.67475
0.948
4.03725
1.65275
0.748
0.59525
0.634
1.028
1.76775
0.298
0.272
8.02725
1.8895
1.6295
1.092
1.40575
0.61075
0.4215
0.59925
0.645
0.75625
1.4385
0.398
2.88025
1.1495
1.057
2.221
1.43425
1.15575
2.48725
0.4495
0.2825
1.5825
2.73
1.081
5.4575
1.5075
2.23175
0.71275
1.27075
2.4875
0.81725
0.5465
0.63325
1.14075
1.34225
0.403
1.5535
0.85975
0.54575
4.1795
1.69875
2.61925
1.219
0.48425
0.27075
2.9725
1.1455
3.0095
6.145
0.999
1.0045
0.862
0.434
0.42825
4.24625
2.14275
2.72975
0.51525
0.47475
1.19875
4.15625
1.03625
0.3615
1.89625
1.6675
1.64175
0.72575
0.237
0.78675
0.6565
1.36775
3.09925
5.99425
0.89875
0.449
0.445
1.6695
0.5795
1.29775
1.637
1.31025
0.70125
0.89825
1.31
0.41025
0.46675
0.96525
2.052
1.4605
1.2175
2.453
0.2705
1.03
0.98275
2.7075
1.13725
4.1395
2.43675
0.454
1.91
1.11725
0.991
0.80925
1.5665
0.9645
0.46225
0.66475
1.31925
1.39225
1.3195
0.80575
3.28
1.7515
1.75275
0.8285
0.4035
1.281
0.4925
0.9895
1.82525
10.74525
2.59575
0.295
3.1005
1.8215
0.63725
1.06925
1.396
0.53025
0.682
1.78575
0.97275
2.29925
1.28775
0.67025
2.34225
1.70175
1.63275
2.25375
0.30675
0.29425
0.2435
0.5345
3.88275
6.269
1.40225
0.5825
0.801
0.58925
2.3825
0.88975
1.957
0.62725
1.8385
1.38525
0.5135
0.849
0.7915
0.65425
2.161
1.514
1.6365
1.66275
0.94125
0.22875
0.45475
1.377
5.07075
3.82225
1.1055
0.612
0.45825
0.83525
0.56075
2.2695
1.43
1.77
1.30475
0.646
0.81575
0.47075
0.409
1.18175

Diff:
1.86475
1.5385
2.3625
1.8435
4.07525
2.7865
2.0505
2.169
3.04475
7.97
1.02575
4.22325
2.3485
2.064
0.91125
2.07825
2.07325
1.7705
1.996
2.33275
3.002
2.60925
2.816
4.3805
4.588