Time-differences (millis):

0.001
0.037
0.08
0.0
0.001
0.04
0.001
0.027
0.023
0.532
0.001
0.0
0.001
0.001
0.0
0.001
0.03
0.001
0.0
0.016
0.018
0.018
0.012
0.032

2.724
1.235
1.593
1.599
1.357
0.039
1.943
0.265
3.858
4.856
0.042
1.889
0.142
1.414
1.774
1.055
1.151
1.692
1.199
2.176
0.652
0.037

2.30675
1.192
1.60375
2.08825
0.9785
0.96175
0.23475
0.61825
3.2535
4.88275
0.842
1.20275
0.9375
1.22725
0.9895
1.06125
1.5005
1.37525
1.4395
0.74725
1.206
0.63325
0.3865
0.89825

Test:	CR2_r+_1
Requests:	25
Success:	13
Used:   	9

Local times (milisec):
min:	0.0
max:	0.532
mean:	0.036375000000000005
median:	0.006500000000000001
stdev:	0.10731417204516434

Web server times (milisec):
min:	0.037
max:	4.856
mean:	1.486
median:	1.3855
stdev:	1.2001853825059496

App server times (milisec):
min:	0.23475
max:	4.88275
mean:	1.3569583333333333
median:	1.126625
stdev:	0.9881909268815487
diff:	1.86475