Time-differences (millis):

0.001
0.058
12.58
0.002
0.083
0.001
0.001
0.001
0.044
0.001
0.04
0.001
0.033
0.088
0.198
0.0
0.001
0.0
0.034
0.027
0.02
0.133
0.0
0.001

2.829
0.036
2.005
3.096
1.58
0.336
0.814
0.27
2.867
3.718
3.472
0.628
3.011
0.661
1.977
1.067
0.52
0.958
0.039
1.568
1.145
1.095

2.681
1.7215
1.4915
1.583
0.73025
0.27575
0.82575
0.3195
2.8425
4.00525
3.13575
0.65075
3.66825
0.49425
1.52225
1.018
0.8165
0.68975
0.49925
1.056
1.14975
1.10175
1.71125
1.47325

Test:	CR2_r+_7
Requests:	25
Success:	14
Used:   	7

Local times (milisec):
min:	0.0
max:	12.58
mean:	0.5561666666666667
median:	0.011
stdev:	2.561542498381492

Web server times (milisec):
min:	0.036
max:	3.718
mean:	1.5314545454545454
median:	1.12
stdev:	1.1661414488765411

App server times (milisec):
min:	0.27575
max:	4.00525
mean:	1.4776145833333334
median:	1.12575
stdev:	1.0518789838312703
diff:	2.0505