1555424967052457.0
1555424967052458.0
1555424967052516.0
1555424967065096.0
1555424967065098.0
1555424967065181.0
1555424967065182.0
1555424967065183.0
1555424967065184.0
1555424967065228.0
1555424967065229.0
1555424967065269.0
1555424967065270.0
1555424967065303.0
1555424967065391.0
1555424967065589.0
1555424967065589.0
1555424967065590.0
1555424967065590.0
1555424967065624.0
1555424967065651.0
1555424967065671.0
1555424967065804.0
1555424967065804.0
1555424967065805.0

1555424972009119.0
1555424972011948.0
1555424972011984.0
1555424972013989.0
1555424972017085.0
1555424972018665.0
1555424972019001.0
1555424972019815.0
1555424972020085.0
1555424972022952.0
1555424972026670.0
1555424972030142.0
1555424972030770.0
1555424972033781.0
1555424972034442.0
1555424972036419.0
1555424972037486.0
1555424972038006.0
1555424972038964.0
1555424972039003.0
1555424972040571.0
1555424972041716.0
1555424972042811.0

1555424972010704.5
1555424972013385.5
1555424972015107.0
1555424972016598.5
1555424972018181.5
1555424972018911.8
1555424972019187.5
1555424972020013.2
1555424972020332.8
1555424972023175.2
1555424972027180.5
1555424972030316.2
1555424972030967.0
1555424972034635.2
1555424972035129.5
1555424972036651.8
1555424972037669.8
1555424972038486.2
1555424972039176.0
1555424972039675.2
1555424972040731.2
1555424972041881.0
1555424972042982.8
1555424972044694.0
1555424972046167.2

25
14
7
