1555424894034305.0
1555424894034323.0
1555424894034330.0
1555424894034354.0
1555424894034359.0
1555424894034372.0
1555424894034379.0
1555424894034402.0
1555424894041307.0
1555424894041308.0
1555424894041308.0
1555424894041329.0
1555424894041334.0
1555424894041443.0
1555424894041444.0
1555424894041444.0
1555424894041456.0
1555424894041467.0
1555424894041489.0
1555424894041505.0
1555424894041523.0
1555424894041542.0
1555424894041561.0
1555424894041624.0
1555424894041630.0

1555424899017341.0
1555424899019764.0
1555424899021442.0
1555424899023055.0
1555424899024991.0
1555424899026613.0
1555424899026884.0
1555424899027110.0
1555424899027134.0
1555424899031460.0
1555424899037393.0
1555424899038756.0
1555424899039335.0
1555424899039896.0
1555424899040019.0
1555424899041417.0
1555424899042271.0
1555424899042764.0
1555424899045968.0
1555424899046028.0
1555424899048209.0
1555424899052722.0
1555424899053338.0
1555424899053889.0

1555424899018822.8
1555424899020925.0
1555424899022559.5
1555424899024488.0
1555424899026118.0
1555424899026810.5
1555424899027049.8
1555424899027305.5
1555424899027550.5
1555424899031650.2
1555424899037680.5
1555424899039010.5
1555424899039585.5
1555424899041116.2
1555424899041953.0
1555424899042357.2
1555424899042914.2
1555424899043301.8
1555424899046242.5
1555424899048394.5
1555424899052887.8
1555424899053582.5
1555424899054048.2
1555424899055413.2
1555424899058273.2

25
13
5
