Time-differences (millis):

0.009
0.391
0.242
0.02
0.019
1.76
2.464
0.036
0.033
0.03
0.038
0.43
0.011
4.437
0.196
6.403
0.08
1.688
0.068
0.371
0.048
0.42
0.008
0.392

1.909
0.281
5.272
1.648
1.392
0.037
0.633
0.994
2.416
5.752
1.488
0.118
0.26
1.686
3.132
0.583
1.317
0.039
2.785
0.916
1.601
2.647

2.00975
1.397
3.89725
2.30425
0.4285
1.05
1.297
1.0735
4.1125
1.60325
1.634
0.2445
0.44775
1.244
3.244
0.4765
1.66925
0.441
2.44825
1.1775
0.97625
0.578
1.077
0.94175

Test:	CR2_r+_13
Requests:	25
Success:	13
Used:   	4

Local times (milisec):
min:	0.008
max:	6.403
mean:	0.8164166666666667
median:	0.138
stdev:	1.5829018458587973

Web server times (milisec):
min:	0.037
max:	5.752
mean:	1.6775454545454545
median:	1.44
stdev:	1.5393355625158454

App server times (milisec):
min:	0.2445
max:	4.1125
mean:	1.49053125
median:	1.21075
stdev:	1.0569817527334202
diff:	2.3485