1555425045049075.0
1555425045049076.0
1555425045049139.0
1555425045049160.0
1555425045049175.0
1555425045049199.0
1555425045049230.0
1555425045049509.0
1555425045049509.0
1555425045049510.0
1555425045049510.0
1555425045049510.0
1555425045049511.0
1555425045049511.0
1555425045065240.0
1555425045065241.0
1555425045065377.0
1555425045065378.0
1555425045065379.0
1555425045065379.0
1555425045065380.0
1555425045065380.0
1555425045065407.0
1555425045065408.0
1555425045065547.0

1555425050010204.0
1555425050014594.0
1555425050015568.0
1555425050018943.0
1555425050019287.0
1555425050020168.0
1555425050059419.0

1555425050011795.5
1555425050014036.0
1555425050016752.8
1555425050018441.8
1555425050019187.5
1555425050019712.5
1555425050020386.0
1555425050021281.5
1555425050021993.8
1555425050026913.2
1555425050029291.5
1555425050030574.0
1555425050031063.0
1555425050031683.0
1555425050060339.0
1555425050071745.2
1555425050074451.2

25
3
2
