1555511881030601.0
1555511881030602.0
1555511881030632.0
1555511881030644.0
1555511881030659.0
1555511881030674.0
1555511881030700.0
1555511881030700.0
1555511881030710.0
1555511881030734.0
1555511881030734.0
1555511881030814.0
1555511881030814.0
1555511881030815.0
1555511881030830.0
1555511881030834.0
1555511881030849.0
1555511881030869.0
1555511881031759.0
1555511881031760.0
1555511881031772.0
1555511881031773.0
1555511881031787.0
1555511881031797.0
1555511881031819.0

1555511886016468.0
1555511886019162.0
1555511886020189.0
1555511886021935.0
1555511886023660.0
1555511886025424.0
1555511886025453.0
1555511886027630.0
1555511886028606.0
1555511886029712.0
1555511886041104.0
1555511886043774.0
1555511886043815.0
1555511886046280.0
1555511886046476.0
1555511886047783.0
1555511886050281.0
1555511886051913.0
1555511886051978.0
1555511886052727.0
1555511886055083.0
1555511886055992.0
1555511886058337.0

1555511886018089.8
1555511886021369.8
1555511886023121.2
1555511886024874.0
1555511886025702.5
1555511886026106.0
1555511886027387.0
1555511886027879.5
1555511886028869.0
1555511886030694.2
1555511886041439.5
1555511886044035.2
1555511886044330.2
1555511886047430.8
1555511886049252.2
1555511886049889.5
1555511886050958.8
1555511886052354.8
1555511886052885.0
1555511886053567.0
1555511886055352.8
1555511886056325.5
1555511886058624.8
1555511886059912.5
1555511886060582.8

25
12
6
