Time-differences (millis):

0.001
0.001
0.0
12.901
0.001
0.052
0.032
0.055
0.06
0.001
0.015
0.035
0.001
0.014
0.118
0.001
0.063
0.03
0.198
0.001
0.0
0.001
5.933
0.021

1.945
0.498
2.647
1.674
1.665
0.028
1.941
0.429
0.856
6.627
0.043
3.945
1.958
1.288
0.849
0.114
1.38
1.31
0.039
2.243
0.074
1.45
1.246
0.039

3.18825
1.722
1.69875
0.7285
0.27175
0.42025
1.2485
0.419
2.76875
4.73775
0.4375
5.4775
0.64775
0.873
0.73275
0.4475
0.92525
1.66275
0.4095
1.56175
0.69925
1.10275
0.98375
0.48575

Test:	CR2_r+_11
Requests:	25
Success:	15
Used:   	9

Local times (milisec):
min:	0.0
max:	12.901
mean:	0.8139583333333333
median:	0.018000000000000002
stdev:	2.8422744945793377

Web server times (milisec):
min:	0.028
max:	6.627
mean:	1.4286666666666665
median:	1.299
stdev:	1.4793454682705975

App server times (milisec):
min:	0.27175
max:	5.4775
mean:	1.40209375
median:	0.899125
stdev:	1.3627419246977046
diff:	1.02575