1555511813036221.0
1555511813036274.0
1555511813036283.0
1555511813036854.0
1555511813036926.0
1555511813036990.0
1555511813037040.0
1555511813037548.0
1555511813037574.0
1555511813060282.0
1555511813060359.0
1555511813060388.0
1555511813060416.0
1555511813060443.0
1555511813060465.0
1555511813060498.0
1555511813060584.0
1555511813060616.0
1555511813060625.0
1555511813060663.0
1555511813060724.0
1555511813060806.0
1555511813060867.0
1555511813060883.0
1555511813060913.0

1555511818015224.0
1555511818018467.0
1555511818019582.0
1555511818021328.0
1555511818022993.0
1555511818025667.0
1555511818026069.0
1555511818026096.0
1555511818026903.0
1555511818028828.0
1555511818040012.0
1555511818041177.0
1555511818041769.0
1555511818043000.0
1555511818043039.0
1555511818043073.0
1555511818047889.0
1555511818050323.0
1555511818052971.0
1555511818053008.0
1555511818054018.0
1555511818054612.0
1555511818059369.0
1555511818060288.0

1555511818016614.8
1555511818020794.2
1555511818022493.0
1555511818025112.2
1555511818026331.2
1555511818026815.5
1555511818027086.2
1555511818030058.8
1555511818031204.2
1555511818034213.8
1555511818040358.8
1555511818041357.8
1555511818042362.2
1555511818043224.2
1555511818043658.2
1555511818044086.5
1555511818048332.8
1555511818050475.5
1555511818053205.2
1555511818053720.5
1555511818054195.2
1555511818055394.0
1555511818059550.2
1555511818060586.5
1555511818060948.0

25
13
6
