1555425017047523.0
1555425017047523.0
1555425017047603.0
1555425017056632.0
1555425017056634.0
1555425017056678.0
1555425017056680.0
1555425017056718.0
1555425017056770.0
1555425017056793.0
1555425017056814.0
1555425017057123.0
1555425017057124.0
1555425017057125.0
1555425017057126.0
1555425017057127.0
1555425017057127.0
1555425017057128.0
1555425017057129.0
1555425017057130.0
1555425017057131.0
1555425017057132.0
1555425017057278.0
1555425017074021.0
1555425017074022.0

1555425022009932.0
1555425022012413.0
1555425022013433.0
1555425022015835.0
1555425022017476.0
1555425022019208.0
1555425022020897.0
1555425022021292.0
1555425022021863.0
1555425022028547.0
1555425022029806.0
1555425022031432.0
1555425022034096.0
1555425022035718.0
1555425022035840.0
1555425022037517.0
1555425022040343.0
1555425022042629.0
1555425022043970.0
1555425022045807.0
1555425022047606.0
1555425022048226.0
1555425022048749.0

1555425022011271.8
1555425022014645.0
1555425022016057.0
1555425022016935.8
1555425022018686.2
1555425022021187.8
1555425022021541.8
1555425022022991.5
1555425022028842.8
1555425022030529.0
1555425022031612.8
1555425022032341.2
1555425022034440.0
1555425022036095.0
1555425022037849.5
1555425022040606.5
1555425022041822.5
1555425022042836.0
1555425022044311.0
1555425022046280.8
1555425022048523.8
1555425022048879.0
1555425022049497.2
1555425022050670.0
1555425022051393.5

25
13
6
