1555425093038174.0
1555425093038175.0
1555425093038176.0
1555425093038176.0
1555425093051077.0
1555425093051078.0
1555425093051130.0
1555425093051162.0
1555425093051217.0
1555425093051277.0
1555425093051278.0
1555425093051293.0
1555425093051328.0
1555425093051329.0
1555425093051343.0
1555425093051461.0
1555425093051462.0
1555425093051525.0
1555425093051555.0
1555425093051753.0
1555425093051754.0
1555425093051754.0
1555425093051755.0
1555425093057688.0
1555425093057709.0

1555425098008811.0
1555425098010756.0
1555425098011254.0
1555425098013901.0
1555425098015575.0
1555425098017240.0
1555425098017268.0
1555425098019209.0
1555425098019638.0
1555425098020494.0
1555425098027121.0
1555425098027164.0
1555425098031109.0
1555425098033067.0
1555425098034355.0
1555425098035204.0
1555425098035318.0
1555425098036698.0
1555425098038008.0
1555425098038047.0
1555425098040290.0
1555425098040364.0
1555425098041814.0
1555425098043060.0
1555425098043099.0

1555425098010136.0
1555425098013324.2
1555425098015046.2
1555425098016745.0
1555425098017473.5
1555425098017745.2
1555425098018165.5
1555425098019414.0
1555425098019833.0
1555425098022601.8
1555425098027339.5
1555425098027777.0
1555425098033254.5
1555425098033902.2
1555425098034775.2
1555425098035508.0
1555425098035955.5
1555425098036880.8
1555425098038543.5
1555425098038953.0
1555425098040514.8
1555425098041214.0
1555425098042316.8
1555425098043300.5
1555425098043786.2

25
15
9
