Time-differences (millis):

0.087
0.119
0.189
0.011
0.027
0.009
0.019
0.007
0.021
0.016
0.017
0.016
0.019
0.016
0.016
0.055
0.021
0.051
0.037
0.017
0.016
0.016
0.015
0.015
212.503
0.001
5.073
0.001
0.0
0.071

2.659
1.527
1.646
1.638
1.927
0.247
0.382
0.036
5.282
4.899
1.139
0.555
0.042
1.058
0.914
2.241
1.461
2.746

2.161
1.514
1.6365
1.66275
0.94125
0.22875
0.45475
1.377
5.07075
3.82225
1.1055
0.612
0.45825
0.83525
0.56075
2.2695
1.43
1.77
1.30475
0.646
0.81575
0.47075
0.409
1.18175

Test:	CR2_r+_25
Requests:	25
Success:	11
Used:   	5

Local times (milisec):
min:	0.0
max:	212.503
mean:	7.282699999999999
median:	0.017
stdev:	38.77085796650134

Web server times (milisec):
min:	0.036
max:	5.282
mean:	1.6888333333333334
median:	1.494
stdev:	1.4859300217075382

App server times (milisec):
min:	0.22875
max:	5.07075
mean:	1.36409375
median:	1.1436250000000001
stdev:	1.1195493435649142
diff:	4.588