1555511929062928.0
1555511929063015.0
1555511929063134.0
1555511929063323.0
1555511929063334.0
1555511929063361.0
1555511929063370.0
1555511929063389.0
1555511929063396.0
1555511929063417.0
1555511929063433.0
1555511929063450.0
1555511929063466.0
1555511929063485.0
1555511929063501.0
1555511929063517.0
1555511929063572.0
1555511929063593.0
1555511929063644.0
1555511929063681.0
1555511929063698.0
1555511929063714.0
1555511929063730.0
1555511929063745.0
1555511929063760.0
1555511929276263.0
1555511929276264.0
1555511929281337.0
1555511929281338.0
1555511929281338.0
1555511929281409.0

1555511934015982.0
1555511934018641.0
1555511934020168.0
1555511934021814.0
1555511934023452.0
1555511934025379.0
1555511934025626.0
1555511934026008.0
1555511934026044.0
1555511934031326.0
1555511934036225.0
1555511934037364.0
1555511934037919.0
1555511934037961.0
1555511934039019.0
1555511934039933.0
1555511934042174.0
1555511934043635.0
1555511934046381.0

1555511934017644.2
1555511934019805.2
1555511934021319.2
1555511934022955.8
1555511934024618.5
1555511934025559.8
1555511934025788.5
1555511934026243.2
1555511934027620.2
1555511934032691.0
1555511934036513.2
1555511934037618.8
1555511934038230.8
1555511934038689.0
1555511934039524.2
1555511934040085.0
1555511934042354.5
1555511934043784.5
1555511934045554.5
1555511934046859.2
1555511934047505.2
1555511934048321.0
1555511934048791.8
1555511934049200.8
1555511934050382.5

25
11
5
