1555424843038138.0
1555424843038200.0
1555424843038278.0
1555424843038357.0
1555424843038454.0
1555424843038486.0
1555424843038575.0
1555424843038629.0
1555424843038788.0
1555424843038809.0
1555424843038840.0
1555424843038863.0
1555424843038890.0
1555424843038915.0
1555424843038942.0
1555424843038974.0
1555424843038987.0
1555424843039020.0
1555424843039047.0
1555424843039077.0
1555424843039104.0
1555424843039157.0
1555424843039188.0
1555424843039478.0
1555424843039479.0

1555424848018974.0
1555424848020810.0
1555424848022678.0
1555424848024174.0
1555424848026370.0
1555424848028003.0
1555424848028310.0
1555424848028348.0
1555424848031640.0
1555424848035483.0
1555424848036598.0
1555424848038791.0
1555424848040197.0
1555424848041177.0
1555424848042849.0
1555424848044343.0
1555424848045170.0
1555424848046789.0
1555424848048403.0
1555424848049244.0
1555424848050688.0
1555424848050729.0
1555424848052203.0
1555424848053563.0

1555424848022025.2
1555424848023823.5
1555424848025303.0
1555424848027513.0
1555424848028233.8
1555424848028514.2
1555424848028958.0
1555424848029589.2
1555424848032490.2
1555424848035699.5
1555424848037098.5
1555424848038973.0
1555424848040767.2
1555424848041851.5
1555424848043034.5
1555424848044595.8
1555424848046068.8
1555424848047242.2
1555424848048561.0
1555424848049910.2
1555424848050875.5
1555424848051325.2
1555424848052464.2
1555424848052905.2
1555424848053900.2

25
14
5
