Time-differences (millis):

0.0
0.0
8.923
0.143
0.002
0.001
0.045
0.001
0.029
0.011
0.007
0.182
0.001
0.0
0.001
0.0
0.0
0.001
0.0
0.0
0.001
0.0
0.087
0.018

2.057
1.738
1.702
2.02
1.653
0.337
0.33
0.832
1.755
8.854
0.166
2.199
0.733
0.593
0.617
1.373
1.635
2.62
0.04
0.973
0.6
3.037

1.89475
1.7325
2.02475
1.66375
0.7255
0.33575
0.2735
0.88275
6.42375
4.285
1.31775
0.918
0.691
0.707
1.306
0.911
1.98325
2.04525
0.448
0.55075
1.1645
1.0055
1.389
1.63125

Test:	CR2_r+_8
Requests:	25
Success:	14
Used:   	6

Local times (milisec):
min:	0.0
max:	8.923
mean:	0.393875
median:	0.001
stdev:	1.817321734873459

Web server times (milisec):
min:	0.04
max:	8.854
mean:	1.6301818181818182
median:	1.504
stdev:	1.8122852617978964

App server times (milisec):
min:	0.2735
max:	6.42375
mean:	1.5129270833333333
median:	1.2352500000000002
stdev:	1.3402350347070995
diff:	2.169