Time-differences (millis):

0.018
0.007
0.024
0.005
0.013
0.007
0.023
6.905
0.001
0.0
0.021
0.005
0.109
0.001
0.0
0.012
0.011
0.022
0.016
0.018
0.019
0.019
0.063
0.006

2.423
1.678
1.613
1.936
1.622
0.271
0.226
0.024
4.326
5.933
1.363
0.579
0.561
0.123
1.398
0.854
0.493
3.204
0.06
2.181
4.513
0.616
0.551

2.10225
1.6345
1.9285
1.63
0.6925
0.23925
0.25575
0.245
4.09975
6.03025
1.33
0.575
1.53075
0.83675
0.40425
0.557
0.3875
2.94075
2.152
4.49325
0.69475
0.46575
1.365
2.86

Test:	CR2_r+_4
Requests:	25
Success:	13
Used:   	5

Local times (milisec):
min:	0.0
max:	6.905
mean:	0.30520833333333336
median:	0.014499999999999999
stdev:	1.4059423570089506

Web server times (milisec):
min:	0.024
max:	5.933
mean:	1.5890434782608696
median:	1.363
stdev:	1.5833895023668476

App server times (milisec):
min:	0.23925
max:	6.03025
mean:	1.6437708333333334
median:	1.3475000000000001
stdev:	1.5098387689560608
diff:	1.8435