Time-differences (millis):

0.001
0.077
0.001
0.027
0.015
0.028
0.071
0.019
0.243
0.0
0.001
0.014
0.007
0.021
0.039
0.076
0.048
0.044
0.026
0.027
0.025
0.026
0.022
0.028

0.692
2.529
1.467
2.809
1.771
0.028
0.738
0.834
3.522
6.209
1.693
0.055
0.044
4.237
1.722
0.73
1.418
0.551
0.533
1.964
0.075
1.844
0.553

2.221
1.43425
1.15575
2.48725
0.4495
0.2825
1.5825
2.73
1.081
5.4575
1.5075
2.23175
0.71275
1.27075
2.4875
0.81725
0.5465
0.63325
1.14075
1.34225
0.403
1.5535
0.85975
0.54575

Test:	CR2_r+_19
Requests:	25
Success:	12
Used:   	6

Local times (milisec):
min:	0.0
max:	0.243
mean:	0.03691666666666667
median:	0.026
stdev:	0.04917132132228816

Web server times (milisec):
min:	0.028
max:	6.209
mean:	1.566
median:	1.418
stdev:	1.512609425042457

App server times (milisec):
min:	0.2825
max:	5.4575
mean:	1.4555624999999999
median:	1.21325
stdev:	1.1132239931691155
diff:	1.996