Time-differences (millis):

0.062
0.078
0.079
0.097
0.032
0.089
0.054
0.159
0.021
0.031
0.023
0.027
0.025
0.027
0.032
0.013
0.033
0.027
0.03
0.027
0.053
0.031
0.29
0.001

1.836
1.868
1.496
2.196
1.633
0.307
0.038
3.292
3.843
1.115
2.193
1.406
0.98
1.672
1.494
0.827
1.619
1.614
0.841
1.444
0.041
1.474
1.36

1.79825
1.4795
2.21
0.72075
0.2805
0.44375
0.63125
2.901
3.20925
1.399
1.8745
1.79425
1.08425
1.183
1.56125
1.473
1.1735
1.31875
1.34925
0.96525
0.44975
1.139
0.441
0.995

Test:	CR2_r+_2
Requests:	25
Success:	14
Used:   	5

Local times (milisec):
min:	0.001
max:	0.29
mean:	0.055875
median:	0.0315
stdev:	0.06054700832734268

Web server times (milisec):
min:	0.038
max:	3.843
mean:	1.5038695652173912
median:	1.494
stdev:	0.8794495336364895

App server times (milisec):
min:	0.2805
max:	3.20925
mean:	1.328125
median:	1.2508750000000002
stdev:	0.7314805675150734
diff:	1.5385