1555424814040112.0
1555424814040113.0
1555424814040150.0
1555424814040230.0
1555424814040230.0
1555424814040231.0
1555424814040271.0
1555424814040272.0
1555424814040299.0
1555424814040322.0
1555424814040854.0
1555424814040855.0
1555424814040855.0
1555424814040856.0
1555424814040857.0
1555424814040857.0
1555424814040858.0
1555424814040888.0
1555424814040889.0
1555424814040889.0
1555424814040905.0
1555424814040923.0
1555424814040941.0
1555424814040953.0
1555424814040985.0

1555424819016208.0
1555424819018932.0
1555424819020167.0
1555424819021760.0
1555424819023359.0
1555424819024716.0
1555424819024755.0
1555424819026698.0
1555424819026963.0
1555424819030821.0
1555424819035677.0
1555424819035719.0
1555424819037608.0
1555424819037750.0
1555424819039164.0
1555424819040938.0
1555424819041993.0
1555424819043144.0
1555424819044836.0
1555424819046035.0
1555424819048211.0
1555424819048863.0
1555424819048900.0

1555424819017765.5
1555424819020072.2
1555424819021264.2
1555424819022868.0
1555424819024956.2
1555424819025934.8
1555424819026896.5
1555424819027131.2
1555424819027749.5
1555424819031003.0
1555424819035885.8
1555424819036727.8
1555424819037930.5
1555424819038868.0
1555424819040095.2
1555424819041084.8
1555424819042146.0
1555424819043646.5
1555424819045021.8
1555424819046461.2
1555424819047208.5
1555424819048414.5
1555424819049047.8
1555424819049434.2
1555424819050332.5

25
13
9
