1555424918032047.0
1555424918038631.0
1555424918038632.0
1555424918038702.0
1555424918038703.0
1555424918038705.0
1555424918038752.0
1555424918038753.0
1555424918038776.0
1555424918038777.0
1555424918038797.0
1555424918038807.0
1555424918038815.0
1555424918038875.0
1555424918038918.0
1555424918038963.0
1555424918038994.0
1555424918039014.0
1555424918039046.0
1555424918039065.0
1555424918039089.0
1555424918039115.0
1555424918039154.0
1555424918039194.0
1555424918054578.0

1555424923019212.0
1555424923020192.0
1555424923021941.0
1555424923027581.0
1555424923029238.0
1555424923030871.0
1555424923031419.0
1555424923032202.0
1555424923033687.0
1555424923034420.0
1555424923036916.0
1555424923039419.0
1555424923039578.0
1555424923040075.0
1555424923043101.0
1555424923044176.0
1555424923045851.0
1555424923046771.0
1555424923048276.0
1555424923049548.0

1555424923021350.0
1555424923023096.0
1555424923024552.2
1555424923028741.5
1555424923030404.2
1555424923031083.2
1555424923031620.5
1555424923032389.0
1555424923036040.5
1555424923037074.2
1555424923039757.5
1555424923040303.0
1555424923040702.0
1555424923042156.8
1555424923043254.0
1555424923044343.2
1555424923046368.0
1555424923047444.5
1555424923048448.5
1555424923049135.2
1555424923049763.2
1555424923050196.2
1555424923051068.5
1555424923052619.0
1555424923053062.5

25
11
6
