Time-differences (millis):

4.621
0.058
0.008
11.231
0.102
0.022
0.019
0.115
0.0
0.0
0.001
0.0
0.026
0.2
0.001
0.034
0.021
0.015
0.037
0.035
0.038
0.028
0.021
0.017

1.347
2.031
1.216
3.161
0.079
2.402
0.533
2.531
1.32
6.62
0.688
3.584
0.782
0.049
1.675
0.056
1.717
1.807
1.093
4.748
0.683
0.913
1.576

3.17775
1.324
2.5975
0.77825
0.5575
0.18125
0.6895
1.6665
2.021
5.941
0.99875
3.39375
0.60625
0.51125
1.17875
0.81775
0.93225
1.8015
1.4545
4.4025
0.96825
0.97
1.5505
0.3695

Test:	CR2_r+_16
Requests:	25
Success:	14
Used:   	8

Local times (milisec):
min:	0.0
max:	11.231
mean:	0.69375
median:	0.024
stdev:	2.4318003574020772

Web server times (milisec):
min:	0.049
max:	6.62
mean:	1.765695652173913
median:	1.347
stdev:	1.5697768641313503

App server times (milisec):
min:	0.18125
max:	5.941
mean:	1.62040625
median:	1.08875
stdev:	1.389337486413899
diff:	2.07825