1555511790035801.0
1555511790035802.0
1555511790035879.0
1555511790035880.0
1555511790035907.0
1555511790035922.0
1555511790035950.0
1555511790036021.0
1555511790036040.0
1555511790036283.0
1555511790036283.0
1555511790036284.0
1555511790036298.0
1555511790036305.0
1555511790036326.0
1555511790036365.0
1555511790036441.0
1555511790036489.0
1555511790036533.0
1555511790036559.0
1555511790036586.0
1555511790036611.0
1555511790036637.0
1555511790036659.0
1555511790036687.0

1555511795015485.0
1555511795016177.0
1555511795018706.0
1555511795020173.0
1555511795022982.0
1555511795024753.0
1555511795024781.0
1555511795025519.0
1555511795026353.0
1555511795029875.0
1555511795036084.0
1555511795037777.0
1555511795037832.0
1555511795037876.0
1555511795042113.0
1555511795043835.0
1555511795044565.0
1555511795045983.0
1555511795046534.0
1555511795047067.0
1555511795049031.0
1555511795049106.0
1555511795050950.0
1555511795051503.0

1555511795017681.2
1555511795019902.2
1555511795021336.5
1555511795022492.2
1555511795024979.5
1555511795025429.0
1555511795025711.5
1555511795027294.0
1555511795030024.0
1555511795031105.0
1555511795036562.5
1555511795038070.0
1555511795040301.8
1555511795041014.5
1555511795042285.2
1555511795044772.8
1555511795045590.0
1555511795046136.5
1555511795046769.8
1555511795047910.5
1555511795049252.8
1555511795049655.8
1555511795051209.2
1555511795052069.0
1555511795052614.8

25
12
6
