1555511705034120.0
1555511705034145.0
1555511705034152.0
1555511705053409.0
1555511705053409.0
1555511705053410.0
1555511705053411.0
1555511705053527.0
1555511705053528.0
1555511705053528.0
1555511705053529.0
1555511705053529.0
1555511705053530.0
1555511705053530.0
1555511705053567.0
1555511705053567.0
1555511705079061.0
1555511705079099.0
1555511705079118.0
1555511705079143.0
1555511705079164.0
1555511705079211.0
1555511705079227.0
1555511705079243.0
1555511705079257.0

1555511710018704.0
1555511710020204.0
1555511710021992.0
1555511710023751.0
1555511710025477.0
1555511710027931.0
1555511710027961.0
1555511710028372.0
1555511710028895.0
1555511710034323.0
1555511710041089.0
1555511710042897.0
1555511710042940.0
1555511710044259.0
1555511710044391.0
1555511710045310.0
1555511710046406.0
1555511710047359.0
1555511710049001.0
1555511710050970.0
1555511710054371.0
1555511710055463.0
1555511710056005.0

1555511710020052.2
1555511710021368.5
1555511710023213.2
1555511710024953.2
1555511710026653.2
1555511710028270.2
1555511710028596.2
1555511710029145.5
1555511710029898.0
1555511710037911.0
1555511710041690.5
1555511710043128.8
1555511710043639.8
1555511710044575.5
1555511710044997.8
1555511710046042.2
1555511710046563.0
1555511710047582.2
1555511710049199.0
1555511710051645.2
1555511710053124.8
1555511710054740.5
1555511710055655.5
1555511710056330.2
1555511710057278.2

25
12
4
