Time-differences (millis):

0.0
0.08
9.029
0.002
0.044
0.002
0.038
0.052
0.023
0.021
0.309
0.001
0.001
0.001
0.001
0.0
0.001
0.001
0.001
0.001
0.001
0.146
16.743
0.001

2.481
1.02
2.402
1.641
1.732
1.689
0.395
0.571
6.684
1.259
1.626
2.664
1.622
0.122
1.677
2.826
2.286
1.341
1.837
1.799
0.62
0.523

3.37325
1.412
0.87875
1.7505
2.5015
0.354
1.44975
5.85125
1.68625
1.08375
0.7285
2.09875
1.655
1.7545
2.757
1.216
1.0135
1.475
1.96975
2.243
0.35525
0.61825
1.17275
0.7235

Test:	CR2_r+_9
Requests:	25
Success:	13
Used:   	6

Local times (milisec):
min:	0.0
max:	16.743
mean:	1.104125
median:	0.0015
stdev:	3.8034478101539944

Web server times (milisec):
min:	0.122
max:	6.684
mean:	1.7644090909090908
median:	1.659
stdev:	1.3317165313659736

App server times (milisec):
min:	0.354
max:	5.85125
mean:	1.6717395833333333
median:	1.4623750000000002
stdev:	1.165239899910442
diff:	3.04475