1555511675031006.0
1555511675035627.0
1555511675035685.0
1555511675035693.0
1555511675046924.0
1555511675047026.0
1555511675047048.0
1555511675047067.0
1555511675047182.0
1555511675047182.0
1555511675047182.0
1555511675047183.0
1555511675047183.0
1555511675047209.0
1555511675047409.0
1555511675047410.0
1555511675047444.0
1555511675047465.0
1555511675047480.0
1555511675047517.0
1555511675047552.0
1555511675047590.0
1555511675047618.0
1555511675047639.0
1555511675047656.0

1555511680015586.0
1555511680016933.0
1555511680018964.0
1555511680020180.0
1555511680023341.0
1555511680023420.0
1555511680025822.0
1555511680026355.0
1555511680028886.0
1555511680030206.0
1555511680036826.0
1555511680037514.0
1555511680041098.0
1555511680041880.0
1555511680041929.0
1555511680043604.0
1555511680043660.0
1555511680045377.0
1555511680047184.0
1555511680048277.0
1555511680053025.0
1555511680053708.0
1555511680054621.0
1555511680056197.0

1555511680018191.8
1555511680021369.5
1555511680022693.5
1555511680025291.0
1555511680026069.2
1555511680026626.8
1555511680026808.0
1555511680027497.5
1555511680029164.0
1555511680031185.0
1555511680037126.0
1555511680038124.8
1555511680041518.5
1555511680042124.8
1555511680042636.0
1555511680043814.8
1555511680044632.5
1555511680045564.8
1555511680047366.2
1555511680048820.8
1555511680053223.2
1555511680054191.5
1555511680055161.5
1555511680056712.0
1555511680057081.5

25
14
8
