1555511903030954.0
1555511903031063.0
1555511903031166.0
1555511903031168.0
1555511903031169.0
1555511903031202.0
1555511903031435.0
1555511903031436.0
1555511903031451.0
1555511903031458.0
1555511903031484.0
1555511903031485.0
1555511903031492.0
1555511903031517.0
1555511903031518.0
1555511903031525.0
1555511903031548.0
1555511903036336.0
1555511903036416.0
1555511903036417.0
1555511903036417.0
1555511903036417.0
1555511903036428.0
1555511903036462.0
1555511903036489.0

1555511908015456.0
1555511908018269.0
1555511908019980.0
1555511908021661.0
1555511908023280.0
1555511908024759.0
1555511908024788.0
1555511908025436.0
1555511908025718.0
1555511908029963.0
1555511908036221.0
1555511908036386.0
1555511908037608.0
1555511908037723.0
1555511908037769.0
1555511908041461.0
1555511908042648.0
1555511908044970.0
1555511908045599.0
1555511908048874.0

1555511908017111.8
1555511908019454.0
1555511908021155.8
1555511908022788.5
1555511908025042.2
1555511908025349.0
1555511908025643.2
1555511908025886.8
1555511908026421.2
1555511908030304.0
1555511908036573.0
1555511908037975.2
1555511908038557.8
1555511908039358.8
1555511908039948.0
1555511908042330.5
1555511908043220.2
1555511908045177.2
1555511908045804.5
1555511908047643.0
1555511908049028.2
1555511908049541.8
1555511908050390.8
1555511908051182.2
1555511908051836.5

25
14
6
