1555425142042097.0
1555425142042106.0
1555425142042497.0
1555425142042739.0
1555425142042759.0
1555425142042778.0
1555425142044538.0
1555425142047002.0
1555425142047038.0
1555425142047071.0
1555425142047101.0
1555425142047139.0
1555425142047569.0
1555425142047580.0
1555425142052017.0
1555425142052213.0
1555425142058616.0
1555425142058696.0
1555425142060384.0
1555425142060452.0
1555425142060823.0
1555425142060871.0
1555425142061291.0
1555425142061299.0
1555425142061691.0

1555425147009993.0
1555425147011902.0
1555425147012183.0
1555425147017455.0
1555425147019103.0
1555425147020495.0
1555425147020532.0
1555425147021165.0
1555425147022159.0
1555425147024575.0
1555425147030327.0
1555425147031815.0
1555425147031933.0
1555425147032193.0
1555425147033879.0
1555425147037011.0
1555425147037594.0
1555425147038911.0
1555425147038950.0
1555425147041735.0
1555425147042651.0
1555425147044252.0
1555425147046899.0

1555425147011297.5
1555425147013307.2
1555425147014704.2
1555425147018601.5
1555425147020905.8
1555425147021334.2
1555425147022384.2
1555425147023681.2
1555425147024754.8
1555425147028867.2
1555425147030470.5
1555425147032104.5
1555425147032349.0
1555425147032796.8
1555425147034040.8
1555425147037284.8
1555425147037761.2
1555425147039430.5
1555425147039871.5
1555425147042319.8
1555425147043497.2
1555425147044473.5
1555425147045051.5
1555425147046128.5
1555425147047070.2

25
13
4
