Time-differences (millis):

0.002
0.049
0.028
0.078
0.016
0.015
0.018
0.017
0.051
0.037
0.177
0.0
0.019
0.0
0.021
0.011
0.033
0.001
0.015
0.035
0.0
0.011
0.033
2.073

1.651
0.346
0.372
5.204
1.747
0.433
0.62
0.038
4.267
2.981
2.218
1.759
2.239
0.951
1.588
0.526
0.557
1.62
0.131
0.038
2.088
0.967
2.519
0.534

2.274
1.6455
1.231
2.3125
0.692
1.10525
0.85475
0.825
2.57875
3.94875
2.4685
0.5025
2.37475
0.862
1.6185
0.4485
0.923
1.451
0.2345
0.65225
1.17525
0.9635
2.6025
0.4445

Test:	CR2_r+_15
Requests:	25
Success:	14
Used:   	5

Local times (milisec):
min:	0.0
max:	2.073
mean:	0.11416666666666667
median:	0.0185
stdev:	0.4188416393347009

Web server times (milisec):
min:	0.038
max:	5.204
mean:	1.47475
median:	1.2775
stdev:	1.3219774138042961

App server times (milisec):
min:	0.2345
max:	3.94875
mean:	1.42453125
median:	1.14025
stdev:	0.92454734315872
diff:	0.91125