1555511767033248.0
1555511767033250.0
1555511767033283.0
1555511767033318.0
1555511767033350.0
1555511767033362.0
1555511767033375.0
1555511767033452.0
1555511767033452.0
1555511767033559.0
1555511767033560.0
1555511767033560.0
1555511767033573.0
1555511767033578.0
1555511767033603.0
1555511767033604.0
1555511767033611.0
1555511767033636.0
1555511767033636.0
1555511767033643.0
1555511767033666.0
1555511767033674.0
1555511767033753.0
1555511767041039.0
1555511767041187.0

1555511772023929.0
1555511772025882.0
1555511772027356.0
1555511772028175.0
1555511772029833.0
1555511772031462.0
1555511772031485.0
1555511772035502.0
1555511772035827.0
1555511772036109.0
1555511772041705.0
1555511772045657.0
1555511772047103.0
1555511772048733.0
1555511772049763.0
1555511772050664.0
1555511772050730.0
1555511772051746.0
1555511772052199.0
1555511772053026.0
1555511772054006.0
1555511772054400.0
1555511772058967.0
1555511772059092.0

1555511772025271.8
1555511772029309.0
1555511772030961.8
1555511772031709.8
1555511772032305.0
1555511772032939.0
1555511772033967.0
1555511772035734.8
1555511772036032.8
1555511772036304.8
1555511772044332.0
1555511772046221.5
1555511772047851.0
1555511772048943.0
1555511772050348.8
1555511772050959.5
1555511772051381.0
1555511772051980.2
1555511772052625.2
1555511772053381.5
1555511772054820.0
1555511772055218.0
1555511772058098.2
1555511772059247.8
1555511772060304.8

25
12
4
