Time-differences (millis):

0.05
0.019
0.031
0.029
0.028
0.02
0.208
0.001
0.0
0.001
0.0
0.001
0.0
0.0
0.001
0.0
0.0
0.043
0.0
1.341
0.029
0.024
2.656
0.012

1.028
2.19
1.487
1.68
2.322
0.909
0.428
0.863
1.982
6.68
2.448
0.042
2.365
1.043
0.553
1.322
1.407
0.146
0.621
0.836
1.917
1.429

2.052
1.4605
1.2175
2.453
0.2705
1.03
0.98275
2.7075
1.13725
4.1395
2.43675
0.454
1.91
1.11725
0.991
0.80925
1.5665
0.9645
0.46225
0.66475
1.31925
1.39225
1.3195
0.80575

Test:	CR2_r+_22
Requests:	25
Success:	13
Used:   	5

Local times (milisec):
min:	0.0
max:	2.656
mean:	0.18725
median:	0.0155
stdev:	0.5921089977507447

Web server times (milisec):
min:	0.042
max:	6.68
mean:	1.5317272727272728
median:	1.3645
stdev:	1.3539785530346933

App server times (milisec):
min:	0.2705
max:	4.1395
mean:	1.4026458333333334
median:	1.177375
stdev:	0.8665413037292802
diff:	2.60925