1555425201043323.0
1555425201043325.0
1555425201043374.0
1555425201043402.0
1555425201043480.0
1555425201043496.0
1555425201043511.0
1555425201043529.0
1555425201043546.0
1555425201043597.0
1555425201043634.0
1555425201043811.0
1555425201043811.0
1555425201043830.0
1555425201043830.0
1555425201043851.0
1555425201043862.0
1555425201043895.0
1555425201043896.0
1555425201043911.0
1555425201043946.0
1555425201043946.0
1555425201043957.0
1555425201043990.0
1555425201046063.0

1555425206014587.0
1555425206016238.0
1555425206016584.0
1555425206016956.0
1555425206022160.0
1555425206023907.0
1555425206024340.0
1555425206024960.0
1555425206024998.0
1555425206029265.0
1555425206032246.0
1555425206034464.0
1555425206036223.0
1555425206038462.0
1555425206039413.0
1555425206041001.0
1555425206041527.0
1555425206042084.0
1555425206043704.0
1555425206043835.0
1555425206043873.0
1555425206045961.0
1555425206046928.0
1555425206049447.0
1555425206049981.0

1555425206015935.0
1555425206018209.0
1555425206019854.5
1555425206021085.5
1555425206023398.0
1555425206024090.0
1555425206025195.2
1555425206026050.0
1555425206026875.0
1555425206029453.8
1555425206033402.5
1555425206035871.0
1555425206036373.5
1555425206038748.2
1555425206039610.2
1555425206041228.8
1555425206041677.2
1555425206042600.2
1555425206044051.2
1555425206044285.8
1555425206044938.0
1555425206046113.2
1555425206047076.8
1555425206049679.2
1555425206050123.8

25
14
5
