Time-differences (millis):

0.053
0.009
0.571
0.072
0.064
0.05
0.508
0.026
22.708
0.077
0.029
0.028
0.027
0.022
0.033
0.086
0.032
0.009
0.038
0.061
0.082
0.061
0.016
0.03

3.243
1.115
1.746
1.665
2.674
0.402
0.027
0.807
1.925
11.184
1.165
0.592
1.231
0.039
0.034
4.816
2.434
2.648
0.037
1.01
0.594
4.757
0.919

4.1795
1.69875
2.61925
1.219
0.48425
0.27075
2.9725
1.1455
3.0095
6.145
0.999
1.0045
0.862
0.434
0.42825
4.24625
2.14275
2.72975
0.51525
0.47475
1.19875
4.15625
1.03625
0.3615

Test:	CR2_r+_20
Requests:	25
Success:	13
Used:   	6

Local times (milisec):
min:	0.009
max:	22.708
mean:	1.0288333333333333
median:	0.044
stdev:	4.6198244147573835

Web server times (milisec):
min:	0.027
max:	11.184
mean:	1.959304347826087
median:	1.165
stdev:	2.433123888688677

App server times (milisec):
min:	0.27075
max:	6.145
mean:	1.84721875
median:	1.1721249999999999
stdev:	1.5836555285857177
diff:	2.33275