1555425117037882.0
1555425117037883.0
1555425117037948.0
1555425117037949.0
1555425117037949.0
1555425117037964.0
1555425117037983.0
1555425117037994.0
1555425117038027.0
1555425117038331.0
1555425117038367.0
1555425117038448.0
1555425117038472.0
1555425117038489.0
1555425117038504.0
1555425117038521.0
1555425117038712.0
1555425117038713.0
1555425117038713.0
1555425117038714.0
1555425117038715.0
1555425117038715.0
1555425117038716.0
1555425117038716.0
1555425117038743.0

1555425122009071.0
1555425122011741.0
1555425122012183.0
1555425122013903.0
1555425122016835.0
1555425122018462.0
1555425122018490.0
1555425122019062.0
1555425122019966.0
1555425122022128.0
1555425122027632.0
1555425122029911.0
1555425122031271.0
1555425122032314.0
1555425122033996.0
1555425122034043.0
1555425122035773.0
1555425122036836.0
1555425122038042.0
1555425122039528.0

1555425122010503.2
1555425122013377.5
1555425122015046.2
1555425122016349.5
1555425122017979.5
1555425122018684.0
1555425122018970.5
1555425122019294.5
1555425122020222.2
1555425122024245.5
1555425122027837.5
1555425122030173.5
1555425122031455.5
1555425122032959.5
1555425122034224.2
1555425122034700.8
1555425122036007.0
1555425122037012.5
1555425122038196.2
1555425122039694.0
1555425122040855.0
1555425122042281.2
1555425122043104.8
1555425122043794.8
1555425122045094.0

25
12
6
