1555511859034329.0
1555511859034379.0
1555511859034398.0
1555511859034429.0
1555511859034458.0
1555511859034486.0
1555511859034506.0
1555511859034714.0
1555511859034715.0
1555511859034715.0
1555511859034716.0
1555511859034716.0
1555511859034717.0
1555511859034717.0
1555511859034717.0
1555511859034718.0
1555511859034718.0
1555511859034718.0
1555511859034761.0
1555511859034761.0
1555511859036102.0
1555511859036131.0
1555511859036155.0
1555511859038811.0
1555511859038823.0

1555511864015468.0
1555511864016496.0
1555511864018686.0
1555511864020173.0
1555511864021853.0
1555511864024175.0
1555511864025084.0
1555511864025512.0
1555511864026375.0
1555511864028357.0
1555511864035037.0
1555511864037485.0
1555511864037527.0
1555511864039892.0
1555511864040935.0
1555511864041488.0
1555511864042810.0
1555511864044217.0
1555511864044363.0
1555511864044984.0
1555511864045820.0
1555511864047737.0
1555511864049166.0

1555511864017813.0
1555511864019865.0
1555511864021325.5
1555511864022543.0
1555511864024996.0
1555511864025266.5
1555511864026296.5
1555511864027279.2
1555511864029986.8
1555511864031124.0
1555511864035263.5
1555511864037700.2
1555511864038154.2
1555511864040064.2
1555511864041181.5
1555511864042172.5
1555511864042981.8
1555511864044548.2
1555511864045512.8
1555511864045975.0
1555511864046639.8
1555511864047959.0
1555511864049351.2
1555511864050670.8
1555511864051476.5

25
13
5
