1555425177048213.0
1555425177048214.0
1555425177048215.0
1555425177048215.0
1555425177048216.0
1555425177048375.0
1555425177048375.0
1555425177048376.0
1555425177048377.0
1555425177048378.0
1555425177048378.0
1555425177048378.0
1555425177048379.0
1555425177048461.0
1555425177048462.0
1555425177048463.0
1555425177048463.0
1555425177048464.0
1555425177048759.0
1555425177048760.0
1555425177048760.0
1555425177048760.0
1555425177048761.0
1555425177048761.0
1555425177048761.0

1555425182009489.0
1555425182011423.0
1555425182012863.0
1555425182014527.0
1555425182016149.0
1555425182019266.0
1555425182019632.0
1555425182020039.0
1555425182020933.0
1555425182022440.0
1555425182030574.0
1555425182030624.0
1555425182031784.0
1555425182031825.0
1555425182032648.0
1555425182034608.0
1555425182034681.0
1555425182035646.0
1555425182038882.0
1555425182039140.0
1555425182040073.0
1555425182041335.0
1555425182044501.0

1555425182010801.5
1555425182014005.8
1555425182015638.8
1555425182017263.0
1555425182018198.2
1555425182019538.0
1555425182019817.2
1555425182020287.5
1555425182021193.5
1555425182024151.2
1555425182030997.2
1555425182031458.0
1555425182032066.5
1555425182032318.8
1555425182032824.8
1555425182034920.5
1555425182035341.8
1555425182036306.0
1555425182039030.2
1555425182039313.0
1555425182039720.0
1555425182040295.0
1555425182041495.2
1555425182044388.0
1555425182048364.2

25
11
7
