Time-differences (millis):

0.025
0.007
19.257
0.0
0.001
0.001
0.116
0.001
0.0
0.001
0.0
0.001
0.0
0.037
0.0
25.494
0.038
0.019
0.025
0.021
0.047
0.016
0.016
0.014

1.5
1.788
1.759
1.726
2.454
0.03
0.411
0.523
5.428
6.766
1.808
0.043
1.319
0.132
0.919
1.096
0.953
1.642
1.969
3.401
1.092
0.542

1.31625
1.84475
1.74
1.7
1.617
0.326
0.54925
0.7525
8.013
3.7795
1.43825
0.511
0.93575
0.42225
1.0445
0.52075
1.01925
1.61675
2.44625
1.4795
1.61575
0.915
0.67475
0.948

Test:	CR2_r+_17
Requests:	25
Success:	12
Used:   	4

Local times (milisec):
min:	0.0
max:	25.494
mean:	1.8807083333333334
median:	0.015
stdev:	6.379000347465974

Web server times (milisec):
min:	0.03
max:	6.766
mean:	1.6955
median:	1.4095
stdev:	1.6560380070977783

App server times (milisec):
min:	0.326
max:	8.013
mean:	1.5510833333333334
median:	1.180375
stdev:	1.5710383935658514
diff:	2.07325