1555511834030556.0
1555511834030642.0
1555511834030642.0
1555511834030643.0
1555511834030643.0
1555511834030658.0
1555511834030661.0
1555511834030674.0
1555511834030687.0
1555511834031513.0
1555511834031520.0
1555511834031542.0
1555511834035942.0
1555511834036843.0
1555511834036874.0
1555511834036898.0
1555511834036915.0
1555511834036939.0
1555511834036983.0
1555511834036997.0
1555511834037042.0
1555511834037067.0
1555511834037085.0
1555511834037104.0
1555511834037124.0

1555511839014815.0
1555511839016484.0
1555511839018453.0
1555511839020106.0
1555511839021756.0
1555511839023392.0
1555511839023416.0
1555511839023690.0
1555511839026455.0
1555511839028122.0
1555511839035001.0
1555511839036316.0
1555511839036448.0
1555511839036488.0
1555511839038353.0
1555511839039611.0
1555511839039651.0
1555511839041872.0
1555511839043536.0
1555511839043866.0
1555511839044596.0
1555511839047666.0

1555511839017688.0
1555511839019584.2
1555511839021251.8
1555511839022893.5
1555511839023619.2
1555511839023856.2
1555511839024643.0
1555511839025299.5
1555511839026667.2
1555511839029766.5
1555511839035760.8
1555511839036659.5
1555511839037108.5
1555511839037553.5
1555511839039223.0
1555511839039802.5
1555511839041100.2
1555511839042737.2
1555511839044047.5
1555511839044748.8
1555511839045647.0
1555511839046957.0
1555511839047367.2
1555511839047834.0
1555511839048799.2

25
13
5
