Time-differences (millis):

0.002
0.033
0.035
0.032
0.012
0.013
0.077
0.0
0.107
0.001
0.0
0.013
0.005
0.025
0.001
0.007
0.025
0.0
0.007
0.023
0.008
0.079
7.286
0.148

1.953
1.474
0.819
1.658
1.629
0.023
4.017
0.325
0.282
5.596
3.952
1.446
1.63
1.03
0.901
0.066
1.016
0.453
0.827
0.98
0.394
4.567
0.125

4.03725
1.65275
0.748
0.59525
0.634
1.028
1.76775
0.298
0.272
8.02725
1.8895
1.6295
1.092
1.40575
0.61075
0.4215
0.59925
0.645
0.75625
1.4385
0.398
2.88025
1.1495
1.057

Test:	CR2_r+_18
Requests:	25
Success:	12
Used:   	4

Local times (milisec):
min:	0.0
max:	7.286
mean:	0.33079166666666665
median:	0.013
stdev:	1.4819340470910087

Web server times (milisec):
min:	0.023
max:	5.596
mean:	1.5288260869565218
median:	1.016
stdev:	1.5387811484824285

App server times (milisec):
min:	0.272
max:	8.02725
mean:	1.4597083333333334
median:	1.0425
stdev:	1.6450712398124197
diff:	1.7705