1554292721033600.0
1554292721033622.0
1554292721033632.0
1554292721033643.0
1554292721033653.0
1554292721033663.0
1554292721033672.0
1554292721033682.0
1554292721033692.0
1554292721033702.0
1554292721033713.0
1554292721033722.0
1554292721033732.0
1554292721033742.0
1554292721033752.0
1554292721033763.0
1554292721033773.0
1554292721033783.0
1554292721033792.0
1554292721033803.0
1554292721033812.0
1554292721033824.0
1554292721033834.0
1554292721033845.0
1554292721035333.0

1554292725887195.0
1554292725888644.0
1554292725888671.0
1554292725888760.0
1554292725888819.0
1554292725891753.0
1554292725895256.0
1554292725897924.0
1554292725899966.0
1554292725900955.0
1554292725902401.0
1554292725905349.0
1554292725905804.0
1554292725906718.0
1554292725909257.0
1554292725909352.0
1554292725909551.0
1554292725913462.0
1554292725914269.0
1554292725916928.0
1554292725918180.0
1554292725919401.0
1554292725922200.0
1554292725923313.0
1554292725924536.0

1554292725890608.5
1554292725890615.5
1554292725892598.8
1554292725893378.0
1554292725895688.2
1554292725898326.2
1554292725900373.2
1554292725901326.8
1554292725902081.8
1554292725905732.5
1554292725906089.8
1554292725907113.8
1554292725910254.5
1554292725910849.8
1554292725914001.0
1554292725914150.0
1554292725914821.8
1554292725914860.8
1554292725917289.2
1554292725919924.8
1554292725922596.0
1554292725923935.0
1554292725925738.2
1554292725929403.2
1554292725936316.2

25
11
7
