1554127257030283.0
1554127257030310.0
1554127257030344.0
1554127257030356.0
1554127257030366.0
1554127257030376.0
1554127257030386.0
1554127257030396.0
1554127257030406.0
1554127257030415.0
1554127257030424.0
1554127257030433.0
1554127257030442.0
1554127257030453.0
1554127257030462.0
1554127257030471.0
1554127257030480.0
1554127257030489.0
1554127257030499.0
1554127257030536.0
1554127257030549.0
1554127257030560.0
1554127257030568.0
1554127257030578.0
1554127257030588.0

1554127261997838.0
1554127261998207.0
1554127261998244.0
1554127262002072.0
1554127262005133.0
1554127262005770.0
1554127262007869.0
1554127262012455.0
1554127262013826.0
1554127262014999.0
1554127262015228.0
1554127262017694.0
1554127262020950.0
1554127262021888.0
1554127262022517.0
1554127262023323.0
1554127262027437.0
1554127262028153.0
1554127262029478.0
1554127262030548.0
1554127262032181.0
1554127262034188.0
1554127262036887.0
1554127262039210.0
1554127262040449.0

1554127262000650.0
1554127262000978.5
1554127262003858.8
1554127262003858.8
1554127262005456.8
1554127262007608.0
1554127262008186.5
1554127262014023.8
1554127262015399.8
1554127262016062.8
1554127262017936.5
1554127262021544.0
1554127262021597.2
1554127262023102.2
1554127262023554.2
1554127262027787.2
1554127262028412.5
1554127262029720.5
1554127262030788.5
1554127262032609.0
1554127262034577.8
1554127262036239.2
1554127262037546.5
1554127262039576.5
1554127262041890.8

25
16
9
