\Success codes:
16
14
12
13
13
9
14
11
16
13
10
15
13
11
11

Vouchers used:
9
11
5
8
5
5
8
8
9
10
6
6
8
10
7

Ratio:
1.7777777777777777
1.2727272727272727
2.4
1.625
2.6
1.8
1.75
1.375
1.7777777777777777
1.3
1.6666666666666667
2.5
1.625
1.1
1.5714285714285714

Local:
0.016
0.006
0.007
0.006
0.01
0.011
0.009
0.011
0.009
0.01
0.011
0.011
0.01
0.01
0.012
0.01
0.01
0.009
0.01
0.01
0.009
0.01
0.01
0.011
0.013
0.006
0.006
0.006
0.007
0.01
0.008
0.009
0.009
0.009
0.008
0.008
0.008
0.008
0.009
0.008
0.009
0.009
0.01
0.008
0.009
0.01
0.008
0.012
0.015
0.007
0.008
0.007
0.01
0.009
0.01
0.01
0.009
0.01
0.01
0.009
0.01
0.009
0.011
0.009
0.01
0.01
0.01
0.038
0.011
0.01
0.01
0.01
0.02
0.011
0.01
0.01
0.009
0.009
0.009
0.009
0.009
0.007
0.01
0.009
0.008
0.009
0.008
0.008
98.756
0.017
1.543
0.018
0.009
0.008
0.009
0.017
0.015
0.007
0.007
0.007
0.009
0.009
0.009
0.009
0.009
0.009
0.009
0.008
0.009
0.008
0.008
0.01
0.008
0.009
0.01
0.009
0.009
0.01
97.014
0.013
0.013
0.006
0.006
0.006
0.008
0.009
0.009
0.008
0.008
0.009
0.009
0.009
0.009
0.008
0.009
0.008
0.008
0.009
0.01
0.009
0.009
0.034
0.013
0.009
0.015
0.007
0.007
0.007
0.008
0.011
0.009
0.01
0.009
0.009
0.008
0.01
0.009
0.009
0.009
0.008
0.009
0.01
0.01
0.01
0.009
0.011
0.04
0.01
0.012
0.007
0.006
0.006
0.008
0.01
0.008
0.009
0.008
0.009
0.01
0.01
0.008
0.008
0.009
0.009
0.008
0.009
0.009
0.01
0.009
0.009
0.01
0.034
0.027
0.034
0.012
0.01
0.01
0.01
0.01
0.01
0.009
0.009
0.009
0.009
0.011
0.009
0.009
0.009
0.009
0.01
0.037
0.013
0.011
0.008
0.01
0.01
0.012
0.005
0.006
0.005
0.006
0.006
0.006
0.006
0.006
0.005
0.007
0.005
0.006
108.537
0.014
1.755
0.012
0.007
0.013
0.017
0.01
0.01
0.01
0.05
0.016
0.013
0.01
0.008
0.009
0.009
0.008
0.01
0.007
0.006
0.006
0.007
0.006
0.006
0.007
0.007
0.005
0.007
0.005
75.035
0.013
0.007
0.006
0.013
0.009
0.009
0.008
0.01
0.009
0.009
0.009
0.009
0.009
0.009
0.009
0.01
0.009
0.009
0.01
0.01
1.151
99.261
0.013
0.894
0.017
0.01
0.481
0.014
0.007
0.006
0.006
0.006
0.007
0.008
0.01
0.01
0.009
0.009
0.009
0.009
0.006
0.007
0.006
0.007
0.006
0.005
0.006
0.006
0.006
0.007
0.006
0.087
0.121
0.047
0.029
0.021
0.017
0.031
0.072
0.015
0.012
0.131
0.063
0.02
0.021
0.033
0.016
0.033
0.041
0.023
0.009
0.036
0.035
0.015
0.016
0.022
0.01
0.011
0.01
0.01
0.009
0.01
0.01
0.01
0.011
0.009
0.01
0.01
0.01
0.011
0.01
0.01
0.009
0.011
0.009
0.012
0.01
0.011
1.488

Web:
0.32
3.58
0.092
0.197
0.95
0.061
0.027
3.008
0.919
1.707
0.941
1.119
1.367
1.629
2.921
2.831
0.972
3.457
3.07
2.498
0.639
1.509
0.503
5.099
0.785
0.438
0.165
3.001
0.048
3.974
0.095
0.869
0.091
10.756
2.385
0.535
2.296
2.114
0.559
3.333
2.34
2.241
1.591
0.621
2.051
1.869
2.147
0.072
0.05
3.454
0.082
0.073
2.373
1.373
2.299
0.997
0.812
1.96
6.146
0.69
5.448
0.676
2.98
0.366
0.372
2.829
2.007
0.484
0.81
5.112
1.456
0.188
1.385
2.497
1.079
4.216
0.045
1.088
0.493
2.186
0.054
0.71
0.796
3.868
0.35
0.963
2.826
1.639
1.27
1.434
0.693
2.109
1.155
1.702
1.68
2.196
0.089
0.781
0.857
0.037
5.116
1.267
2.308
2.481
3.876
3.634
2.321
1.06
1.656
0.864
1.045
1.984
0.596
7.356
1.464
3.171
8.518
0.096
2.05
1.258
0.69
1.338
0.044
0.022
0.021
5.629
10.499
9.538
0.993
2.388
1.22
3.713
3.568
0.283
8.542
12.95
1.992
0.049
0.036
1.347
2.476
1.309
2.696
1.729
0.312
0.621
0.83
0.731
4.367
0.272
2.188
0.307
4.44
0.429
0.585
2.198
0.947
0.609
1.41
3.062
0.423
2.462
0.889
0.052
0.039
0.012
0.006
9.238
1.504
0.928
6.11
1.82
1.686
1.528
1.292
0.081
4.972
2.268
2.587
0.239
4.892
0.928
10.203
0.369
0.037
3.828
3.061
0.637
2.099
4.586
1.371
1.173
0.229
2.466
3.256
0.938
0.629
0.806
4.114
0.716
1.325
1.07
1.633
2.007
2.699
2.323
1.239
0.657
2.876
0.465
0.048
0.916
0.176
2.567
6.302
2.451
0.496
1.578
0.527
0.037
2.244
1.096
1.62
0.607
0.77
3.463
1.587
1.955
0.42
0.514
2.936
9.015
0.03
1.248
3.012
1.278
0.256
3.27
1.163
4.958
0.803
0.518
3.095
0.389
2.992
0.693
1.683
3.489
0.943
6.182
0.332
1.737
2.855
7.568
0.556
0.111
1.583
0.057
3.34
6.006
0.667
1.214
3.61
0.706
0.906
1.29
0.251
0.263
0.372
1.188
1.528
1.252
2.278
1.328
0.947
4.102
0.032
0.196
0.664
1.07
4.164
1.87
1.434
0.156
0.54
0.049
0.03
3.34
0.645
5.763
0.933
2.643
1.294
2.317
0.781
1.009
0.218
4.287
0.307
0.225
2.986
0.487
4.151
3.552
0.558
0.088
2.491
1.648
4.13
3.123
13.319
7.276
2.336
0.154
6.676
5.942
11.848
8.083
10.961
9.7
1.656
3.022
1.031
7.676
14.195
1.449
0.027
0.089
0.059
2.934
3.503
2.668
2.042
0.989
1.446
2.948
0.455
0.914
2.539
0.095
0.199
3.911
0.807
2.659
1.252
1.221
2.799
1.113
1.223

App:
0.43075
1.84675
1.485
1.21275
2.23425
1.96525
1.849
0.88425
0.37575
2.08875
1.06025
1.59575
0.156
2.78625
0.69625
1.853
1.6655
3.6515
2.03525
0.97825
1.049
0.037
0.46675
8.84675
0.1615
3.36325
2.64225
0.1025
0.624
5.1245
0.219
2.68375
2.18275
0.01675
2.898
0.469
1.75175
2.724
1.64425
1.624
2.32225
2.2365
1.652
0.75975
0.0095
2.031
2.003
2.16525
0.0015
1.6915
2.983
1.6005
0.62275
1.591
3.81225
0.002
2.5605
0.7445
5.6115
3.201
0.9795
0.8865
1.92
0.71
0.45
2.174
2.784
0.627
3.6005
0.54325
0.88425
1.424
1.045
1.48775
2.02375
2.8865
0.9555
0.9555
2.4205
0.04125
1.037
1.6595
2.20275
0.709
0.522
1.3835
0.07325
1.404
1.91575
0.68975
1.55775
0.712
2.188
1.15075
4.1855
1.989
2.6325
1.0685
1.8895
0.418
1.73175
1.1555
3.32525
1.9285
0.6445
3.9705
3.52125
2.68425
3.308
0.9075
0.632
0.49625
0.951
0.028
1.36925
6.481
1.535
3.41225
6.028
2.30275
0.1015
1.77425
0.151
4.2845
1.211
0.55
1.88575
0.1485
4.242
5.88375
9.4835
1.5525
2.002
4.71825
3.95775
0.138
0.532
5.997
14.839
1.37025
2.792
0.01175
5.399
8.105
1.07675
1.4585
0.16625
0.9505
4.22825
1.72175
0.5725
1.61975
0.52275
2.5575
1.346
0.5015
2.07675
0.242
0.9475
3.88275
0.57475
0.2155
2.009
1.5305
0.113
1.31725
2.1775
2.9625
0.2735
0.91325
2.45025
0.042
3.5445
1.9535
0.601
1.75675
1.38675
7.0
0.54475
1.21425
1.8545
1.4155
1.60625
5.323
1.7635
2.84175
0.11125
0.397
5.1795
3.39825
1.925
4.90075
0.3285
2.88025
0.0
1.598
2.15125
0.5785
5.83725
1.376
0.663
1.87375
3.6075
0.05325
1.505
0.452
4.233
0.62525
1.308
1.068
1.8205
1.96875
1.6615
1.30725
2.03
2.31425
0.5345
4.48625
0.02175
1.1825
0.27475
0.03425
0.3885
5.5275
2.52425
2.1095
0.348
0.0805
3.41225
1.68
1.31025
2.34925
1.3075
1.48225
3.1035
0.97
1.03825
1.852
3.82725
3.034
7.171
2.14425
0.9985
1.06425
3.3345
2.85125
0.4695
4.34475
0.69925
0.466
0.27025
3.0095
0.186
3.28725
0.44925
1.63125
3.57025
0.92675
6.56
0.67475
2.11325
1.94475
7.45125
2.13375
0.08025
1.19125
2.22225
0.63975
4.057
2.5125
2.838
1.39775
0.4495
1.29275
0.38225
1.18025
1.4975
1.4855
0.7045
1.359
1.30425
2.05575
2.3765
1.05775
1.257
0.906
9.176
0.86225
4.24
0.39625
2.00325
0.131
1.53325
2.595
0.06
0.60575
0.56525
4.42575
0.917
0.76025
1.82075
1.2805
2.37025
0.79875
1.3395
1.166
3.66775
0.38925
2.5515
2.9735
6.85225
0.007
3.495
2.38875
2.294
12.3015
9.84525
0.49625
6.3895
0.509
2.42825
0.65025
7.4165
0.12
4.68275
6.156
7.01225
6.73825
16.58925
3.7465
1.64825
3.3925
0.714
7.90025
14.18925
0.007
1.98325
0.77925
2.31025
2.638
2.047
0.9535
0.755
3.65075
0.35725
1.024
3.14075
0.59525
3.15125
0.149
0.67175
0.039
2.4285
2.6355
2.67125
1.339
1.80325
3.665
6.913

Diff:
3.76075
3.77975
3.765
3.10425
3.95625
11.9805
3.00175
3.41625
1.857
3.0835
1.4045
3.3605
3.40575
6.91475
4.3765