1554126970016847.0
1554126970016867.0
1554126970016878.0
1554126970016888.0
1554126970016898.0
1554126970016907.0
1554126970016916.0
1554126970016925.0
1554126970016934.0
1554126970016943.0
1554126970016950.0
1554126970016960.0
1554126970016969.0
1554126970016977.0
1554126970016986.0
1554126970016994.0
1554126970017002.0
1554126970115758.0
1554126970115775.0
1554126970117318.0
1554126970117336.0
1554126970117345.0
1554126970117353.0
1554126970117362.0
1554126970117379.0

1554126975006424.0
1554126975006612.0
1554126975007997.0
1554126975010494.0
1554126975011573.0
1554126975015789.0
1554126975015834.0
1554126975016922.0
1554126975017415.0
1554126975019601.0
1554126975019655.0
1554126975020365.0
1554126975021161.0
1554126975025029.0
1554126975025379.0
1554126975026342.0
1554126975029168.0
1554126975030807.0
1554126975032077.0
1554126975033511.0
1554126975034204.0
1554126975036313.0
1554126975037468.0
1554126975039170.0

1554126975008856.0
1554126975009901.0
1554126975011388.8
1554126975013412.5
1554126975016299.0
1554126975017254.5
1554126975018210.0
1554126975020630.5
1554126975020671.8
1554126975021708.8
1554126975023368.2
1554126975025571.0
1554126975026280.0
1554126975026802.0
1554126975028185.5
1554126975028258.8
1554126975029662.8
1554126975031578.5
1554126975032268.2
1554126975033826.0
1554126975034538.0
1554126975036726.0
1554126975037876.8
1554126975042062.2
1554126975044051.2

25
13
8
