1554127303014233.0
1554127303014245.0
1554127303014250.0
1554127303014256.0
1554127303014261.0
1554127303014267.0
1554127303014273.0
1554127303014279.0
1554127303014285.0
1554127303014291.0
1554127303014296.0
1554127303014303.0
1554127303014308.0
1554127303014314.0
1554127303122851.0
1554127303122865.0
1554127303124620.0
1554127303124632.0
1554127303124639.0
1554127303124652.0
1554127303124669.0
1554127303124679.0
1554127303124689.0
1554127303124699.0

1554127307996038.0
1554127307996695.0
1554127307999571.0
1554127308000036.0
1554127308000084.0
1554127308001000.0
1554127308001176.0
1554127308003743.0
1554127308010045.0
1554127308012496.0
1554127308012992.0
1554127308014570.0
1554127308015097.0
1554127308015134.0
1554127308017378.0
1554127308018474.0
1554127308020094.0
1554127308020701.0
1554127308021471.0
1554127308024934.0
1554127308026521.0
1554127308028476.0
1554127308028896.0
1554127308029410.0

1554127307997798.2
1554127307998332.8
1554127308002819.0
1554127308002840.8
1554127308004023.2
1554127308004298.0
1554127308004332.2
1554127308004720.8
1554127308010248.2
1554127308012772.5
1554127308014882.0
1554127308015230.0
1554127308015310.5
1554127308018722.8
1554127308020402.8
1554127308021713.0
1554127308024062.2
1554127308025369.8
1554127308026852.0
1554127308029955.5
1554127308030925.5
1554127308031963.8
1554127308033815.8
1554127308037643.0

25
13
10
