Time-differences (millis):

0.016
0.006
0.007
0.006
0.01
0.011
0.009
0.011
0.009
0.01
0.011
0.011
0.01
0.01
0.012
0.01
0.01
0.009
0.01
0.01
0.009
0.01
0.01
0.011

0.32
3.58
0.092
0.197
0.95
0.061
0.027
3.008
0.919
1.707
0.941
1.119
1.367
1.629
2.921
2.831
0.972
3.457
3.07
2.498
0.639
1.509
0.503
5.099

0.43075
1.84675
1.485
1.21275
2.23425
1.96525
1.849
0.88425
0.37575
2.08875
1.06025
1.59575
0.156
2.78625
0.69625
1.853
1.6655
3.6515
2.03525
0.97825
1.049
0.037
0.46675
8.84675

Test:	CR_f+_1
Requests:	25
Success:	16
Used:   	9

Local times (milisec):
min:	0.006
max:	0.016
mean:	0.009916666666666667
median:	0.01
stdev:	0.0019763089590064797

Web server times (milisec):
min:	0.027
max:	5.099
mean:	1.6423333333333334
median:	1.2429999999999999
stdev:	1.361757325845084

App server times (milisec):
min:	0.037
max:	8.84675
mean:	1.71875
median:	1.540375
stdev:	1.7458029297618953
diff:	3.76075