Time-differences (millis):

0.015
0.007
0.008
0.007
0.01
0.009
0.01
0.01
0.009
0.01
0.01
0.009
0.01
0.009
0.011
0.009
0.01
0.01
0.01
0.038
0.011
0.01
0.01
0.01

0.072
0.05
3.454
0.082
0.073
2.373
1.373
2.299
0.997
0.812
1.96
6.146
0.69
5.448
0.676
2.98
0.366
0.372
2.829
2.007
0.484
0.81
5.112
1.456

0.0015
1.6915
2.983
1.6005
0.62275
1.591
3.81225
0.002
2.5605
0.7445
5.6115
3.201
0.9795
0.8865
1.92
0.71
0.45
2.174
2.784
0.627
3.6005
0.54325
0.88425
1.424

Test:	CR_f+_3
Requests:	25
Success:	12
Used:   	5

Local times (milisec):
min:	0.007
max:	0.038
mean:	0.010916666666666667
median:	0.01
stdev:	0.005963050478948904

Web server times (milisec):
min:	0.05
max:	6.146
mean:	1.788375
median:	1.185
stdev:	1.771778566312246

App server times (milisec):
min:	0.0015
max:	5.6115
mean:	1.7252083333333335
median:	1.5074999999999998
stdev:	1.3872665876265196
diff:	3.765