Time-differences (millis):

0.012
0.007
0.006
0.006
0.008
0.01
0.008
0.009
0.008
0.009
0.01
0.01
0.008
0.008
0.009
0.009
0.008
0.009
0.009
0.01
0.009
0.009
0.01
0.034

0.423
2.462
0.889
0.052
0.039
0.012
0.006
9.238
1.504
0.928
6.11
1.82
1.686
1.528
1.292
0.081
4.972
2.268
2.587
0.239
4.892
0.928
10.203

0.2735
0.91325
2.45025
0.042
3.5445
1.9535
0.601
1.75675
1.38675
7.0
0.54475
1.21425
1.8545
1.4155
1.60625
5.323
1.7635
2.84175
0.11125
0.397
5.1795
3.39825
1.925
4.90075

Test:	CR_f+_8
Requests:	25
Success:	11
Used:   	8

Local times (milisec):
min:	0.006
max:	0.034
mean:	0.009791666666666667
median:	0.009
stdev:	0.005324097528478759

Web server times (milisec):
min:	0.006
max:	10.203
mean:	2.3547391304347824
median:	1.504
stdev:	2.868121704299163

App server times (milisec):
min:	0.042
max:	7.0
mean:	2.183197916666667
median:	1.760125
stdev:	1.8516035940373397
diff:	3.41625