1554292593021606.0
1554292593021619.0
1554292593021628.0
1554292593021637.0
1554292593021645.0
1554292593021655.0
1554292593021664.0
1554292593021673.0
1554292593021682.0
1554292593021691.0
1554292593021700.0
1554292593021709.0
1554292593021718.0
1554292593021728.0
1554292593021737.0
1554292593021746.0
1554292593021756.0
1554292593021766.0
1554292593022917.0
1554292593122178.0
1554292593122191.0
1554292593123085.0
1554292593123102.0
1554292593123112.0
1554292593123593.0

1554292597886736.0
1554292597887292.0
1554292597887403.0
1554292597888986.0
1554292597889043.0
1554292597892383.0
1554292597898389.0
1554292597899056.0
1554292597900270.0
1554292597903880.0
1554292597904586.0
1554292597905492.0
1554292597906782.0
1554292597907033.0
1554292597907296.0
1554292597907668.0
1554292597908856.0
1554292597910384.0
1554292597911636.0
1554292597913914.0
1554292597915242.0
1554292597916189.0
1554292597920291.0
1554292597920323.0
1554292597920519.0

1554292597888686.8
1554292597890820.5
1554292597890900.8
1554292597892092.0
1554292597894314.2
1554292597894954.0
1554292597899011.0
1554292597901523.5
1554292597904361.5
1554292597905759.2
1554292597906208.8
1554292597907501.5
1554292597907883.8
1554292597909064.0
1554292597910561.5
1554292597912047.0
1554292597912751.5
1554292597914110.5
1554292597915414.8
1554292597917470.5
1554292597919847.0
1554292597920904.8
1554292597922161.8
1554292597923067.8
1554292597932243.8

25
15
6
