Time-differences (millis):

0.015
0.007
0.007
0.007
0.009
0.009
0.009
0.009
0.009
0.009
0.009
0.008
0.009
0.008
0.008
0.01
0.008
0.009
0.01
0.009
0.009
0.01
97.014
0.013

1.68
2.196
0.089
0.781
0.857
0.037
5.116
1.267
2.308
2.481
3.876
3.634
2.321
1.06
1.656
0.864
1.045
1.984
0.596
7.356
1.464
3.171
8.518

2.6325
1.0685
1.8895
0.418
1.73175
1.1555
3.32525
1.9285
0.6445
3.9705
3.52125
2.68425
3.308
0.9075
0.632
0.49625
0.951
0.028
1.36925
6.481
1.535
3.41225
6.028
2.30275

Test:	CR_f+_5
Requests:	25
Success:	13
Used:   	5

Local times (milisec):
min:	0.007
max:	97.014
mean:	4.051
median:	0.009
stdev:	19.801036160854768

Web server times (milisec):
min:	0.037
max:	8.518
mean:	2.3633478260869567
median:	1.68
stdev:	2.156100090624393

App server times (milisec):
min:	0.028
max:	6.481
mean:	2.1842083333333333
median:	1.810625
stdev:	1.6817188729849062
diff:	3.95625