Time-differences (millis):

0.014
0.007
0.006
0.006
0.006
0.007
0.008
0.01
0.01
0.009
0.009
0.009
0.009
0.006
0.007
0.006
0.007
0.006
0.005
0.006
0.006
0.006
0.007
0.006

0.664
1.07
4.164
1.87
1.434
0.156
0.54
0.049
0.03
3.34
0.645
5.763
0.933
2.643
1.294
2.317
0.781
1.009
0.218
4.287
0.307
0.225
2.986

0.86225
4.24
0.39625
2.00325
0.131
1.53325
2.595
0.06
0.60575
0.56525
4.42575
0.917
0.76025
1.82075
1.2805
2.37025
0.79875
1.3395
1.166
3.66775
0.38925
2.5515
2.9735
6.85225

Test:	CR2_f+_13
Requests:	25
Success:	13
Used:   	8

Local times (milisec):
min:	0.005
max:	0.014
mean:	0.007416666666666667
median:	0.007
stdev:	0.0020198292365760863

Web server times (milisec):
min:	0.03
max:	5.763
mean:	1.5967391304347827
median:	1.009
stdev:	1.5804861512548285

App server times (milisec):
min:	0.06
max:	6.85225
mean:	1.8460416666666666
median:	1.31
stdev:	1.6441495995794
diff:	3.40575