Time-differences (millis):

0.013
0.009
0.009
0.008
0.01
0.009
0.009
0.009
0.009
0.009
0.009
0.009
0.01
0.009
0.009
0.01
0.01
1.151
99.261
0.013
0.894
0.017
0.01
0.481

0.556
0.111
1.583
0.057
3.34
6.006
0.667
1.214
3.61
0.706
0.906
1.29
0.251
0.263
0.372
1.188
1.528
1.252
2.278
1.328
0.947
4.102
0.032
0.196

2.13375
0.08025
1.19125
2.22225
0.63975
4.057
2.5125
2.838
1.39775
0.4495
1.29275
0.38225
1.18025
1.4975
1.4855
0.7045
1.359
1.30425
2.05575
2.3765
1.05775
1.257
0.906
9.176

Test:	CR2_f+_12
Requests:	25
Success:	15
Used:   	6

Local times (milisec):
min:	0.008
max:	99.261
mean:	4.249458333333333
median:	0.0095
stdev:	20.239558869095433

Web server times (milisec):
min:	0.032
max:	6.006
mean:	1.407625
median:	1.0675
stdev:	1.4852653053154892

App server times (milisec):
min:	0.08025
max:	9.176
mean:	1.814875
median:	1.3316249999999998
stdev:	1.8004084666372602
diff:	3.3605