1554292559115604.0
1554292559115654.0
1554292559115670.0
1554292559115683.0
1554292559115693.0
1554292559115701.0
1554292559115710.0
1554292559115719.0
1554292559115727.0
1554292559115737.0
1554292559115744.0
1554292559115750.0
1554292559115756.0
1554292559115763.0
1554292559115769.0
1554292559115775.0
1554292559115782.0
1554292559115789.0
1554292559115794.0
1554292559115801.0
1554292559115806.0
1554292559190841.0
1554292559190854.0
1554292559190861.0
1554292559190867.0

1554292563887523.0
1554292563890459.0
1554292563899474.0
1554292563899504.0
1554292563900752.0
1554292563903764.0
1554292563905042.0
1554292563905298.0
1554292563908568.0
1554292563909731.0
1554292563914689.0
1554292563915492.0
1554292563916010.0
1554292563919105.0
1554292563919494.0
1554292563922486.0
1554292563923179.0
1554292563924862.0
1554292563928351.0
1554292563929294.0
1554292563935476.0
1554292563935808.0
1554292563937545.0
1554292563940400.0
1554292563947968.0

1554292563889746.0
1554292563892780.0
1554292563899951.0
1554292563902095.2
1554292563903093.8
1554292563904158.0
1554292563907492.5
1554292563910343.8
1554292563910813.2
1554292563915158.0
1554292563915857.2
1554292563916323.2
1554292563916593.5
1554292563919603.0
1554292563919789.0
1554292563923076.2
1554292563923525.5
1554292563925156.8
1554292563928727.0
1554292563929653.8
1554292563936213.8
1554292563936888.5
1554292563939001.8
1554292563940946.5
1554292563948397.8

25
10
6
