1554126776071603.0
1554126776071619.0
1554126776071625.0
1554126776071632.0
1554126776071638.0
1554126776071648.0
1554126776071659.0
1554126776071668.0
1554126776071679.0
1554126776071688.0
1554126776071698.0
1554126776071709.0
1554126776071720.0
1554126776071730.0
1554126776071740.0
1554126776071752.0
1554126776071762.0
1554126776071772.0
1554126776071781.0
1554126776071791.0
1554126776071801.0
1554126776071810.0
1554126776071820.0
1554126776071830.0
1554126776071841.0

1554126730940009.0
1554126730940329.0
1554126730943909.0
1554126730944001.0
1554126730944198.0
1554126730945148.0
1554126730945209.0
1554126730945236.0
1554126730948244.0
1554126730949163.0
1554126730950870.0
1554126730951811.0
1554126730952930.0
1554126730954297.0
1554126730955926.0
1554126730958847.0
1554126730961678.0
1554126730962650.0
1554126730966107.0
1554126730969177.0
1554126730971675.0
1554126730972314.0
1554126730973823.0
1554126730974326.0
1554126730979425.0

1554126730942194.5
1554126730942625.2
1554126730944472.0
1554126730945957.0
1554126730947169.8
1554126730949404.0
1554126730951369.2
1554126730953218.2
1554126730954102.5
1554126730954478.2
1554126730956567.0
1554126730957627.2
1554126730959223.0
1554126730959379.0
1554126730962165.2
1554126730962861.5
1554126730964714.5
1554126730966380.0
1554126730970031.5
1554126730972066.8
1554126730973045.0
1554126730974094.0
1554126730974131.0
1554126730974597.8
1554126730983444.5

25
16
9
