1554127202016565.0
1554127202016577.0
1554127202016584.0
1554127202016590.0
1554127202016596.0
1554127202016604.0
1554127202016614.0
1554127202016622.0
1554127202016631.0
1554127202016639.0
1554127202016648.0
1554127202016658.0
1554127202016668.0
1554127202016676.0
1554127202016684.0
1554127202016693.0
1554127202016702.0
1554127202016710.0
1554127202016719.0
1554127202016728.0
1554127202016738.0
1554127202016747.0
1554127202016756.0
1554127202016766.0
1554127202016800.0

1554127206999169.0
1554127206999592.0
1554127207002054.0
1554127207002943.0
1554127207002995.0
1554127207003034.0
1554127207003046.0
1554127207003052.0
1554127207012290.0
1554127207013794.0
1554127207014722.0
1554127207020832.0
1554127207022652.0
1554127207024338.0
1554127207025866.0
1554127207027158.0
1554127207027239.0
1554127207032211.0
1554127207034479.0
1554127207037066.0
1554127207037305.0
1554127207042197.0
1554127207043125.0
1554127207053328.0

1554127207001213.0
1554127207001486.5
1554127207002399.8
1554127207004850.0
1554127207004892.0
1554127207008436.5
1554127207010390.0
1554127207010991.0
1554127207012747.8
1554127207014134.5
1554127207021134.5
1554127207021679.2
1554127207022893.5
1554127207024748.0
1554127207026163.5
1554127207027769.8
1554127207033092.8
1554127207034856.2
1554127207037698.0
1554127207037809.2
1554127207038206.2
1554127207043385.8
1554127207046784.0
1554127207048709.0
1554127207053609.8

25
11
8
