1554127028016843.0
1554127028016858.0
1554127028016865.0
1554127028016872.0
1554127028016879.0
1554127028016888.0
1554127028016897.0
1554127028016906.0
1554127028016915.0
1554127028016924.0
1554127028016933.0
1554127028016942.0
1554127028016950.0
1554127028016959.0
1554127028016967.0
1554127028016975.0
1554127028016985.0
1554127028016993.0
1554127028017002.0
1554127028017012.0
1554127028017021.0
1554127028017030.0
1554127028017040.0
1554127028114054.0
1554127028114067.0

1554127033003906.0
1554127033005586.0
1554127033007782.0
1554127033007871.0
1554127033008652.0
1554127033009509.0
1554127033009546.0
1554127033014662.0
1554127033015929.0
1554127033018237.0
1554127033020718.0
1554127033024594.0
1554127033028228.0
1554127033030549.0
1554127033031609.0
1554127033033265.0
1554127033034129.0
1554127033035174.0
1554127033037158.0
1554127033037754.0
1554127033045110.0
1554127033046574.0
1554127033049745.0
1554127033058263.0

1554127033006321.8
1554127033008954.2
1554127033010022.8
1554127033011912.2
1554127033012330.2
1554127033014062.0
1554127033015217.5
1554127033018542.8
1554127033020471.2
1554127033021115.8
1554127033025086.2
1554127033028607.5
1554127033031291.8
1554127033034599.8
1554127033035507.2
1554127033036139.2
1554127033036635.5
1554127033037586.5
1554127033037614.5
1554127033038983.8
1554127033045464.8
1554127033046999.8
1554127033050412.0
1554127033056440.0
1554127033058742.8

25
13
5
