1554127113018068.0
1554127113018081.0
1554127113018087.0
1554127113018093.0
1554127113018099.0
1554127113018107.0
1554127113018116.0
1554127113018125.0
1554127113018133.0
1554127113018141.0
1554127113018150.0
1554127113018159.0
1554127113018168.0
1554127113018177.0
1554127113018185.0
1554127113018194.0
1554127113018202.0
1554127113018210.0
1554127113018219.0
1554127113018229.0
1554127113018238.0
1554127113018247.0
1554127113018281.0
1554127113018294.0
1554127113018303.0

1554127118001637.0
1554127118001733.0
1554127118003783.0
1554127118005041.0
1554127118005731.0
1554127118007069.0
1554127118007113.0
1554127118007135.0
1554127118007156.0
1554127118012785.0
1554127118023284.0
1554127118032822.0
1554127118033815.0
1554127118036203.0
1554127118037423.0
1554127118041136.0
1554127118044704.0
1554127118044987.0
1554127118053529.0
1554127118066479.0

1554127118003429.5
1554127118003531.0
1554127118005305.2
1554127118005456.2
1554127118009740.8
1554127118010951.8
1554127118011501.8
1554127118013387.5
1554127118013536.0
1554127118017778.0
1554127118023661.8
1554127118033145.2
1554127118034697.8
1554127118036699.8
1554127118041418.0
1554127118045375.8
1554127118045513.8
1554127118046045.8
1554127118052042.8
1554127118066881.8
1554127118068252.0
1554127118071044.0
1554127118071055.8
1554127118076454.8
1554127118084559.8

25
9
5
