1554292637016649.0
1554292637016663.0
1554292637016670.0
1554292637016676.0
1554292637016682.0
1554292637016688.0
1554292637016695.0
1554292637016703.0
1554292637016713.0
1554292637016723.0
1554292637016732.0
1554292637016741.0
1554292637016750.0
1554292637016759.0
1554292637016765.0
1554292637016772.0
1554292637016778.0
1554292637016785.0
1554292637016791.0
1554292637016796.0
1554292637016802.0
1554292637016808.0
1554292637016814.0
1554292637016821.0
1554292637016827.0

1554292641886982.0
1554292641887646.0
1554292641888716.0
1554292641892880.0
1554292641894750.0
1554292641896184.0
1554292641896340.0
1554292641896880.0
1554292641896929.0
1554292641896959.0
1554292641900299.0
1554292641900944.0
1554292641906707.0
1554292641907640.0
1554292641910283.0
1554292641911577.0
1554292641913894.0
1554292641914675.0
1554292641915684.0
1554292641915902.0
1554292641920189.0
1554292641920496.0
1554292641920721.0
1554292641923707.0

1554292641889602.8
1554292641890465.0
1554292641894705.0
1554292641895101.2
1554292641897104.5
1554292641897235.5
1554292641898768.8
1554292641901363.8
1554292641901423.8
1554292641902029.5
1554292641902594.8
1554292641907020.5
1554292641907937.5
1554292641908697.8
1554292641910518.5
1554292641911799.0
1554292641914169.2
1554292641914968.0
1554292641916307.5
1554292641917473.5
1554292641921141.2
1554292641921530.5
1554292641924082.0
1554292641927055.5
1554292641933907.8

25
13
8
