Time-differences (millis):

0.015
0.007
0.007
0.007
0.008
0.011
0.009
0.01
0.009
0.009
0.008
0.01
0.009
0.009
0.009
0.008
0.009
0.01
0.01
0.01
0.009
0.011
0.04
0.01

1.992
0.049
0.036
1.347
2.476
1.309
2.696
1.729
0.312
0.621
0.83
0.731
4.367
0.272
2.188
0.307
4.44
0.429
0.585
2.198
0.947
0.609
1.41
3.062

1.07675
1.4585
0.16625
0.9505
4.22825
1.72175
0.5725
1.61975
0.52275
2.5575
1.346
0.5015
2.07675
0.242
0.9475
3.88275
0.57475
0.2155
2.009
1.5305
0.113
1.31725
2.1775
2.9625

Test:	CR_f+_7
Requests:	25
Success:	14
Used:   	8

Local times (milisec):
min:	0.007
max:	0.04
mean:	0.010583333333333333
median:	0.009
stdev:	0.006480181604182742

Web server times (milisec):
min:	0.036
max:	4.44
mean:	1.4559166666666667
median:	1.128
stdev:	1.258892885475746

App server times (milisec):
min:	0.113
max:	4.22825
mean:	1.4487916666666667
median:	1.331625
stdev:	1.1205395261703823
diff:	3.00175