1554292681020624.0
1554292681020711.0
1554292681020832.0
1554292681020879.0
1554292681020908.0
1554292681020929.0
1554292681020946.0
1554292681020977.0
1554292681021049.0
1554292681021064.0
1554292681021076.0
1554292681021207.0
1554292681021270.0
1554292681021290.0
1554292681021311.0
1554292681021344.0
1554292681021360.0
1554292681021393.0
1554292681021434.0
1554292681021457.0
1554292681021466.0
1554292681021502.0
1554292681021537.0
1554292681021552.0
1554292681021568.0

1554292685888099.0
1554292685888586.0
1554292685892737.0
1554292685896289.0
1554292685896847.0
1554292685896935.0
1554292685899426.0
1554292685901074.0
1554292685905204.0
1554292685908327.0
1554292685921646.0
1554292685928922.0
1554292685931258.0
1554292685931412.0
1554292685938088.0
1554292685944030.0
1554292685955878.0
1554292685963961.0
1554292685974922.0
1554292685984622.0
1554292685986278.0
1554292685989300.0
1554292685990331.0
1554292685998007.0
1554292686012202.0

1554292685891646.8
1554292685891653.8
1554292685895148.8
1554292685897537.5
1554292685899831.5
1554292685912133.0
1554292685921978.2
1554292685922474.5
1554292685928864.0
1554292685929373.0
1554292685931801.2
1554292685932451.5
1554292685939868.0
1554292685939988.0
1554292685944670.8
1554292685950826.8
1554292685957839.0
1554292685964577.2
1554292685981166.5
1554292685984913.0
1554292685986561.2
1554292685989953.8
1554292685990667.8
1554292685998568.0
1554292686012757.2

25
11
10
