1554126825017051.0
1554126825017064.0
1554126825017070.0
1554126825017076.0
1554126825017082.0
1554126825017089.0
1554126825017099.0
1554126825017107.0
1554126825017116.0
1554126825017125.0
1554126825017134.0
1554126825017142.0
1554126825017150.0
1554126825017158.0
1554126825017166.0
1554126825017175.0
1554126825017183.0
1554126825017192.0
1554126825017201.0
1554126825017211.0
1554126825017219.0
1554126825017228.0
1554126825017238.0
1554126825017246.0
1554126825017258.0

1554126830011516.0
1554126830012301.0
1554126830012739.0
1554126830012904.0
1554126830015905.0
1554126830015953.0
1554126830019927.0
1554126830020022.0
1554126830020891.0
1554126830020982.0
1554126830031738.0
1554126830034123.0
1554126830034658.0
1554126830036954.0
1554126830039068.0
1554126830039627.0
1554126830042960.0
1554126830045300.0
1554126830047541.0
1554126830049132.0
1554126830049753.0
1554126830051804.0
1554126830053673.0
1554126830055820.0

1554126830015081.2
1554126830015242.8
1554126830018606.0
1554126830021248.2
1554126830021350.8
1554126830021974.8
1554126830027099.2
1554126830027318.2
1554126830030002.0
1554126830032184.8
1554126830032201.5
1554126830035099.5
1554126830035568.5
1554126830037320.2
1554126830040044.2
1554126830041688.5
1554126830043312.5
1554126830045634.8
1554126830047871.2
1554126830049523.2
1554126830050283.0
1554126830050292.5
1554126830052323.5
1554126830054326.5
1554126830056491.8

25
14
11
