1554126931021883.0
1554126931021898.0
1554126931021905.0
1554126931021913.0
1554126931021920.0
1554126931021930.0
1554126931021939.0
1554126931021949.0
1554126931021959.0
1554126931021968.0
1554126931021978.0
1554126931021988.0
1554126931021997.0
1554126931022007.0
1554126931022016.0
1554126931022027.0
1554126931022036.0
1554126931022046.0
1554126931022056.0
1554126931022066.0
1554126931022104.0
1554126931022115.0
1554126931022125.0
1554126931022135.0
1554126931022145.0

1554126936008050.0
1554126936008122.0
1554126936008172.0
1554126936011626.0
1554126936011708.0
1554126936011781.0
1554126936014154.0
1554126936015527.0
1554126936017826.0
1554126936018823.0
1554126936019635.0
1554126936021595.0
1554126936027741.0
1554126936028431.0
1554126936033879.0
1554126936034555.0
1554126936037535.0
1554126936037901.0
1554126936038273.0
1554126936041102.0
1554126936043109.0
1554126936043593.0
1554126936044403.0
1554126936049515.0
1554126936050971.0

1554126936009814.0
1554126936009815.5
1554126936011507.0
1554126936014490.0
1554126936016090.5
1554126936016713.2
1554126936018304.2
1554126936022116.5
1554126936022118.5
1554126936024679.0
1554126936025423.5
1554126936031035.0
1554126936034236.0
1554126936035215.5
1554126936036102.0
1554126936038022.0
1554126936038732.0
1554126936039182.0
1554126936041356.0
1554126936044140.0
1554126936044767.0
1554126936048367.5
1554126936048910.8
1554126936049795.0
1554126936051219.0

25
12
5
