Time-differences (millis):

0.027
0.034
0.012
0.01
0.01
0.01
0.01
0.01
0.009
0.009
0.009
0.009
0.011
0.009
0.009
0.009
0.009
0.01
0.037
0.013
0.011
0.008
0.01
0.01

0.369
0.037
3.828
3.061
0.637
2.099
4.586
1.371
1.173
0.229
2.466
3.256
0.938
0.629
0.806
4.114
0.716
1.325
1.07
1.633
2.007
2.699
2.323
1.239

0.3285
2.88025
0.0
1.598
2.15125
0.5785
5.83725
1.376
0.663
1.87375
3.6075
0.05325
1.505
0.452
4.233
0.62525
1.308
1.068
1.8205
1.96875
1.6615
1.30725
2.03
2.31425

Test:	CR_f+_9
Requests:	25
Success:	16
Used:   	9

Local times (milisec):
min:	0.008
max:	0.037
mean:	0.012708333333333334
median:	0.01
stdev:	0.007926176591668825

Web server times (milisec):
min:	0.037
max:	4.586
mean:	1.7754583333333334
median:	1.3479999999999999
stdev:	1.277132248749949

App server times (milisec):
min:	0.0
max:	5.83725
mean:	1.7183645833333334
median:	1.5514999999999999
stdev:	1.3634019571006584
diff:	1.857