Time-differences (millis):

0.013
0.006
0.006
0.006
0.007
0.01
0.008
0.009
0.009
0.009
0.008
0.008
0.008
0.008
0.009
0.008
0.009
0.009
0.01
0.008
0.009
0.01
0.008
0.012

0.785
0.438
0.165
3.001
0.048
3.974
0.095
0.869
0.091
10.756
2.385
0.535
2.296
2.114
0.559
3.333
2.34
2.241
1.591
0.621
2.051
1.869
2.147

0.1615
3.36325
2.64225
0.1025
0.624
5.1245
0.219
2.68375
2.18275
0.01675
2.898
0.469
1.75175
2.724
1.64425
1.624
2.32225
2.2365
1.652
0.75975
0.0095
2.031
2.003
2.16525

Test:	CR_f+_2
Requests:	25
Success:	14
Used:   	11

Local times (milisec):
min:	0.006
max:	0.013
mean:	0.008625
median:	0.0085
stdev:	0.0016632210760527558

Web server times (milisec):
min:	0.048
max:	10.756
mean:	1.9262608695652175
median:	1.869
stdev:	2.2321984926685925

App server times (milisec):
min:	0.0095
max:	5.1245
mean:	1.7254375
median:	1.877375
stdev:	1.260053419869139
diff:	3.77975