Time-differences (millis):

0.087
0.121
0.047
0.029
0.021
0.017
0.031
0.072
0.015
0.012
0.131
0.063
0.02
0.021
0.033
0.016
0.033
0.041
0.023
0.009
0.036
0.035
0.015
0.016

0.487
4.151
3.552
0.558
0.088
2.491
1.648
4.13
3.123
13.319
7.276
2.336
0.154
6.676
5.942
11.848
8.083
10.961
9.7
1.656
3.022
1.031
7.676
14.195

0.007
3.495
2.38875
2.294
12.3015
9.84525
0.49625
6.3895
0.509
2.42825
0.65025
7.4165
0.12
4.68275
6.156
7.01225
6.73825
16.58925
3.7465
1.64825
3.3925
0.714
7.90025
14.18925

Test:	CR2_f+_14
Requests:	25
Success:	11
Used:   	10

Local times (milisec):
min:	0.009
max:	0.131
mean:	0.03933333333333333
median:	0.03
stdev:	0.03301602597246514

Web server times (milisec):
min:	0.088
max:	14.195
mean:	5.170958333333333
median:	3.841
stdev:	4.34089020602884

App server times (milisec):
min:	0.007
max:	16.58925
mean:	5.046270833333334
median:	3.62075
stdev:	4.5924144627171
diff:	6.91475