Time-differences (millis):

0.05
0.016
0.013
0.01
0.008
0.009
0.009
0.008
0.01
0.007
0.006
0.006
0.007
0.006
0.006
0.007
0.007
0.005
0.007
0.005
75.035
0.013
0.007
0.006

2.936
9.015
0.03
1.248
3.012
1.278
0.256
3.27
1.163
4.958
0.803
0.518
3.095
0.389
2.992
0.693
1.683
3.489
0.943
6.182
0.332
1.737
2.855
7.568

3.034
7.171
2.14425
0.9985
1.06425
3.3345
2.85125
0.4695
4.34475
0.69925
0.466
0.27025
3.0095
0.186
3.28725
0.44925
1.63125
3.57025
0.92675
6.56
0.67475
2.11325
1.94475
7.45125

Test:	CR2_f+_11
Requests:	25
Success:	10
Used:   	6

Local times (milisec):
min:	0.005
max:	75.035
mean:	3.1359583333333334
median:	0.007
stdev:	15.314434368975782

Web server times (milisec):
min:	0.03
max:	9.015
mean:	2.5185416666666667
median:	1.71
stdev:	2.3715202238440747

App server times (milisec):
min:	0.186
max:	7.45125
mean:	2.4438229166666665
median:	2.029
stdev:	2.1545727881283794
diff:	1.4045