Time-differences (millis):

0.02
0.011
0.01
0.01
0.009
0.009
0.009
0.009
0.009
0.007
0.01
0.009
0.008
0.009
0.008
0.008
98.756
0.017
1.543
0.018
0.009
0.008
0.009
0.017

0.188
1.385
2.497
1.079
4.216
0.045
1.088
0.493
2.186
0.054
0.71
0.796
3.868
0.35
0.963
2.826
1.639
1.27
1.434
0.693
2.109
1.155
1.702

1.045
1.48775
2.02375
2.8865
0.9555
0.9555
2.4205
0.04125
1.037
1.6595
2.20275
0.709
0.522
1.3835
0.07325
1.404
1.91575
0.68975
1.55775
0.712
2.188
1.15075
4.1855
1.989

Test:	CR_f+_4
Requests:	25
Success:	13
Used:   	8

Local times (milisec):
min:	0.007
max:	98.756
mean:	4.188833333333333
median:	0.009
stdev:	20.145146518004875

Web server times (milisec):
min:	0.045
max:	4.216
mean:	1.4237391304347826
median:	1.155
stdev:	1.1153039625383543

App server times (milisec):
min:	0.04125
max:	4.1855
mean:	1.46646875
median:	1.3937499999999998
stdev:	0.9282835501744371
diff:	3.10425