1554127163020127.0
1554127163020142.0
1554127163020149.0
1554127163020156.0
1554127163020163.0
1554127163020171.0
1554127163020182.0
1554127163020191.0
1554127163020201.0
1554127163020210.0
1554127163020219.0
1554127163020227.0
1554127163020237.0
1554127163020246.0
1554127163020255.0
1554127163020264.0
1554127163020272.0
1554127163020281.0
1554127163020291.0
1554127163020301.0
1554127163020311.0
1554127163020320.0
1554127163020331.0
1554127163020371.0
1554127163020381.0

1554127167999796.0
1554127168001788.0
1554127168001837.0
1554127168001873.0
1554127168003220.0
1554127168005696.0
1554127168007005.0
1554127168009701.0
1554127168011430.0
1554127168011742.0
1554127168012363.0
1554127168013193.0
1554127168013924.0
1554127168018291.0
1554127168018563.0
1554127168020751.0
1554127168021058.0
1554127168025498.0
1554127168025927.0
1554127168026512.0
1554127168028710.0
1554127168029657.0
1554127168030266.0
1554127168031676.0
1554127168034738.0

1554127168002420.2
1554127168003497.0
1554127168004955.5
1554127168005121.8
1554127168006072.2
1554127168010300.5
1554127168012022.2
1554127168012594.8
1554127168014214.5
1554127168014737.2
1554127168017294.8
1554127168018640.8
1554127168019142.2
1554127168021219.0
1554127168021461.0
1554127168022408.5
1554127168026291.2
1554127168026866.0
1554127168027081.5
1554127168029090.5
1554127168030621.0
1554127168030734.0
1554127168032051.2
1554127168034228.8
1554127168037191.2

25
14
8
