Time-differences (millis):

0.022
0.01
0.011
0.01
0.01
0.009
0.01
0.01
0.01
0.011
0.009
0.01
0.01
0.01
0.011
0.01
0.01
0.009
0.011
0.009
0.012
0.01
0.011
1.488

1.449
0.027
0.089
0.059
2.934
3.503
2.668
2.042
0.989
1.446
2.948
0.455
0.914
2.539
0.095
0.199
3.911
0.807
2.659
1.252
1.221
2.799
1.113
1.223

0.007
1.98325
0.77925
2.31025
2.638
2.047
0.9535
0.755
3.65075
0.35725
1.024
3.14075
0.59525
3.15125
0.149
0.67175
0.039
2.4285
2.6355
2.67125
1.339
1.80325
3.665
6.913

Test:	CR2_f+_15
Requests:	25
Success:	11
Used:   	7

Local times (milisec):
min:	0.009
max:	1.488
mean:	0.07220833333333333
median:	0.01
stdev:	0.30157297468103966

Web server times (milisec):
min:	0.027
max:	3.911
mean:	1.5558750000000001
median:	1.2375
stdev:	1.1818033498043132

App server times (milisec):
min:	0.007
max:	6.913
mean:	1.9044895833333333
median:	1.89325
stdev:	1.5718993659692726
diff:	4.3765