1555423240079815.0
1555423240079882.0
1555423240079884.0
1555423240079963.0
1555423240079965.0
1555423240079966.0
1555423240079968.0
1555423240080001.0
1555423240080002.0
1555423240080003.0
1555423240080027.0
1555423240080029.0
1555423240080069.0
1555423240080137.0
1555423240080153.0
1555423240080167.0
1555423240080257.0
1555423240080291.0
1555423240080328.0
1555423240080353.0
1555423240080381.0
1555423240080429.0
1555423240080452.0
1555423240080462.0
1555423240080480.0
1555423240177817.0
1555423240177819.0
1555423240177819.0
1555423240177820.0
1555423240177906.0
1555423240177907.0
1555423240182986.0
1555423240182987.0
1555423240182988.0
1555423240183060.0
1555423240183061.0
1555423240183061.0
1555423240187212.0
1555423240187214.0
1555423240187263.0
1555423240187264.0
1555423240192326.0
1555423240192326.0
1555423240192327.0

1555423240092012.0
1555423240096523.0
1555423240097805.0
1555423240098912.0
1555423240100181.0
1555423240100689.0
1555423240189013.0
1555423240190093.0
1555423240190690.0
1555423240191602.0
1555423240193018.0
1555423240194550.0
1555423240195423.0
1555423240197625.0
1555423240198596.0
1555423240204115.0
1555423240204174.0
1555423240205630.0
1555423240210848.0
1555423240211448.0
1555423240211472.0
1555423240216854.0
1555423240217479.0
1555423240219323.0

1555423240093357.0
1555423240100033.2
1555423240100916.2
1555423240102126.0
1555423240103722.5
1555423240104725.0
1555423240189337.0
1555423240190341.0
1555423240190954.8
1555423240191851.0
1555423240193237.0
1555423240194715.2
1555423240195587.0
1555423240197789.0
1555423240198753.8
1555423240204392.0
1555423240204666.0
1555423240205803.2
1555423240211691.5
1555423240213656.8
1555423240215010.5
1555423240217048.0
1555423240218313.0
1555423240218931.5
1555423240219850.8

25
13
6
