1555424102037340.0
1555424102037341.0
1555424102037356.0
1555424102037363.0
1555424102037387.0
1555424102037396.0
1555424102037429.0
1555424102037494.0
1555424102037495.0
1555424102048247.0
1555424102048249.0
1555424102048280.0
1555424102048294.0
1555424102048330.0
1555424102048547.0
1555424102048548.0
1555424102048615.0
1555424102048615.0
1555424102048616.0
1555424102048672.0
1555424102048673.0
1555424102048682.0
1555424102048691.0
1555424102048712.0
1555424102048729.0

1555424102056455.0
1555424102058575.0
1555424102060186.0
1555424102060226.0
1555424102063662.0
1555424102065434.0
1555424102066846.0
1555424102067493.0
1555424102067958.0
1555424102071785.0
1555424102075562.0
1555424102079791.0
1555424102080708.0
1555424102082052.0
1555424102083804.0
1555424102084585.0
1555424102085240.0
1555424102086668.0
1555424102087911.0
1555424102088312.0
1555424102089222.0

1555424102057916.2
1555424102059959.0
1555424102063087.8
1555424102064890.5
1555424102065696.8
1555424102066325.8
1555424102067701.8
1555424102068946.8
1555424102070031.0
1555424102072033.2
1555424102076303.5
1555424102080345.2
1555424102080906.5
1555424102082979.0
1555424102084097.0
1555424102084872.8
1555424102085838.5
1555424102086824.8
1555424102088088.5
1555424102088510.2
1555424102090132.0
1555424102091796.2
1555424102092692.5
1555424102094433.0
1555424102095529.8

25
12
6
