1555422880035190.0
1555422880035191.0
1555422880035221.0
1555422880035233.0
1555422880035248.0
1555422880035268.0
1555422880035319.0
1555422880035331.0
1555422880035342.0
1555422880035351.0
1555422880035378.0
1555422880035448.0
1555422880035449.0
1555422880035450.0
1555422880035463.0
1555422880035467.0
1555422880035493.0
1555422880035493.0
1555422880035501.0
1555422880035525.0
1555422880035526.0
1555422880035534.0
1555422880035557.0
1555422880035558.0
1555422880035568.0
1555422880134240.0
1555422880134242.0
1555422880134353.0
1555422880134354.0
1555422880140035.0
1555422880140037.0
1555422880140113.0
1555422880140114.0
1555422880140115.0
1555422880140116.0
1555422880140117.0
1555422880144751.0
1555422880144753.0
1555422880144754.0

1555422880048438.0
1555422880050560.0
1555422880051363.0
1555422880052191.0
1555422880055636.0
1555422880055953.0
1555422880056406.0
1555422880058038.0
1555422880062010.0
1555422880062808.0
1555422880068718.0
1555422880146112.0
1555422880146668.0
1555422880146693.0
1555422880147897.0
1555422880151276.0
1555422880151642.0
1555422880151906.0
1555422880152243.0
1555422880153220.0
1555422880154776.0
1555422880156365.0

1555422880049843.2
1555422880053315.5
1555422880054552.0
1555422880056166.0
1555422880056799.8
1555422880057836.0
1555422880058221.8
1555422880061045.2
1555422880063509.2
1555422880063996.5
1555422880068982.5
1555422880146455.5
1555422880146924.0
1555422880147572.0
1555422880148060.8
1555422880151496.8
1555422880151795.8
1555422880152386.5
1555422880153664.0
1555422880154123.0
1555422880154955.5
1555422880156522.0
1555422880156913.5
1555422880158365.8
1555422880160454.0

25
11
6
