1555511233031989.0
1555511233032912.0
1555511233033553.0
1555511233034079.0
1555511233034129.0
1555511233034703.0
1555511233034957.0
1555511233038260.0
1555511233038635.0
1555511233038706.0
1555511233039159.0
1555511233039265.0
1555511233039681.0
1555511233039730.0
1555511233040085.0
1555511233041570.0
1555511233041626.0
1555511233042588.0
1555511233042757.0
1555511233043163.0
1555511233043312.0
1555511233043733.0
1555511233043841.0
1555511233044173.0
1555511233044270.0

1555511233047600.0
1555511233049629.0
1555511233049856.0
1555511233051288.0
1555511233053358.0
1555511233056170.0
1555511233056480.0
1555511233057075.0
1555511233057110.0
1555511233058670.0
1555511233069469.0
1555511233070894.0
1555511233071521.0
1555511233072394.0
1555511233072431.0
1555511233074631.0
1555511233075197.0
1555511233075331.0
1555511233077296.0
1555511233078334.0
1555511233080016.0
1555511233081203.0
1555511233081241.0

1555511233048940.0
1555511233050978.8
1555511233053883.5
1555511233055822.0
1555511233056395.5
1555511233056510.2
1555511233058438.0
1555511233059278.5
1555511233060904.2
1555511233066163.0
1555511233070012.5
1555511233071159.5
1555511233071695.8
1555511233072631.0
1555511233073059.5
1555511233074878.2
1555511233075492.8
1555511233075902.0
1555511233077521.5
1555511233078856.8
1555511233080344.2
1555511233081389.5
1555511233081803.2
1555511233083456.0
1555511233083921.5

25
13
5
