Time-differences (millis):

0.027
0.006
0.01
0.014
0.005
0.024
0.001
0.008
0.024
0.0
0.009
19.756
0.003
0.036
0.04
0.001
0.012
0.034
0.001
0.012
0.035
0.002
0.166
0.017
63.953
0.004
102.228
0.002
0.07
4.618

2.35
0.026
2.72
1.626
1.511
0.846
1.402
0.289
0.037
9.209
2.038
1.438
0.569
0.535
1.063
0.044
2.569
1.118
51.144
1.235
104.798

3.10225
1.6415
1.6275
0.58625
0.80675
0.4245
1.00875
0.29575
4.97275
4.50425
2.28325
0.99275
0.603
0.79425
0.7565
0.44
2.40575
1.456
50.65775
1.0695
104.947
0.459
0.564
0.71125

Test:	CR2_r_4
Requests:	25
Success:	15
Used:   	6

Local times (milisec):
min:	0.0
max:	102.228
mean:	6.3706
median:	0.013000000000000001
stdev:	21.76257468540731

Web server times (milisec):
min:	0.026
max:	104.798
mean:	8.884142857142857
median:	1.402
stdev:	24.55972334185732

App server times (milisec):
min:	0.29575
max:	104.947
mean:	7.796260416666667
median:	1.00075
stdev:	23.03270727582173
diff:	20.05025