1555511531027964.0
1555511531027965.0
1555511531030888.0
1555511531030890.0
1555511531030965.0
1555511531030986.0
1555511531030999.0
1555511531031018.0
1555511531031067.0
1555511531031108.0
1555511531031135.0
1555511531031146.0
1555511531031164.0
1555511531031280.0
1555511531031281.0
1555511531031331.0
1555511531031338.0
1555511531031356.0
1555511531031375.0
1555511531031385.0
1555511531031418.0
1555511531031419.0
1555511531031438.0
1555511531031459.0
1555511531031467.0

1555511531040113.0
1555511531042139.0
1555511531046070.0
1555511531046307.0
1555511531049789.0
1555511531052593.0
1555511531052619.0
1555511531053337.0
1555511531053950.0
1555511531055005.0
1555511531061364.0
1555511531061415.0
1555511531065483.0
1555511531066938.0
1555511531068214.0
1555511531069327.0
1555511531070274.0
1555511531070342.0
1555511531071376.0
1555511531072055.0
1555511531072094.0
1555511531074910.0

1555511531041491.8
1555511531043301.5
1555511531049202.0
1555511531050950.0
1555511531052087.5
1555511531052850.0
1555511531053558.5
1555511531054143.5
1555511531055211.8
1555511531061624.2
1555511531062126.5
1555511531064375.2
1555511531065631.8
1555511531067215.5
1555511531069018.2
1555511531069970.0
1555511531070625.5
1555511531071079.2
1555511531071558.2
1555511531072317.2
1555511531072773.8
1555511531075097.2
1555511531075513.8
1555511531077824.2
1555511531078592.2

25
12
7
