Time-differences (millis):

0.001
0.029
0.017
0.027
0.0
0.01
0.025
0.0
0.01
0.022
0.069
0.0
0.001
0.014
2.837
0.001
0.018
0.017
0.006
0.023
0.001
0.008
0.024
0.001

3.031
1.711
1.676
1.259
1.643
0.269
0.282
1.755
3.117
3.517
3.684
1.215
0.344
0.04
2.674
1.033
0.206
0.8
0.364
1.911
0.886
5.036
1.406

2.69075
1.67825
1.655
1.2515
0.70125
0.278
1.6075
0.44975
3.081
3.49325
3.68025
2.31925
0.523
0.42875
0.986
1.55
0.9615
0.4205
0.68475
0.7035
0.88375
5.30225
1.143
1.57125

Test:	CR2_r_25
Requests:	25
Success:	14
Used:   	7

Local times (milisec):
min:	0.0
max:	2.837
mean:	0.13170833333333334
median:	0.012
stdev:	0.5764277909577277

Web server times (milisec):
min:	0.04
max:	5.036
mean:	1.6460434782608695
median:	1.406
stdev:	1.3174127357079608

App server times (milisec):
min:	0.278
max:	5.30225
mean:	1.5851666666666666
median:	1.19725
stdev:	1.261417988051427
diff:	1.57025