1555424140039969.0
1555424140039970.0
1555424140039971.0
1555424140040005.0
1555424140040006.0
1555424140040020.0
1555424140040034.0
1555424140040050.0
1555424140040070.0
1555424140040182.0
1555424140040183.0
1555424140040195.0
1555424140040196.0
1555424140040209.0
1555424140040221.0
1555424140040228.0
1555424140040251.0
1555424140040252.0
1555424140040261.0
1555424140040285.0
1555424140040285.0
1555424140040294.0
1555424140040317.0
1555424140040317.0
1555424140040479.0
1555424140163368.0
1555424140163370.0
1555424140163370.0
1555424140163371.0
1555424140163466.0
1555424140169117.0
1555424140169119.0
1555424140169120.0
1555424140169120.0
1555424140169221.0
1555424140169221.0
1555424140169222.0
1555424140169222.0
1555424140169222.0
1555424140169223.0
1555424140173834.0

1555424140052773.0
1555424140056287.0
1555424140057549.0
1555424140059332.0
1555424140065784.0
1555424140068051.0
1555424140081741.0
1555424140082339.0
1555424140083211.0
1555424140174613.0
1555424140174634.0
1555424140175513.0
1555424140176521.0
1555424140182606.0
1555424140182682.0
1555424140184864.0
1555424140185580.0
1555424140191674.0
1555424140192787.0
1555424140193733.0
1555424140193971.0
1555424140194831.0
1555424140196590.0

1555424140054081.2
1555424140058667.5
1555424140060491.8
1555424140061028.0
1555424140067019.2
1555424140068288.5
1555424140081993.5
1555424140082577.5
1555424140083444.2
1555424140174913.0
1555424140175356.8
1555424140175739.8
1555424140177004.2
1555424140182934.5
1555424140184307.8
1555424140185025.0
1555424140185736.0
1555424140191844.0
1555424140193249.2
1555424140194131.8
1555424140195048.8
1555424140195895.2
1555424140197460.8
1555424140198071.0
1555424140199790.0

25
12
6
