Success codes:
11
11
13
15
13
12
16
14
15
12
12
16
13
15
14
13
8
13
13
13
12
12
14
12
14

Vouchers used:
7
6
6
6
4
6
6
6
7
6
6
7
4
7
6
5
3
6
5
8
6
7
5
7
7

Ratio:
1.5714285714285714
1.8333333333333333
2.1666666666666665
2.5
3.25
2.0
2.6666666666666665
2.3333333333333335
2.142857142857143
2.0
2.0
2.2857142857142856
3.25
2.142857142857143
2.3333333333333335
2.6
2.6666666666666665
2.1666666666666665
2.6
1.625
2.0
1.7142857142857142
2.8
1.7142857142857142
2.0

Local:
0.085
0.002
0.029
0.018
0.087
0.002
0.018
0.001
0.015
0.025
0.006
3.003
0.037
0.131
0.001
0.018
0.007
0.017
0.022
0.007
0.034
0.001
0.015
0.033
0.001
0.03
0.012
0.015
0.02
0.051
0.012
0.011
0.009
0.027
0.07
0.001
0.001
0.013
0.004
0.026
0.0
0.008
0.024
0.001
0.008
0.023
0.001
0.01
98.672
0.002
0.111
0.001
5.681
0.002
0.076
0.001
0.001
0.001
0.001
4.634
0.002
0.001
0.067
0.002
0.079
0.002
0.001
0.002
0.033
0.001
0.001
0.024
0.002
0.04
0.068
0.016
0.014
0.09
0.034
0.037
0.025
0.028
0.048
0.023
0.01
0.018
97.337
0.002
0.0
0.001
0.086
0.001
5.079
0.001
0.001
0.072
0.001
0.0
4.151
0.002
0.049
0.001
5.062
0.0
0.001
0.027
0.006
0.01
0.014
0.005
0.024
0.001
0.008
0.024
0.0
0.009
19.756
0.003
0.036
0.04
0.001
0.012
0.034
0.001
0.012
0.035
0.002
0.166
0.017
63.953
0.004
102.228
0.002
0.07
4.618
0.001
0.0
3.718
0.003
0.271
0.044
0.012
0.098
0.012
0.023
0.011
0.027
0.296
0.001
0.001
0.003
0.0
0.001
0.0
0.001
0.0
0.263
6.591
0.0
0.033
0.006
0.115
0.001
0.001
0.001
0.001
0.0
2.974
0.078
0.002
0.002
0.101
0.003
0.076
0.001
0.001
0.001
0.015
0.006
0.107
0.001
0.001
0.001
1812.976
0.038
0.001
0.023
0.013
0.023
0.401
0.406
0.345
0.105
0.344
0.097
0.412
0.21
3.185
0.001
0.0
0.033
0.03
0.008
0.017
0.006
0.026
0.053
0.081
0.233
0.001
0.002
0.001
0.002
0.001
0.001
0.116
0.001
0.029
0.031
0.357
0.001
0.001
0.0
0.001
0.0
0.001
0.001
0.0
0.001
0.001
0.059
0.0
0.002
0.048
0.033
0.044
0.117
0.035
0.02
0.006
0.033
0.016
0.15
0.001
0.018
0.001
0.015
0.023
0.007
0.033
0.001
0.012
0.036
0.0
0.011
0.032
0.001
0.015
0.007
0.024
0.009
0.033
0.065
0.001
10.752
0.002
0.031
0.014
0.036
0.217
0.001
0.067
0.0
0.001
0.056
0.001
0.009
0.009
0.021
0.017
0.001
0.001
0.034
0.001
0.014
0.014
0.016
0.02
0.112
0.001
0.012
0.001
0.013
0.012
0.007
0.023
0.001
0.009
0.024
0.0
0.009
0.023
0.0
0.162
122.889
0.002
0.0
0.001
0.095
5.651
0.002
0.001
0.0
0.101
0.0
0.001
0.0
0.0
0.001
4.611
0.002
0.053
0.082
0.001
0.0
0.0
0.022
0.0
0.012
0.02
0.041
0.021
0.01
0.18
0.001
0.011
0.079
0.0
0.001
0.0
0.017
0.005
0.022
0.043
0.001
0.0
6.891
0.001
0.089
0.019
0.022
0.03
0.115
0.038
0.299
0.001
0.0
0.001
0.0
0.001
0.0
0.001
0.0
0.001
0.0
0.001
8.663
0.001
0.145
0.017
0.01
0.019
0.008
0.019
0.014
0.015
0.01
0.019
5.106
0.277
0.001
0.0
0.001
0.0
0.0
0.001
0.0
0.001
0.0
0.0
0.037
0.001
1.841
0.0
0.08
0.001
0.001
0.039
0.038
0.0
0.016
0.035
0.001
0.012
0.033
0.001
0.015
1.115
0.001
0.001
0.0
0.001
0.0
0.001
0.0
0.001
0.923
0.641
0.526
0.05
0.574
0.254
3.303
0.375
0.071
0.453
0.106
0.416
0.049
0.355
1.485
0.056
0.962
0.169
0.406
0.149
0.421
0.108
0.332
0.097
0.0
0.012
0.001
0.009
0.015
0.011
0.012
0.009
0.013
0.012
0.008
0.023
0.0
0.008
2.933
0.001
0.013
0.0
0.01
0.026
0.0
0.008
0.024
0.0
0.001
0.0
0.018
0.0
0.015
0.014
0.009
0.986
0.039
0.036
4.587
0.001
0.033
0.01
0.028
0.0
0.009
0.024
0.001
0.008
0.023
0.068
0.0
0.001
0.002
0.037
0.001
0.038
0.01
0.074
0.179
0.0
0.001
0.003
0.001
0.001
0.0
0.075
0.902
0.028
0.159
0.042
0.407
0.347
0.578
0.262
0.217
0.474
0.0
0.018
1.967
0.063
0.048
0.019
0.019
0.016
0.023
0.042
0.191
0.001
0.0
0.001
0.001
0.021
0.0
0.02
0.02
0.009
0.034
0.001
0.014
0.033
0.079
0.0
2.924
0.894
0.07
0.001
0.001
0.044
0.001
0.026
0.001
0.016
0.012
0.017
0.007
0.027
0.046
0.008
0.011
0.018
0.013
0.206
0.001
0.0
0.032
0.001
0.033
0.012
0.015
0.014
0.015
0.016
0.012
0.018
0.02
0.024
0.025
0.048
0.012
0.017
0.009
0.017
0.014
0.015
0.022
0.005
0.016
0.093
93.438
5.097
0.013
0.031
0.012
0.025
0.033
0.047
0.054
0.035
0.014
0.025
0.018
0.02
0.02
0.02
0.219
0.057
4.231
0.021
0.021
0.02
0.02
0.02
0.019
0.02
0.001
2.923
0.002
0.075
0.021
0.013
0.019
0.049
0.041
0.027
0.011
0.018
0.116
0.001
0.05
0.007
0.018
0.019
0.01
0.033
0.001
0.019
0.021
0.008
0.001
0.029
0.017
0.027
0.0
0.01
0.025
0.0
0.01
0.022
0.069
0.0
0.001
0.014
2.837
0.001
0.018
0.017
0.006
0.023
0.001
0.008
0.024
0.001

Web:
3.17
0.032
0.899
2.47
0.998
1.121
0.021
3.022
0.875
5.53
1.61
3.04
0.534
5.417
1.055
1.784
1.478
1.727
1.21
0.833
0.627
2.122
0.803
0.828
3.445
0.317
0.453
1.632
3.972
0.798
5.91
77.394
0.556
0.025
1.204
3.379
0.366
0.264
0.337
0.977
1.556
1.589
4.511
1.282
1.107
1.269
0.508
88.324
1.08
0.597
0.912
1.416
1.532
0.873
2.202
0.971
5.519
0.059
1.456
5.218
0.6
0.024
5.382
0.625
1.844
2.35
0.026
2.72
1.626
1.511
0.846
1.402
0.289
0.037
9.209
2.038
1.438
0.569
0.535
1.063
0.044
2.569
1.118
51.144
1.235
104.798
1.967
1.707
0.676
0.34
1.193
0.425
3.633
2.163
5.065
0.83
0.964
0.044
4.562
2.35
2.925
1.63
0.5
2.348
0.581
1.646
0.039
2.37
2.167
0.257
1.494
1.745
0.97
0.217
5.243
0.477
2.644
6.357
0.129
0.502
1.047
0.817
0.619
0.065
0.933
3.843
1.203
0.93
1.176
0.751
2.613
0.403
0.236
3.506
0.968
3.859
0.407
0.402
1.914
7.054
1.252
0.745
0.038
2.553
0.844
1.129
1.411
2.045
0.992
2.878
0.559
0.549
0.525
3.583
2.49
0.026
1.381
1.301
4.673
0.028
0.618
0.974
1.775
8.203
1.355
0.043
2.079
0.129
1.419
0.852
1.099
2.966
1.021
1.174
0.388
2.697
1.607
1.554
1.58
1.562
0.903
0.023
0.483
0.378
7.947
3.926
1.684
1.328
0.618
0.046
1.964
0.906
1.271
1.195
0.805
1.089
1.71
1.08
2.12
1.611
0.04
3.436
1.772
1.412
0.647
0.465
3.827
3.777
4.229
0.917
1.344
1.752
0.781
0.655
1.428
1.243
0.401
0.91
3.514
1.262
1.783
6.452
2.267
13.69
0.598
0.872
91.402
0.021
0.879
1.008
6.085
0.076
2.182
0.716
6.094
1.113
0.946
0.238
0.86
1.759
1.054
2.036
1.617
1.624
1.343
0.023
2.889
0.403
6.543
2.146
0.9
0.948
1.548
1.111
0.749
0.573
0.575
1.977
0.78
2.044
1.876
0.577
0.714
2.069
1.698
1.602
2.914
1.675
0.039
0.282
0.968
0.388
9.063
1.5
0.508
1.345
0.118
0.043
2.408
1.022
2.46
0.038
1.585
1.3
11.358
0.031
0.027
4.569
1.67
0.25
0.04
1.099
3.025
3.789
2.91
2.338
1.12
1.589
0.885
1.139
0.621
0.046
1.072
0.575
1.368
1.678
2.79
0.17
1.192
2.8
3.147
0.042
0.466
4.073
1.031
2.971
3.648
0.746
0.603
2.034
0.048
1.026
0.477
2.078
0.946
2.072
1.198
0.04
1.442
0.374
2.029
0.227
1.432
2.07
2.812
0.31
0.595
0.035
1.56
10.799
1.425
0.627
0.873
0.037
2.2
0.566
0.134
1.965
1.038
1.682
1.187
0.038
2.432
0.562
0.366
4.63
1.612
0.025
0.883
0.264
3.975
4.961
2.413
1.891
0.7
2.411
74.91
2.192
0.391
1.369
2.341
2.042
0.416
2.202
2.231
2.104
6.798
0.042
1.52
0.403
1.437
0.042
0.984
1.395
2.078
0.742
1.472
1.972
0.975
2.319
1.332
2.817
1.748
0.408
0.307
1.566
2.701
4.965
0.041
3.0
1.228
1.25
1.333
0.857
2.262
1.33
1.232
0.04
1.484
1.896
1.985
1.096
0.78
3.832
1.618
0.034
2.371
0.309
4.466
4.863
1.07
0.04
0.981
0.378
1.576
0.606
1.72
1.536
0.503
0.282
0.412
1.261
0.237
3.868
2.815
0.027
0.759
4.738
0.271
2.198
0.023
1.237
1.906
5.45
1.9
0.044
1.597
0.559
1.532
0.047
0.036
3.889
0.481
0.019
2.027
0.77
5.951
1.704
0.506
0.701
3.919
2.86
0.63
0.043
0.334
5.575
6.19
0.042
2.03
0.768
1.311
1.092
1.217
0.387
4.183
1.733
1.376
1.726
0.608
58.442
2.502
0.027
1.241
3.188
2.441
0.023
0.64
0.785
4.185
5.35
1.365
0.906
0.047
2.052
0.124
0.549
2.09
0.835
1.365
1.316
1.249
3.951
2.026
3.931
0.237
3.482
2.804
0.026
0.718
0.613
1.055
6.359
0.051
4.068
1.455
1.276
1.113
0.947
0.068
1.034
0.679
0.039
2.816
3.031
1.711
1.676
1.259
1.643
0.269
0.282
1.755
3.117
3.517
3.684
1.215
0.344
0.04
2.674
1.033
0.206
0.8
0.364
1.911
0.886
5.036
1.406

App:
3.7995
3.77075
0.69175
0.9085
0.9735
0.44875
1.1335
5.261
1.953
0.746
2.013
0.452
1.00225
5.5305
0.4635
1.28725
1.449
2.039
0.92875
0.82025
0.63925
0.425
1.15075
0.819
3.47225
1.2365
1.614
0.63375
1.03625
0.38575
2.8235
2.464
0.48725
4.986
77.473
0.4685
0.648
0.48875
3.436
0.299
0.59075
1.2775
0.459
0.8325
1.5665
0.3915
1.45225
2.08825
6.67625
0.883
1.20975
1.5965
1.0025
84.612
1.004
0.61375
0.89625
1.386
1.47825
0.87175
2.202
0.96475
5.63825
0.274
1.13725
5.88825
1.96525
1.35375
2.0375
1.265
0.6185
0.91925
3.10225
1.6415
1.6275
0.58625
0.80675
0.4245
1.00875
0.29575
4.97275
4.50425
2.28325
0.99275
0.603
0.79425
0.7565
0.44
2.40575
1.456
50.65775
1.0695
104.947
0.459
0.564
0.71125
1.777
0.72875
4.1095
1.41125
1.03825
1.42025
0.48875
0.29275
5.09975
0.71875
0.71125
0.4185
4.2845
2.27225
2.911
1.60925
0.50275
1.8295
0.5925
1.24825
0.9525
0.44575
1.88775
0.426
2.16925
3.7535
0.4605
1.23225
0.46475
1.52
1.2715
1.097
2.017
6.482
0.50075
0.43575
0.60125
0.96725
0.6055
0.38875
0.75325
3.59
1.191
1.16225
0.9105
0.76225
0.475
0.89325
2.828
4.3745
0.417
0.48325
1.0895
0.99725
0.399
0.3965
2.9725
6.00225
2.03975
1.11375
0.81425
0.604
0.84075
1.647
0.92825
2.0835
0.99225
2.8045
0.64025
0.4675
0.789
3.47525
4.947
1.12325
1.58825
1.09825
0.239
0.99125
0.63025
4.606
1.203
3.5475
1.356
0.792
1.43575
0.431
1.018
1.337
1.8025
1.74425
1.17725
0.52375
0.9395
0.40175
0.49875
0.48025
2.5435
1.56325
1.5755
1.56025
0.69675
0.90375
0.20925
0.2215
0.44775
7.95375
4.24525
1.30725
1.45125
0.87675
0.4565
1.181
1.1395
1.004
1.20025
1.06525
1.084
0.93425
0.5285
1.61425
2.04275
3.12875
1.80275
0.80625
0.629
1.376
1.245
1.08425
2.00225
4.27025
4.04175
0.56125
2.0725
1.118
0.77575
0.96575
0.98625
1.26375
0.42175
1.62175
1.66425
0.89625
1.7405
1.09675
4.58625
1.82425
0.53625
5.99125
1.26925
13.705
0.584
0.86675
91.46875
0.44375
0.383
1.2645
5.93025
1.37325
0.71725
0.711
6.108
1.40525
0.8825
0.917
0.8465
1.5655
0.61025
1.719
1.88725
1.62225
2.0295
0.5605
1.35925
0.966
0.4055
4.0565
3.1305
1.905
0.479
0.98025
1.5415
1.5305
0.4105
0.486
0.53675
2.05525
0.774
1.97475
2.0015
0.71225
0.81625
0.394
1.86125
1.6255
1.608
3.69825
0.23675
1.04
0.8495
1.00625
0.565
6.96175
1.5285
0.5055
1.46725
0.42375
0.63725
1.6465
0.72975
1.83125
0.65275
1.135
0.46675
1.27975
1.22125
1.448
12.5015
1.607
1.677
0.67025
0.3505
1.057
0.28275
0.61375
2.136
5.22
1.769
2.12975
0.98975
1.583
0.9095
1.2825
0.50875
0.193
0.9035
0.8345
1.06775
1.69725
0.42125
1.345
5.4925
1.28025
0.992
1.2855
0.8855
1.07
1.21725
1.3435
1.77025
2.224
3.9315
0.54325
1.325
1.28575
0.435
1.043
0.61125
1.9135
0.7755
1.83425
1.2215
0.50675
1.4275
0.4345
2.03875
2.90475
1.9385
0.5735
0.11475
1.92775
0.8405
1.62575
5.25875
3.8495
1.147
0.53625
0.93525
0.4285
1.81875
0.6145
0.40925
1.6195
1.33525
1.4875
1.04525
0.41375
1.65275
0.4655
3.25225
1.64625
1.215
1.464
0.759
0.841
0.276
0.72175
3.2295
4.94225
2.4045
1.27375
0.7225
0.73625
0.5465
1.25525
0.462
1.15875
0.82775
0.53275
0.4445
16.97925
55.651
16.05375
2.29775
3.5055
1.28625
0.45525
0.87825
1.17025
1.86875
0.4965
2.1025
6.83075
0.78825
1.0875
0.4175
1.177
0.4265
0.46375
2.012
1.7785
0.4045
2.27475
0.71725
0.447
0.6685
0.9715
2.08625
1.303
1.2015
2.4175
0.44475
0.2695
1.59775
2.6095
1.0655
4.02575
0.481
2.53975
1.617
0.83825
1.658
0.52175
2.27575
1.319
1.2475
0.41225
1.50325
0.89
0.597
0.44875
4.793
1.1155
1.58625
0.6935
0.16825
1.212
1.0465
1.52475
3.22625
4.838
1.16225
0.432
0.46
0.69775
1.38225
0.78825
1.42825
1.56725
0.4835
0.28075
0.3895
1.28175
4.11825
14.4105
3.2875
1.61575
1.4715
0.6805
1.78725
0.683
0.38275
0.90025
1.8425
5.50975
1.9005
0.42975
1.22975
1.03225
1.09725
0.427
0.402
3.044
0.483
0.52175
2.29275
3.1215
1.8055
1.12325
1.065
1.82975
1.1035
1.469
0.2795
0.2635
0.7265
2.3085
2.34675
6.6125
0.52125
1.12275
0.7225
1.31175
1.146
1.24425
0.29875
4.197
2.011
1.0345
1.76325
0.84875
53.50375
4.75125
3.343
1.6005
1.9
1.234
0.39225
0.231
0.8195
0.32525
3.95225
5.59825
1.158
0.804
0.4075
1.8005
0.4875
0.92525
1.99875
0.88625
0.764
1.18325
1.17775
0.76575
1.09
2.1995
1.80975
5.9005
1.748
1.1375
0.7625
0.7085
0.585
1.06825
6.4125
0.50225
2.24875
1.2565
1.58375
1.80275
0.95175
0.6555
0.45375
0.479
0.759
0.4565
2.3235
0.4165
2.3105
0.768
2.69075
1.67825
1.655
1.2515
0.70125
0.278
1.6075
0.44975
3.081
3.49325
3.68025
2.31925
0.523
0.42875
0.986
1.55
0.9615
0.4205
0.68475
0.7035
0.88375
5.30225
1.143
1.57125

Diff:
4.6235
7.68
2.9025
20.05025
2.4955
2.44025
1.208
3.687
1.10225
3.994
5.50025
1.797
2.67825
2.32275
1.353
2.8125
8.52425
3.11975
2.3105
1.694
1.69125
4.29425
2.263
3.32025
1.57025