Time-differences (millis):

0.923
0.641
0.526
0.05
0.574
0.254
3.303
0.375
0.071
0.453
0.106
0.416
0.049
0.355
1.485
0.056
0.962
0.169
0.406
0.149
0.421
0.108
0.332
0.097

2.029
0.227
1.432
2.07
2.812
0.31
0.595
0.035
1.56
10.799
1.425
0.627
0.873
0.037
2.2
0.566
0.134
1.965
1.038
1.682
1.187
0.038

2.03875
2.90475
1.9385
0.5735
0.11475
1.92775
0.8405
1.62575
5.25875
3.8495
1.147
0.53625
0.93525
0.4285
1.81875
0.6145
0.40925
1.6195
1.33525
1.4875
1.04525
0.41375
1.65275
0.4655

Test:	CR2_r_16
Requests:	25
Success:	13
Used:   	5

Local times (milisec):
min:	0.049
max:	3.303
mean:	0.5117083333333333
median:	0.365
stdev:	0.6878773575703527

Web server times (milisec):
min:	0.035
max:	10.799
mean:	1.5291363636363635
median:	1.1125
stdev:	2.2255730411451027

App server times (milisec):
min:	0.11475
max:	5.25875
mean:	1.4575625
median:	1.241125
stdev:	1.1903560397455444
diff:	2.8125