Time-differences (millis):

1.841
0.0
0.08
0.001
0.001
0.039
0.038
0.0
0.016
0.035
0.001
0.012
0.033
0.001
0.015
1.115
0.001
0.001
0.0
0.001
0.0
0.001
0.0
0.001

2.79
0.17
1.192
2.8
3.147
0.042
0.466
4.073
1.031
2.971
3.648
0.746
0.603
2.034
0.048
1.026
0.477
2.078
0.946
2.072
1.198
0.04
1.442
0.374

5.4925
1.28025
0.992
1.2855
0.8855
1.07
1.21725
1.3435
1.77025
2.224
3.9315
0.54325
1.325
1.28575
0.435
1.043
0.61125
1.9135
0.7755
1.83425
1.2215
0.50675
1.4275
0.4345

Test:	CR2_r_15
Requests:	25
Success:	14
Used:   	6

Local times (milisec):
min:	0.0
max:	1.841
mean:	0.13470833333333332
median:	0.001
stdev:	0.4278005914143793

Web server times (milisec):
min:	0.04
max:	4.073
mean:	1.4755833333333332
median:	1.1115
stdev:	1.2199276142697857

App server times (milisec):
min:	0.4345
max:	5.4925
mean:	1.4520416666666667
median:	1.2508750000000002
stdev:	1.1334956120498358
diff:	1.353