Time-differences (millis):

0.001
0.0
3.718
0.003
0.271
0.044
0.012
0.098
0.012
0.023
0.011
0.027
0.296
0.001
0.001
0.003
0.0
0.001
0.0
0.001
0.0
0.263
6.591
0.0

1.967
1.707
0.676
0.34
1.193
0.425
3.633
2.163
5.065
0.83
0.964
0.044
4.562
2.35
2.925
1.63
0.5
2.348
0.581
1.646
0.039
2.37

1.777
0.72875
4.1095
1.41125
1.03825
1.42025
0.48875
0.29275
5.09975
0.71875
0.71125
0.4185
4.2845
2.27225
2.911
1.60925
0.50275
1.8295
0.5925
1.24825
0.9525
0.44575
1.88775
0.426

Test:	CR2_r_5
Requests:	25
Success:	13
Used:   	4

Local times (milisec):
min:	0.0
max:	6.591
mean:	0.4740416666666667
median:	0.006999999999999999
stdev:	1.505281845028038

Web server times (milisec):
min:	0.039
max:	5.065
mean:	1.7253636363636364
median:	1.638
stdev:	1.3903566019260962

App server times (milisec):
min:	0.29275
max:	5.09975
mean:	1.54903125
median:	1.14325
stdev:	1.3277784963592467
diff:	2.4955