1555423304031875.0
1555423304031902.0
1555423304031908.0
1555423304031918.0
1555423304031932.0
1555423304031937.0
1555423304031961.0
1555423304031962.0
1555423304031970.0
1555423304031994.0
1555423304031994.0
1555423304032003.0
1555423304051759.0
1555423304051762.0
1555423304051798.0
1555423304051838.0
1555423304051839.0
1555423304051851.0
1555423304051885.0
1555423304051886.0
1555423304051898.0
1555423304051933.0
1555423304051935.0
1555423304052101.0
1555423304052118.0
1555423304116071.0
1555423304116075.0
1555423304218303.0
1555423304218305.0
1555423304218375.0
1555423304222993.0

1555423304047937.0
1555423304050287.0
1555423304050313.0
1555423304053033.0
1555423304054659.0
1555423304056170.0
1555423304057016.0
1555423304058418.0
1555423304058707.0
1555423304058744.0
1555423304067953.0
1555423304069991.0
1555423304071429.0
1555423304071998.0
1555423304072533.0
1555423304073596.0
1555423304073640.0
1555423304076209.0
1555423304077327.0
1555423304128471.0
1555423304129706.0
1555423304234504.0

1555423304049430.8
1555423304052533.0
1555423304054174.5
1555423304055802.0
1555423304056388.2
1555423304057195.0
1555423304057619.5
1555423304058628.2
1555423304058924.0
1555423304063896.8
1555423304068401.0
1555423304070684.2
1555423304071677.0
1555423304072280.0
1555423304073074.2
1555423304073830.8
1555423304074270.8
1555423304076676.5
1555423304078132.5
1555423304128790.2
1555423304129859.8
1555423304234806.8
1555423304235265.8
1555423304235829.8
1555423304236541.0

25
15
6
