1555511301029344.0
1555511301029346.0
1555511301029383.0
1555511301029384.0
1555511301029422.0
1555511301029432.0
1555511301029506.0
1555511301029685.0
1555511301029685.0
1555511301029686.0
1555511301029689.0
1555511301029690.0
1555511301029691.0
1555511301029691.0
1555511301029766.0
1555511301030668.0
1555511301030696.0
1555511301030855.0
1555511301030897.0
1555511301031304.0
1555511301031651.0
1555511301032229.0
1555511301032491.0
1555511301032708.0
1555511301033182.0

1555511301043541.0
1555511301044516.0
1555511301046835.0
1555511301048167.0
1555511301050984.0
1555511301052732.0
1555511301053140.0
1555511301053447.0
1555511301055013.0
1555511301057714.0
1555511301062679.0
1555511301062720.0
1555511301065720.0
1555511301066948.0
1555511301068198.0
1555511301069531.0
1555511301070388.0
1555511301072650.0
1555511301073980.0
1555511301075212.0
1555511301075252.0
1555511301076736.0
1555511301078632.0

1555511301045904.5
1555511301047990.8
1555511301049293.8
1555511301050495.2
1555511301052912.8
1555511301053357.5
1555511301053627.0
1555511301055224.8
1555511301057834.2
1555511301058899.8
1555511301062925.5
1555511301063406.5
1555511301065946.2
1555511301067563.2
1555511301068401.5
1555511301070059.5
1555511301070581.2
1555511301072857.0
1555511301074176.0
1555511301075423.5
1555511301075835.8
1555511301077339.0
1555511301078229.0
1555511301078826.0
1555511301079274.8

25
13
5
