1555423859033536.0
1555423859033569.0
1555423859033575.0
1555423859033690.0
1555423859033691.0
1555423859033692.0
1555423859033693.0
1555423859033694.0
1555423859033694.0
1555423859036668.0
1555423859036746.0
1555423859036748.0
1555423859036750.0
1555423859036851.0
1555423859036854.0
1555423859036930.0
1555423859036931.0
1555423859036932.0
1555423859036933.0
1555423859036948.0
1555423859036954.0
1555423859037061.0
1555423859037062.0
1555423859037063.0
1555423859037064.0

1555423859044248.0
1555423859046415.0
1555423859046672.0
1555423859048166.0
1555423859049911.0
1555423859050881.0
1555423859051098.0
1555423859056341.0
1555423859056818.0
1555423859059462.0
1555423859065819.0
1555423859065948.0
1555423859066450.0
1555423859067497.0
1555423859068314.0
1555423859068933.0
1555423859068998.0
1555423859069931.0
1555423859073774.0
1555423859074977.0
1555423859075907.0
1555423859077083.0
1555423859077834.0

1555423859045655.2
1555423859047824.5
1555423859051578.0
1555423859052038.5
1555423859053270.8
1555423859053735.5
1555423859055255.5
1555423859056527.0
1555423859057624.0
1555423859059641.0
1555423859066123.0
1555423859066623.8
1555423859067059.5
1555423859067660.8
1555423859068628.0
1555423859069233.5
1555423859069622.2
1555423859070375.5
1555423859073965.5
1555423859075156.5
1555423859076318.8
1555423859077229.2
1555423859077991.5
1555423859078466.5
1555423859079359.8

25
12
6
