Time-differences (millis):

0.002
0.048
0.033
0.044
0.117
0.035
0.02
0.006
0.033
0.016
0.15
0.001
0.018
0.001
0.015
0.023
0.007
0.033
0.001
0.012
0.036
0.0
0.011
0.032

2.697
1.607
1.554
1.58
1.562
0.903
0.023
0.483
0.378
7.947
3.926
1.684
1.328
0.618
0.046
1.964
0.906
1.271
1.195
0.805
1.089
1.71
1.08

2.5435
1.56325
1.5755
1.56025
0.69675
0.90375
0.20925
0.2215
0.44775
7.95375
4.24525
1.30725
1.45125
0.87675
0.4565
1.181
1.1395
1.004
1.20025
1.06525
1.084
0.93425
0.5285
1.61425

Test:	CR2_r_9
Requests:	25
Success:	15
Used:   	7

Local times (milisec):
min:	0.0
max:	0.15
mean:	0.028916666666666667
median:	0.019
stdev:	0.0356698833711318

Web server times (milisec):
min:	0.023
max:	7.947
mean:	1.580695652173913
median:	1.271
stdev:	1.625500858051355

App server times (milisec):
min:	0.20925
max:	7.95375
mean:	1.4901354166666667
median:	1.11175
stdev:	1.6073090933687604
diff:	1.10225