1555511475033688.0
1555511475033720.0
1555511475033721.0
1555511475033754.0
1555511475033766.0
1555511475033781.0
1555511475033795.0
1555511475033810.0
1555511475033826.0
1555511475033838.0
1555511475033856.0
1555511475033876.0
1555511475033900.0
1555511475033925.0
1555511475033973.0
1555511475033985.0
1555511475034002.0
1555511475034011.0
1555511475034028.0
1555511475034042.0
1555511475034057.0
1555511475034079.0
1555511475034084.0
1555511475034100.0
1555511475034193.0
1555511475127631.0
1555511475132728.0

1555511475046894.0
1555511475048598.0
1555511475049104.0
1555511475049805.0
1555511475053724.0
1555511475056584.0
1555511475057214.0
1555511475057257.0
1555511475057591.0
1555511475063166.0
1555511475069356.0
1555511475069398.0
1555511475071428.0
1555511475072196.0
1555511475073507.0
1555511475074599.0
1555511475075816.0
1555511475076203.0
1555511475080386.0
1555511475082119.0
1555511475083495.0
1555511475085221.0
1555511475085829.0
1555511475144271.0

1555511475052033.5
1555511475053098.5
1555511475054928.2
1555511475056031.8
1555511475057500.8
1555511475057780.2
1555511475058043.8
1555511475058770.2
1555511475061078.8
1555511475063425.5
1555511475070038.0
1555511475070559.2
1555511475071682.0
1555511475072404.5
1555511475073716.2
1555511475074862.2
1555511475076106.5
1555511475076405.2
1555511475080602.2
1555511475082613.2
1555511475083647.8
1555511475085411.0
1555511475086259.8
1555511475139763.5
1555511475144514.8

25
12
7
