1555511278030742.0
1555511278030743.0
1555511278030743.0
1555511278030761.0
1555511278030761.0
1555511278030776.0
1555511278030790.0
1555511278030799.0
1555511278031785.0
1555511278031824.0
1555511278031860.0
1555511278036447.0
1555511278036448.0
1555511278036481.0
1555511278036491.0
1555511278036519.0
1555511278036519.0
1555511278036528.0
1555511278036552.0
1555511278036553.0
1555511278036561.0
1555511278036584.0
1555511278036652.0
1555511278036652.0
1555511278036653.0

1555511278045601.0
1555511278047793.0
1555511278048184.0
1555511278049553.0
1555511278051894.0
1555511278053936.0
1555511278054352.0
1555511278056554.0
1555511278058785.0
1555511278060889.0
1555511278067687.0
1555511278067729.0
1555511278069249.0
1555511278069652.0
1555511278071089.0
1555511278071131.0
1555511278072115.0
1555511278073510.0
1555511278075588.0
1555511278076330.0
1555511278077802.0
1555511278079774.0

1555511278047037.8
1555511278049335.5
1555511278052841.0
1555511278054127.2
1555511278054582.5
1555511278055460.8
1555511278056631.0
1555511278058499.8
1555511278058996.2
1555511278061098.8
1555511278067929.5
1555511278068717.8
1555511278069805.2
1555511278070222.8
1555511278071399.8
1555511278071826.2
1555511278072290.0
1555511278074302.0
1555511278076080.5
1555511278076485.0
1555511278078759.8
1555511278079477.0
1555511278079924.0
1555511278080592.5
1555511278081564.0

25
13
6
