Time-differences (millis):

0.067
0.002
0.079
0.002
0.001
0.002
0.033
0.001
0.001
0.024
0.002
0.04
0.068
0.016
0.014
0.09
0.034
0.037
0.025
0.028
0.048
0.023
0.01
0.018
97.337
0.002
0.0
0.001
0.086
0.001
5.079
0.001
0.001
0.072
0.001
0.0
4.151
0.002
0.049
0.001
5.062
0.0
0.001

4.511
1.282
1.107
1.269
0.508
88.324
1.08
0.597
0.912
1.416
1.532
0.873
2.202
0.971
5.519
0.059
1.456
5.218
0.6
0.024
5.382
0.625
1.844

6.67625
0.883
1.20975
1.5965
1.0025
84.612
1.004
0.61375
0.89625
1.386
1.47825
0.87175
2.202
0.96475
5.63825
0.274
1.13725
5.88825
1.96525
1.35375
2.0375
1.265
0.6185
0.91925

Test:	CR2_r_3
Requests:	25
Success:	13
Used:   	6

Local times (milisec):
min:	0.0
max:	97.337
mean:	2.6165581395348836
median:	0.016
stdev:	14.83945644830238

Web server times (milisec):
min:	0.024
max:	88.324
mean:	5.535260869565217
median:	1.269
stdev:	18.125451804318477

App server times (milisec):
min:	0.274
max:	84.612
mean:	5.270572916666667
median:	1.2373750000000001
stdev:	16.98618724771868
diff:	2.9025