1555511329037061.0
1555511329037061.0
1555511329037079.0
1555511329039046.0
1555511329039109.0
1555511329039157.0
1555511329039176.0
1555511329039195.0
1555511329039211.0
1555511329039234.0
1555511329039276.0
1555511329039467.0
1555511329039468.0
1555511329039468.0
1555511329039469.0
1555511329039470.0
1555511329039491.0
1555511329039491.0
1555511329039511.0
1555511329039531.0
1555511329039540.0
1555511329039574.0
1555511329039575.0
1555511329039589.0
1555511329039622.0

1555511329052478.0
1555511329054463.0
1555511329055559.0
1555511329056339.0
1555511329060171.0
1555511329061789.0
1555511329061823.0
1555511329064194.0
1555511329064503.0
1555511329068969.0
1555511329073832.0
1555511329074902.0
1555511329074942.0
1555511329075923.0
1555511329076301.0
1555511329077877.0
1555511329078483.0
1555511329080203.0
1555511329081739.0
1555511329082242.0
1555511329082524.0
1555511329082936.0
1555511329084197.0
1555511329084434.0
1555511329088302.0

1555511329053809.2
1555511329058602.2
1555511329059717.8
1555511329061304.0
1555511329061997.5
1555511329062165.8
1555511329063377.8
1555511329064424.2
1555511329065949.0
1555511329069175.2
1555511329074013.2
1555511329075175.5
1555511329075607.5
1555511329076067.5
1555511329076765.2
1555511329078147.5
1555511329078935.8
1555511329080364.0
1555511329081931.2
1555511329082414.8
1555511329082695.5
1555511329083085.0
1555511329084366.8
1555511329088485.0
1555511329102895.5

25
13
8
