Time-differences (millis):

0.033
0.006
0.115
0.001
0.001
0.001
0.001
0.0
2.974
0.078
0.002
0.002
0.101
0.003
0.076
0.001
0.001
0.001
0.015
0.006
0.107
0.001
0.001
0.001

2.167
0.257
1.494
1.745
0.97
0.217
5.243
0.477
2.644
6.357
0.129
0.502
1.047
0.817
0.619
0.065
0.933
3.843
1.203
0.93
1.176
0.751

2.16925
3.7535
0.4605
1.23225
0.46475
1.52
1.2715
1.097
2.017
6.482
0.50075
0.43575
0.60125
0.96725
0.6055
0.38875
0.75325
3.59
1.191
1.16225
0.9105
0.76225
0.475
0.89325

Test:	CR2_r_6
Requests:	25
Success:	12
Used:   	6

Local times (milisec):
min:	0.0
max:	2.974
mean:	0.14700000000000002
median:	0.002
stdev:	0.6034036791402585

Web server times (milisec):
min:	0.065
max:	6.357
mean:	1.5266363636363636
median:	0.9515
stdev:	1.6502538778842066

App server times (milisec):
min:	0.38875
max:	6.482
mean:	1.4043541666666666
median:	0.938875
stdev:	1.4070750882219922
diff:	2.44025