1555422796033465.0
1555422796033550.0
1555422796033552.0
1555422796033581.0
1555422796033599.0
1555422796033686.0
1555422796033688.0
1555422796033706.0
1555422796033707.0
1555422796033722.0
1555422796033747.0
1555422796033753.0
1555422796036756.0
1555422796036793.0
1555422796036924.0
1555422796036925.0
1555422796036943.0
1555422796036950.0
1555422796036967.0
1555422796036989.0
1555422796036996.0
1555422796037030.0
1555422796037031.0
1555422796037046.0
1555422796037079.0

1555422796050411.0
1555422796053581.0
1555422796053613.0
1555422796054512.0
1555422796056982.0
1555422796057980.0
1555422796059101.0
1555422796059122.0
1555422796062144.0
1555422796063019.0
1555422796068549.0
1555422796070159.0
1555422796073199.0
1555422796073733.0
1555422796079150.0
1555422796080205.0
1555422796081989.0
1555422796083467.0
1555422796085194.0
1555422796086404.0
1555422796087237.0
1555422796087864.0

1555422796051735.8
1555422796055535.2
1555422796059306.0
1555422796059997.8
1555422796060906.2
1555422796061879.8
1555422796062328.5
1555422796063462.0
1555422796068723.0
1555422796070676.0
1555422796071422.0
1555422796073435.0
1555422796073887.0
1555422796074889.2
1555422796080419.8
1555422796080883.2
1555422796082170.5
1555422796083619.5
1555422796085658.5
1555422796086587.2
1555422796087407.5
1555422796088046.8
1555422796088471.8
1555422796089622.5
1555422796090441.5

25
11
7
