1555511453030584.0
1555511453030663.0
1555511453030663.0
1555511453033587.0
1555511453034481.0
1555511453034551.0
1555511453034552.0
1555511453034553.0
1555511453034597.0
1555511453034598.0
1555511453034624.0
1555511453034625.0
1555511453034641.0
1555511453034653.0
1555511453034670.0
1555511453034677.0
1555511453034704.0
1555511453034750.0
1555511453034758.0
1555511453034769.0
1555511453034787.0
1555511453034800.0
1555511453035006.0
1555511453035007.0
1555511453035007.0

1555511453044746.0
1555511453047561.0
1555511453047588.0
1555511453048347.0
1555511453053085.0
1555511453053356.0
1555511453055554.0
1555511453055577.0
1555511453056814.0
1555511453058720.0
1555511453064170.0
1555511453066070.0
1555511453066114.0
1555511453067711.0
1555511453068270.0
1555511453069802.0
1555511453069849.0
1555511453069885.0
1555511453073774.0
1555511453074255.0
1555511453074274.0
1555511453076301.0
1555511453077071.0
1555511453083022.0

1555511453046217.0
1555511453049504.5
1555511453051120.2
1555511453052591.8
1555511453053272.2
1555511453055059.5
1555511453055742.5
1555511453056125.2
1555511453057025.5
1555511453058868.0
1555511453064377.8
1555511453066278.2
1555511453066708.0
1555511453067937.8
1555511453068970.0
1555511453070067.2
1555511453070494.2
1555511453070896.2
1555511453073940.2
1555511453074423.2
1555511453074945.0
1555511453077237.8
1555511453080359.2
1555511453082164.8
1555511453083288.0

25
12
6
