Time-differences (millis):

0.013
0.031
0.012
0.025
0.033
0.047
0.054
0.035
0.014
0.025
0.018
0.02
0.02
0.02
0.219
0.057
4.231
0.021
0.021
0.02
0.02
0.02
0.019
0.02

2.502
0.027
1.241
3.188
2.441
0.023
0.64
0.785
4.185
5.35
1.365
0.906
0.047
2.052
0.124
0.549
2.09
0.835
1.365
1.316
1.249
3.951

3.343
1.6005
1.9
1.234
0.39225
0.231
0.8195
0.32525
3.95225
5.59825
1.158
0.804
0.4075
1.8005
0.4875
0.92525
1.99875
0.88625
0.764
1.18325
1.17775
0.76575
1.09
2.1995

Test:	CR2_r_23
Requests:	25
Success:	14
Used:   	5

Local times (milisec):
min:	0.012
max:	4.231
mean:	0.20895833333333333
median:	0.0205
stdev:	0.857680668211187

Web server times (milisec):
min:	0.023
max:	5.35
mean:	1.6468636363636364
median:	1.2825000000000002
stdev:	1.4550856723412589

App server times (milisec):
min:	0.231
max:	5.59825
mean:	1.4601666666666666
median:	1.124
stdev:	1.266590123783802
diff:	2.263