Time-differences (millis):

0.145
0.017
0.01
0.019
0.008
0.019
0.014
0.015
0.01
0.019
5.106
0.277
0.001
0.0
0.001
0.0
0.0
0.001
0.0
0.001
0.0
0.0
0.037
0.001

11.358
0.031
0.027
4.569
1.67
0.25
0.04
1.099
3.025
3.789
2.91
2.338
1.12
1.589
0.885
1.139
0.621
0.046
1.072
0.575
1.368
1.678

12.5015
1.607
1.677
0.67025
0.3505
1.057
0.28275
0.61375
2.136
5.22
1.769
2.12975
0.98975
1.583
0.9095
1.2825
0.50875
0.193
0.9035
0.8345
1.06775
1.69725
0.42125
1.345

Test:	CR2_r_14
Requests:	25
Success:	15
Used:   	7

Local times (milisec):
min:	0.0
max:	5.106
mean:	0.23754166666666665
median:	0.009000000000000001
stdev:	1.0387742768226433

Web server times (milisec):
min:	0.027
max:	11.358
mean:	1.8726818181818181
median:	1.1295000000000002
stdev:	2.455759302350752

App server times (milisec):
min:	0.193
max:	12.5015
mean:	1.73959375
median:	1.0623749999999998
stdev:	2.506074030808751
diff:	2.32275