Time-differences (millis):

1812.976
0.038
0.001
0.023
0.013
0.023
0.401
0.406
0.345
0.105
0.344
0.097
0.412
0.21
3.185
0.001
0.0
0.033
0.03
0.008
0.017
0.006
0.026
0.053
0.081

2.613
0.403
0.236
3.506
0.968
3.859
0.407
0.402
1.914
7.054
1.252
0.745
0.038
2.553
0.844
1.129
1.411
2.045
0.992
2.878
0.559
0.549
0.525
3.583

2.828
4.3745
0.417
0.48325
1.0895
0.99725
0.399
0.3965
2.9725
6.00225
2.03975
1.11375
0.81425
0.604
0.84075
1.647
0.92825
2.0835
0.99225
2.8045
0.64025
0.4675
0.789
3.47525

Test:	CR2_r_7
Requests:	25
Success:	16
Used:   	6

Local times (milisec):
min:	0.0
max:	1812.976
mean:	72.75336
median:	0.038
stdev:	362.5469307776903

Web server times (milisec):
min:	0.038
max:	7.054
mean:	1.6860416666666667
median:	1.0605
stdev:	1.6216839470980042

App server times (milisec):
min:	0.3965
max:	6.00225
mean:	1.6333229166666667
median:	0.99475
stdev:	1.4462119099474087
diff:	1.208