Time-differences (millis):

0.032
0.001
0.033
0.012
0.015
0.014
0.015
0.016
0.012
0.018
0.02
0.024
0.025
0.048
0.012
0.017
0.009
0.017
0.014
0.015
0.022
0.005
0.016
0.093
93.438
5.097

1.704
0.506
0.701
3.919
2.86
0.63
0.043
0.334
5.575
6.19
0.042
2.03
0.768
1.311
1.092
1.217
0.387
4.183
1.733
1.376
1.726
0.608
58.442

1.065
1.82975
1.1035
1.469
0.2795
0.2635
0.7265
2.3085
2.34675
6.6125
0.52125
1.12275
0.7225
1.31175
1.146
1.24425
0.29875
4.197
2.011
1.0345
1.76325
0.84875
53.50375
4.75125

Test:	CR2_r_22
Requests:	25
Success:	12
Used:   	7

Local times (milisec):
min:	0.001
max:	93.438
mean:	3.809230769230769
median:	0.0165
stdev:	18.307802936032914

Web server times (milisec):
min:	0.042
max:	58.442
mean:	4.233782608695652
median:	1.311
stdev:	11.937884660938286

App server times (milisec):
min:	0.2635
max:	53.50375
mean:	3.8533854166666663
median:	1.195125
stdev:	10.683670552931815
diff:	4.29425