1555424277042145.0
1555424277042147.0
1555424277042200.0
1555424277042282.0
1555424277042283.0
1555424277042283.0
1555424277042283.0
1555424277042305.0
1555424277042305.0
1555424277042317.0
1555424277042337.0
1555424277042378.0
1555424277042399.0
1555424277042409.0
1555424277042589.0
1555424277042590.0
1555424277042601.0
1555424277042680.0
1555424277042680.0
1555424277042681.0
1555424277042681.0
1555424277042698.0
1555424277042703.0
1555424277042725.0
1555424277042768.0

1555424277055266.0
1555424277056320.0
1555424277058356.0
1555424277059973.0
1555424277061597.0
1555424277062940.0
1555424277062963.0
1555424277065852.0
1555424277066255.0
1555424277072798.0
1555424277074944.0
1555424277075844.0
1555424277076792.0
1555424277078340.0
1555424277079451.0
1555424277080200.0
1555424277080773.0
1555424277081348.0
1555424277083325.0
1555424277084105.0
1555424277086149.0
1555424277088025.0
1555424277088602.0
1555424277089316.0

1555424277057602.8
1555424277059490.0
1555424277061112.2
1555424277063141.8
1555424277063702.2
1555424277065061.5
1555424277066027.5
1555424277066433.0
1555424277070489.5
1555424277073620.0
1555424277075525.0
1555424277076004.0
1555424277076984.2
1555424277078525.8
1555424277080056.2
1555424277080466.8
1555424277080952.8
1555424277081489.5
1555424277083544.8
1555424277084318.8
1555424277086293.5
1555424277088295.0
1555424277089007.2
1555424277089823.5
1555424277090217.5

25
16
7
