Time-differences (millis):

0.0
0.018
1.967
0.063
0.048
0.019
0.019
0.016
0.023
0.042
0.191
0.001
0.0
0.001
0.001
0.021
0.0
0.02
0.02
0.009
0.034
0.001
0.014
0.033

1.985
1.096
0.78
3.832
1.618
0.034
2.371
0.309
4.466
4.863
1.07
0.04
0.981
0.378
1.576
0.606
1.72
1.536
0.503
0.282
0.412
1.261
0.237
3.868

4.793
1.1155
1.58625
0.6935
0.16825
1.212
1.0465
1.52475
3.22625
4.838
1.16225
0.432
0.46
0.69775
1.38225
0.78825
1.42825
1.56725
0.4835
0.28075
0.3895
1.28175
4.11825
14.4105

Test:	CR2_r_20
Requests:	25
Success:	13
Used:   	8

Local times (milisec):
min:	0.0
max:	1.967
mean:	0.10670833333333334
median:	0.019
stdev:	0.39814378866092504

Web server times (milisec):
min:	0.034
max:	4.863
mean:	1.4926666666666666
median:	1.0830000000000002
stdev:	1.4206756710519262

App server times (milisec):
min:	0.16825
max:	14.4105
mean:	2.045260416666667
median:	1.187125
stdev:	2.960214986940732
diff:	1.694