1555423998127801.0
1555423998128034.0
1555423998128035.0
1555423998128037.0
1555423998128038.0
1555423998128040.0
1555423998128041.0
1555423998128042.0
1555423998128158.0
1555423998128159.0
1555423998128188.0
1555423998128219.0
1555423998128576.0
1555423998128577.0
1555423998128578.0
1555423998128578.0
1555423998128579.0
1555423998128579.0
1555423998128580.0
1555423998128581.0
1555423998128581.0
1555423998128582.0
1555423998128583.0
1555423998128642.0
1555423998128642.0

1555423998138072.0
1555423998140562.0
1555423998140588.0
1555423998141969.0
1555423998143270.0
1555423998147943.0
1555423998147971.0
1555423998148589.0
1555423998149563.0
1555423998151338.0
1555423998159541.0
1555423998160896.0
1555423998160939.0
1555423998163018.0
1555423998163147.0
1555423998164566.0
1555423998165418.0
1555423998166517.0
1555423998169483.0
1555423998170504.0
1555423998171678.0
1555423998172066.0

1555423998139763.0
1555423998144710.0
1555423998145833.2
1555423998147421.5
1555423998148519.8
1555423998148758.8
1555423998149750.0
1555423998150380.2
1555423998154986.2
1555423998156189.2
1555423998159736.8
1555423998161092.8
1555423998161884.8
1555423998163320.5
1555423998163751.5
1555423998164769.5
1555423998166106.5
1555423998167909.0
1555423998169653.2
1555423998170830.5
1555423998171354.2
1555423998172293.8
1555423998172695.5
1555423998173194.2
1555423998173674.5

25
14
6
