1555423975226143.0
1555423977039119.0
1555423977039157.0
1555423977039158.0
1555423977039181.0
1555423977039194.0
1555423977039217.0
1555423977039618.0
1555423977040024.0
1555423977040369.0
1555423977040474.0
1555423977040818.0
1555423977040915.0
1555423977041327.0
1555423977041537.0
1555423977044722.0
1555423977044723.0
1555423977044723.0
1555423977044756.0
1555423977044786.0
1555423977044794.0
1555423977044811.0
1555423977044817.0
1555423977044843.0
1555423977044896.0
1555423977044977.0

1555423977048952.0
1555423977051565.0
1555423977051968.0
1555423977052204.0
1555423977055710.0
1555423977056678.0
1555423977060537.0
1555423977060944.0
1555423977061346.0
1555423977063260.0
1555423977070314.0
1555423977071566.0
1555423977072311.0
1555423977072349.0
1555423977074902.0
1555423977075746.0
1555423977076875.0
1555423977078286.0
1555423977080331.0
1555423977081323.0
1555423977084201.0
1555423977084760.0
1555423977085309.0
1555423977085834.0
1555423977089417.0

1555423977050525.8
1555423977053353.8
1555423977057728.2
1555423977058145.2
1555423977058628.5
1555423977059718.0
1555423977060715.2
1555423977061114.2
1555423977061510.8
1555423977064483.2
1555423977070485.5
1555423977072525.2
1555423977073639.0
1555423977074453.2
1555423977075057.2
1555423977075898.0
1555423977077545.0
1555423977078473.2
1555423977080556.8
1555423977081549.0
1555423977084353.5
1555423977084993.8
1555423977085461.2
1555423977086250.2
1555423977089725.5

25
16
6
