1555423749056996.0
1555423749056997.0
1555423749056997.0
1555423749060715.0
1555423749060718.0
1555423749060989.0
1555423749061033.0
1555423749061045.0
1555423749061143.0
1555423749061155.0
1555423749061178.0
1555423749061189.0
1555423749061216.0
1555423749061512.0
1555423749061513.0
1555423749061514.0
1555423749061517.0
1555423749061517.0
1555423749061518.0
1555423749061518.0
1555423749061519.0
1555423749061519.0
1555423749061782.0
1555423749068373.0
1555423749068373.0

1555423749070276.0
1555423749072243.0
1555423749073950.0
1555423749074626.0
1555423749074966.0
1555423749076159.0
1555423749076584.0
1555423749080217.0
1555423749082380.0
1555423749087445.0
1555423749088275.0
1555423749089239.0
1555423749089283.0
1555423749093845.0
1555423749096195.0
1555423749099120.0
1555423749100750.0
1555423749101250.0
1555423749103598.0
1555423749104179.0
1555423749105825.0
1555423749105864.0
1555423749108234.0

1555423749071632.5
1555423749073409.5
1555423749074138.2
1555423749078247.8
1555423749079659.0
1555423749080697.2
1555423749082117.5
1555423749082606.2
1555423749082899.0
1555423749087998.8
1555423749088717.5
1555423749089428.8
1555423749089847.2
1555423749094131.8
1555423749096404.0
1555423749099315.0
1555423749100924.2
1555423749101427.0
1555423749103256.5
1555423749103849.0
1555423749105097.2
1555423749106049.8
1555423749106495.5
1555423749108383.2
1555423749108809.2

25
13
4
