Time-differences (millis):

0.001
0.03
0.012
0.015
0.02
0.051
0.012
0.011
0.009
0.027
0.07
0.001
0.001
0.013
0.004
0.026
0.0
0.008
0.024
0.001
0.008
0.023
0.001
0.01
98.672
0.002
0.111
0.001
5.681
0.002
0.076
0.001
0.001
0.001
0.001
4.634
0.002
0.001

2.122
0.803
0.828
3.445
0.317
0.453
1.632
3.972
0.798
5.91
77.394
0.556
0.025
1.204
3.379
0.366
0.264
0.337
0.977
1.556
1.589

3.47225
1.2365
1.614
0.63375
1.03625
0.38575
2.8235
2.464
0.48725
4.986
77.473
0.4685
0.648
0.48875
3.436
0.299
0.59075
1.2775
0.459
0.8325
1.5665
0.3915
1.45225
2.08825

Test:	CR2_r_2
Requests:	25
Success:	11
Used:   	6

Local times (milisec):
min:	0.0
max:	98.672
mean:	2.8832631578947368
median:	0.0095
stdev:	16.00172289319178

Web server times (milisec):
min:	0.025
max:	77.394
mean:	5.139380952380953
median:	0.977
stdev:	16.62311674288607

App server times (milisec):
min:	0.299
max:	77.473
mean:	4.60878125
median:	1.136375
stdev:	15.56749156186931
diff:	7.68