Time-differences (millis):

0.001
0.001
0.034
0.001
0.014
0.014
0.016
0.02
0.112
0.001
0.012
0.001
0.013
0.012
0.007
0.023
0.001
0.009
0.024
0.0
0.009
0.023
0.0
0.162
122.889
0.002
0.0
0.001
0.095
5.651
0.002
0.001
0.0
0.101
0.0
0.001
0.0
0.0
0.001
4.611

3.514
1.262
1.783
6.452
2.267
13.69
0.598
0.872
91.402
0.021
0.879
1.008
6.085
0.076
2.182
0.716
6.094
1.113
0.946
0.238
0.86
1.759

4.58625
1.82425
0.53625
5.99125
1.26925
13.705
0.584
0.86675
91.46875
0.44375
0.383
1.2645
5.93025
1.37325
0.71725
0.711
6.108
1.40525
0.8825
0.917
0.8465
1.5655
0.61025
1.719

Test:	CR2_r_11
Requests:	25
Success:	12
Used:   	6

Local times (milisec):
min:	0.0
max:	122.889
mean:	3.346625
median:	0.008
stdev:	19.419107709685957

Web server times (milisec):
min:	0.021
max:	91.402
mean:	6.537136363636364
median:	1.1875
stdev:	19.21538650168377

App server times (milisec):
min:	0.383
max:	91.46875
mean:	6.071197916666667
median:	1.266875
stdev:	18.439552402933728
diff:	5.50025