1555424048036576.0
1555424048036578.0
1555424048036626.0
1555424048036659.0
1555424048036703.0
1555424048036820.0
1555424048036855.0
1555424048036875.0
1555424048036881.0
1555424048036914.0
1555424048036930.0
1555424048037080.0
1555424048037081.0
1555424048037099.0
1555424048037100.0
1555424048037115.0
1555424048037138.0
1555424048037145.0
1555424048037178.0
1555424048037179.0
1555424048037191.0
1555424048037227.0
1555424048037227.0
1555424048037238.0
1555424048037270.0

1555424048050084.0
1555424048052781.0
1555424048054388.0
1555424048055942.0
1555424048057522.0
1555424048059084.0
1555424048059987.0
1555424048060010.0
1555424048060493.0
1555424048060871.0
1555424048068818.0
1555424048072744.0
1555424048074428.0
1555424048075756.0
1555424048076374.0
1555424048076420.0
1555424048078384.0
1555424048079290.0
1555424048080561.0
1555424048081756.0
1555424048082561.0
1555424048083650.0
1555424048085360.0
1555424048086440.0

1555424048051372.2
1555424048053915.8
1555424048055479.0
1555424048057054.5
1555424048058614.8
1555424048059311.5
1555424048060215.2
1555424048060424.5
1555424048060646.0
1555424048061093.8
1555424048069047.5
1555424048073292.8
1555424048074600.0
1555424048076051.2
1555424048076928.0
1555424048077384.5
1555424048078565.5
1555424048079705.0
1555424048080709.0
1555424048081909.2
1555424048082974.5
1555424048084058.5
1555424048084992.8
1555424048085521.2
1555424048087135.5

25
15
7
