1555424742048425.0
1555424742048570.0
1555424742048587.0
1555424742048597.0
1555424742048616.0
1555424742048624.0
1555424742048643.0
1555424742048657.0
1555424742048672.0
1555424742048682.0
1555424742048701.0
1555424742053807.0
1555424742054084.0
1555424742054085.0
1555424742054085.0
1555424742054086.0
1555424742054086.0
1555424742054086.0
1555424742054087.0
1555424742054087.0
1555424742054088.0
1555424742054088.0
1555424742054088.0
1555424742054125.0
1555424742054126.0

1555424742067424.0
1555424742078782.0
1555424742078813.0
1555424742078840.0
1555424742083409.0
1555424742085079.0
1555424742085329.0
1555424742085369.0
1555424742086468.0
1555424742089493.0
1555424742093282.0
1555424742096192.0
1555424742098530.0
1555424742099650.0
1555424742101239.0
1555424742102124.0
1555424742103263.0
1555424742103884.0
1555424742103930.0
1555424742105002.0
1555424742105577.0
1555424742106945.0
1555424742108623.0

1555424742068801.0
1555424742081302.5
1555424742082909.5
1555424742084586.5
1555424742085256.8
1555424742085607.2
1555424742086664.2
1555424742086947.0
1555424742087560.8
1555424742089696.8
1555424742094916.8
1555424742096685.8
1555424742098815.5
1555424742099805.2
1555424742101388.2
1555424742102297.8
1555424742103580.2
1555424742104089.0
1555424742104282.0
1555424742105185.5
1555424742106020.0
1555424742107087.8
1555424742108785.0
1555424742109206.2
1555424742110551.2

25
15
7
