Time-differences (millis):

0.002
0.053
0.082
0.001
0.0
0.0
0.022
0.0
0.012
0.02
0.041
0.021
0.01
0.18
0.001
0.011
0.079
0.0
0.001
0.0
0.017
0.005
0.022
0.043

1.054
2.036
1.617
1.624
1.343
0.023
2.889
0.403
6.543
2.146
0.9
0.948
1.548
1.111
0.749
0.573
0.575
1.977
0.78
2.044
1.876
0.577
0.714

1.88725
1.62225
2.0295
0.5605
1.35925
0.966
0.4055
4.0565
3.1305
1.905
0.479
0.98025
1.5415
1.5305
0.4105
0.486
0.53675
2.05525
0.774
1.97475
2.0015
0.71225
0.81625
0.394

Test:	CR2_r_12
Requests:	25
Success:	16
Used:   	7

Local times (milisec):
min:	0.0
max:	0.18
mean:	0.025958333333333333
median:	0.0115
stdev:	0.040661357755155614

Web server times (milisec):
min:	0.023
max:	6.543
mean:	1.4804347826086957
median:	1.111
stdev:	1.3046210813902652

App server times (milisec):
min:	0.394
max:	4.0565
mean:	1.3589479166666667
median:	1.16975
stdev:	0.9276769665323169
diff:	1.797