Time-differences (millis):

0.079
0.0
2.924
0.894
0.07
0.001
0.001
0.044
0.001
0.026
0.001
0.016
0.012
0.017
0.007
0.027
0.046
0.008
0.011
0.018
0.013
0.206
0.001
0.0

2.815
0.027
0.759
4.738
0.271
2.198
0.023
1.237
1.906
5.45
1.9
0.044
1.597
0.559
1.532
0.047
0.036
3.889
0.481
0.019
2.027
0.77
5.951

3.2875
1.61575
1.4715
0.6805
1.78725
0.683
0.38275
0.90025
1.8425
5.50975
1.9005
0.42975
1.22975
1.03225
1.09725
0.427
0.402
3.044
0.483
0.52175
2.29275
3.1215
1.8055
1.12325

Test:	CR2_r_21
Requests:	25
Success:	12
Used:   	6

Local times (milisec):
min:	0.0
max:	2.924
mean:	0.18429166666666666
median:	0.014499999999999999
stdev:	0.6112832175853098

Web server times (milisec):
min:	0.019
max:	5.951
mean:	1.6641739130434783
median:	1.237
stdev:	1.800503279443983

App server times (milisec):
min:	0.38275
max:	5.50975
mean:	1.5446250000000001
median:	1.1764999999999999
stdev:	1.2224616758463407
diff:	1.69125