1555424626050445.0
1555424626050446.0
1555424626050446.0
1555424626057337.0
1555424626057338.0
1555424626057427.0
1555424626057446.0
1555424626057468.0
1555424626057498.0
1555424626057613.0
1555424626057651.0
1555424626057950.0
1555424626057951.0
1555424626057951.0
1555424626057952.0
1555424626057952.0
1555424626057953.0
1555424626057953.0
1555424626057954.0
1555424626057954.0
1555424626057955.0
1555424626057955.0
1555424626057956.0
1555424626066619.0
1555424626066620.0

1555424626069568.0
1555424626071637.0
1555424626073335.0
1555424626074937.0
1555424626077851.0
1555424626079526.0
1555424626079565.0
1555424626079847.0
1555424626080815.0
1555424626081203.0
1555424626090266.0
1555424626091766.0
1555424626092274.0
1555424626093619.0
1555424626093737.0
1555424626093780.0
1555424626096188.0
1555424626097210.0
1555424626099670.0
1555424626099708.0
1555424626101293.0
1555424626102593.0

1555424626070979.2
1555424626072840.5
1555424626074466.0
1555424626076074.0
1555424626079772.2
1555424626080009.0
1555424626081049.0
1555424626081898.5
1555424626082904.8
1555424626083469.8
1555424626090431.5
1555424626091960.0
1555424626092465.5
1555424626093932.8
1555424626094356.5
1555424626094993.8
1555424626096640.2
1555424626097370.0
1555424626099201.2
1555424626099854.0
1555424626100989.0
1555424626101455.8
1555424626102735.5
1555424626103956.8
1555424626105404.8

25
13
4
