1555424769028814.0
1555424769030655.0
1555424769030655.0
1555424769030735.0
1555424769030736.0
1555424769030737.0
1555424769030776.0
1555424769030814.0
1555424769030814.0
1555424769030830.0
1555424769030865.0
1555424769030866.0
1555424769030878.0
1555424769030911.0
1555424769030912.0
1555424769030927.0
1555424769032042.0
1555424769032043.0
1555424769032044.0
1555424769032044.0
1555424769032045.0
1555424769032045.0
1555424769032046.0
1555424769032046.0
1555424769032047.0

1555424769045216.0
1555424769048006.0
1555424769048176.0
1555424769049368.0
1555424769052168.0
1555424769055315.0
1555424769055357.0
1555424769055823.0
1555424769059896.0
1555424769060927.0
1555424769063898.0
1555424769067546.0
1555424769068292.0
1555424769068895.0
1555424769070929.0
1555424769070977.0
1555424769072003.0
1555424769072480.0
1555424769074558.0
1555424769075504.0
1555424769077576.0
1555424769078774.0
1555424769078814.0
1555424769080256.0
1555424769080630.0

1555424769046518.2
1555424769052010.8
1555424769053291.0
1555424769054283.0
1555424769055568.5
1555424769056454.0
1555424769057524.0
1555424769058741.2
1555424769060084.8
1555424769061855.0
1555424769064079.0
1555424769068010.5
1555424769068553.8
1555424769069878.8
1555424769071164.5
1555424769071599.5
1555424769072642.5
1555424769073253.8
1555424769075167.2
1555424769075942.8
1555424769077777.0
1555424769078998.5
1555424769079505.2
1555424769080932.8
1555424769081367.2

25
14
6
