1555511501029703.0
1555511501029716.0
1555511501029747.0
1555511501029759.0
1555511501029784.0
1555511501029817.0
1555511501029864.0
1555511501029918.0
1555511501029953.0
1555511501029967.0
1555511501029992.0
1555511501030010.0
1555511501030030.0
1555511501030050.0
1555511501030070.0
1555511501030289.0
1555511501030346.0
1555511501034577.0
1555511501034598.0
1555511501034619.0
1555511501034639.0
1555511501034659.0
1555511501034679.0
1555511501034698.0
1555511501034718.0

1555511501044254.0
1555511501046756.0
1555511501046783.0
1555511501048024.0
1555511501051212.0
1555511501053653.0
1555511501053676.0
1555511501054316.0
1555511501055101.0
1555511501059286.0
1555511501064636.0
1555511501066001.0
1555511501066907.0
1555511501066954.0
1555511501069006.0
1555511501069130.0
1555511501069679.0
1555511501071769.0
1555511501072604.0
1555511501073969.0
1555511501075285.0
1555511501076534.0
1555511501080485.0

1555511501045773.8
1555511501049116.8
1555511501050717.2
1555511501052617.2
1555511501053851.2
1555511501054243.5
1555511501054474.5
1555511501055294.0
1555511501055619.2
1555511501059571.5
1555511501065169.8
1555511501066327.8
1555511501067131.8
1555511501067539.2
1555511501069339.8
1555511501069827.2
1555511501070752.5
1555511501072751.2
1555511501073637.5
1555511501074401.5
1555511501075584.8
1555511501076762.5
1555511501077528.2
1555511501078618.2
1555511501080817.8

25
14
5
