1555511257030122.0
1555511257030122.0
1555511257030134.0
1555511257030135.0
1555511257030144.0
1555511257030159.0
1555511257030170.0
1555511257030182.0
1555511257030191.0
1555511257030204.0
1555511257030216.0
1555511257030224.0
1555511257030247.0
1555511257030247.0
1555511257030255.0
1555511257033188.0
1555511257033189.0
1555511257033202.0
1555511257033202.0
1555511257033212.0
1555511257033238.0
1555511257033238.0
1555511257033246.0
1555511257033270.0
1555511257033270.0

1555511257048181.0
1555511257050613.0
1555511257051175.0
1555511257051541.0
1555511257056171.0
1555511257057783.0
1555511257057808.0
1555511257058691.0
1555511257058955.0
1555511257062930.0
1555511257067891.0
1555511257070304.0
1555511257072195.0
1555511257072895.0
1555511257075306.0
1555511257150216.0

1555511257049706.0
1555511257052958.2
1555511257054604.5
1555511257055819.5
1555511257057283.5
1555511257058042.5
1555511257058883.5
1555511257059159.5
1555511257059881.2
1555511257063110.8
1555511257068053.0
1555511257070457.5
1555511257071731.2
1555511257072453.8
1555511257073190.0
1555511257073736.5
1555511257074991.8
1555511257075453.8
1555511257076612.5
1555511257077440.2
1555511257077973.0
1555511257078417.5
1555511257095396.8
1555511257151047.8
1555511257167101.5

25
8
3
