1555511557030636.0
1555511557030637.0
1555511557030666.0
1555511557030683.0
1555511557030710.0
1555511557030710.0
1555511557030720.0
1555511557030745.0
1555511557030745.0
1555511557030755.0
1555511557030777.0
1555511557030846.0
1555511557030846.0
1555511557030847.0
1555511557030861.0
1555511557033698.0
1555511557033699.0
1555511557033717.0
1555511557033734.0
1555511557033740.0
1555511557033763.0
1555511557033764.0
1555511557033772.0
1555511557033796.0
1555511557033797.0

1555511557044464.0
1555511557047495.0
1555511557049206.0
1555511557050882.0
1555511557052141.0
1555511557053784.0
1555511557054053.0
1555511557054335.0
1555511557056090.0
1555511557059207.0
1555511557062724.0
1555511557066408.0
1555511557067623.0
1555511557067967.0
1555511557068007.0
1555511557070681.0
1555511557071714.0
1555511557071920.0
1555511557072720.0
1555511557073084.0
1555511557074995.0
1555511557075881.0
1555511557080917.0
1555511557082323.0

1555511557046003.2
1555511557048694.0
1555511557050372.2
1555511557052027.2
1555511557053278.8
1555511557053980.0
1555511557054258.0
1555511557055865.5
1555511557056315.2
1555511557059396.2
1555511557062889.5
1555511557066569.8
1555511557068889.0
1555511557069412.0
1555511557069840.8
1555511557070826.8
1555511557072376.8
1555511557073338.2
1555511557073758.8
1555511557074443.5
1555511557075147.0
1555511557076030.8
1555511557081333.0
1555511557082476.0
1555511557084047.2

25
14
7
