Time-differences (millis):

0.002
0.037
0.001
0.038
0.01
0.074
0.179
0.0
0.001
0.003
0.001
0.001
0.0
0.075
0.902
0.028
0.159
0.042
0.407
0.347
0.578
0.262
0.217
0.474

0.975
2.319
1.332
2.817
1.748
0.408
0.307
1.566
2.701
4.965
0.041
3.0
1.228
1.25
1.333
0.857
2.262
1.33
1.232
0.04
1.484
1.896

2.08625
1.303
1.2015
2.4175
0.44475
0.2695
1.59775
2.6095
1.0655
4.02575
0.481
2.53975
1.617
0.83825
1.658
0.52175
2.27575
1.319
1.2475
0.41225
1.50325
0.89
0.597
0.44875

Test:	CR2_r_19
Requests:	25
Success:	13
Used:   	5

Local times (milisec):
min:	0.0
max:	0.902
mean:	0.15991666666666665
median:	0.04
stdev:	0.23165715234346654

Web server times (milisec):
min:	0.04
max:	4.965
mean:	1.5950454545454547
median:	1.3325
stdev:	1.1247666626703272

App server times (milisec):
min:	0.2695
max:	4.02575
mean:	1.3904270833333334
median:	1.27525
stdev:	0.9133983442139921
diff:	2.3105