Time-differences (millis):

0.096
0.07
0.077
0.099
0.07
0.076
0.068
0.092
0.063
0.089
0.067
0.093
0.063
0.092
0.065
0.092
0.07
0.096
0.065
0.091
0.063
0.089
0.061
0.091

0.199
2.229
0.057
1.936
2.862
3.181
3.838
1.642
1.438
3.106
3.941
1.818
1.94
1.211
5.449
0.395
1.311
3.69
0.646
4.444
1.383
13.368
1.723
2.409

2.201
1.98375
0.912
1.989
1.31175
3.663
2.18825
1.31925
2.682
3.8245
2.0585
7.4415
2.8535
0.99725
0.61025
1.8425
3.0075
2.2565
6.56
1.4325
4.81825
3.79975
2.52425
3.16825

Test:	SR_f_9
Requests:	25
Success:	16
Used:   	11

Local times (milisec):
min:	0.061
max:	0.099
mean:	0.07908333333333334
median:	0.0765
stdev:	0.013471117789283619

Web server times (milisec):
min:	0.057
max:	13.368
mean:	2.675666666666667
median:	1.938
stdev:	2.6637160814018523

App server times (milisec):
min:	0.61025
max:	7.4415
mean:	2.726875
median:	2.22875
stdev:	1.6732881615965405
diff:	5.3095