Time-differences (millis):

0.117
0.112
0.102
0.09
0.166
0.269
0.098
0.117
0.099
0.082
0.084
0.084
0.073
0.08
0.095
0.09
0.071
0.079
0.068
0.078
0.115
0.081
0.086
0.113

0.328
5.54
1.075
1.652
0.701
0.741
2.439
1.542
7.465
1.464
1.73
2.275
3.631
0.098
1.993
0.797
3.677
2.861
8.714
11.036
0.114
3.218
4.969
0.039

0.82725
3.372
1.02225
5.024
4.04675
0.1735
4.19875
1.681
3.08825
4.479
0.38075
1.7865
0.103
0.5065
4.29275
0.1365
2.16125
9.70875
6.9245
3.315
0.32025
2.8555
7.8105
0.755

Test:	SR_f_6
Requests:	25
Success:	15
Used:   	8

Local times (milisec):
min:	0.068
max:	0.269
mean:	0.10204166666666667
median:	0.09
stdev:	0.04143038075223739

Web server times (milisec):
min:	0.039
max:	11.036
mean:	2.837458333333333
median:	1.8615
stdev:	2.867779158606226

App server times (milisec):
min:	0.103
max:	9.70875
mean:	2.8737291666666667
median:	2.508375
stdev:	2.60726477628904
diff:	4.86925