1554131665097807.0
1554131665099076.0
1554131665099241.0
1554131665099352.0
1554131665099461.0
1554131665099629.0
1554131665099793.0
1554131665099900.0
1554131665100024.0
1554131665100115.0
1554131665100229.0
1554131665100318.0
1554131665100410.0
1554131665100534.0
1554131665100646.0
1554131665100738.0
1554131665101186.0
1554131665101386.0
1554131665101531.0
1554131665101652.0
1554131665101748.0
1554131665101833.0
1554131665101925.0
1554131665102033.0
1554131665206277.0

1554131664967424.0
1554131664967761.0
1554131664968018.0
1554131664968822.0
1554131664971903.0
1554131664972535.0
1554131664973097.0
1554131664981695.0
1554131664984743.0
1554131664985740.0
1554131664990592.0
1554131664995206.0
1554131664997001.0
1554131664999108.0
1554131664999799.0
1554131665010708.0
1554131665023903.0
1554131665026065.0
1554131665032551.0
1554131665034576.0
1554131665037447.0
1554131665038360.0
1554131665038518.0
1554131665040090.0
1554131665073053.0

1554131664971001.8
1554131664974648.5
1554131664974689.2
1554131664976284.2
1554131664979137.5
1554131664982404.2
1554131664985017.5
1554131664987390.5
1554131664991052.5
1554131664991389.8
1554131664995540.5
1554131664997433.8
1554131664999538.0
1554131665004237.5
1554131665006472.5
1554131665024507.2
1554131665026538.2
1554131665029008.2
1554131665033783.2
1554131665035326.2
1554131665038083.0
1554131665038911.2
1554131665040758.5
1554131665041130.2
1554131665073471.0

25
13
9
