1554316800942402.0
1554316800942578.0
1554316800942749.0
1554316800942863.0
1554316800942949.0
1554316800943081.0
1554316800943165.0
1554316800943313.0
1554316800943398.0
1554316800943526.0
1554316800943618.0
1554316800948388.0
1554316800949007.0
1554316800950992.0
1554316800951318.0
1554316800951693.0
1554316800951875.0
1554316800952254.0
1554316800952559.0
1554316800953822.0
1554316800954158.0
1554316800954571.0
1554316800954935.0
1554316800959079.0
1554316800959194.0

1554316800942299.0
1554316800942344.0
1554316800942521.0
1554316800942758.0
1554316800943087.0
1554316800947481.0
1554316800947560.0
1554316800948001.0
1554316800952887.0
1554316800964905.0
1554316800965283.0
1554316800972824.0
1554316800979589.0
1554316800980294.0
1554316800983995.0
1554316800992814.0
1554316800996929.0
1554316801014603.0
1554316801060948.0

1554316800946238.8
1554316800946514.2
1554316800950733.0
1554316800954789.5
1554316800955292.2
1554316800956359.2
1554316800957443.2
1554316800959592.0
1554316800961175.5
1554316800967679.2
1554316800968273.0
1554316800974731.0
1554316800980766.0
1554316800984345.2
1554316800993319.5
1554316800995669.0
1554316800997408.5
1554316801015381.5
1554316801048575.2
1554316801057196.8
1554316801058058.8
1554316801061362.2
1554316801063052.0
1554316801067006.2
1554316801070579.5

25
6
4
