Time-differences (millis):

0.1
0.109
0.085
0.11
0.088
0.105
0.077
0.08
0.073
0.108
0.085
0.107
0.073
0.132
0.077
0.078
0.072
0.079
0.097
0.072
0.067
0.073
0.063
0.078

4.427
0.606
2.009
4.138
0.216
2.886
1.006
0.526
8.745
0.573
3.396
3.093
2.399
1.838
1.815
13.904
2.518
0.407
2.78
3.231
1.445
3.209
4.149
9.796

2.621
3.76625
2.38
1.29925
1.75425
3.4095
2.303
4.798
2.07125
4.71825
2.89725
0.048
1.2075
1.30525
0.67625
13.98125
2.8425
1.19225
3.3045
1.53675
1.2125
6.027
1.58875
10.05825

Test:	SR_f_10
Requests:	25
Success:	15
Used:   	11

Local times (milisec):
min:	0.063
max:	0.132
mean:	0.087
median:	0.0795
stdev:	0.01740814402114337

Web server times (milisec):
min:	0.216
max:	13.904
mean:	3.296333333333333
median:	2.649
stdev:	3.256408353127543

App server times (milisec):
min:	0.048
max:	13.98125
mean:	3.2082812499999998
median:	2.3415
stdev:	3.111776325258212
diff:	2.81475