1554131622478176.0
1554131622478293.0
1554131622478405.0
1554131622478507.0
1554131622478597.0
1554131622478763.0
1554131622479032.0
1554131622479130.0
1554131622479247.0
1554131622479346.0
1554131622479428.0
1554131622479512.0
1554131622479596.0
1554131622479669.0
1554131622479749.0
1554131622479844.0
1554131622479934.0
1554131622480005.0
1554131622480084.0
1554131622480152.0
1554131622480230.0
1554131622480345.0
1554131622480426.0
1554131622480512.0
1554131622480625.0

1554131622347015.0
1554131622347343.0
1554131622352883.0
1554131622353958.0
1554131622355610.0
1554131622356311.0
1554131622357052.0
1554131622359491.0
1554131622361033.0
1554131622368498.0
1554131622369962.0
1554131622371692.0
1554131622373967.0
1554131622377598.0
1554131622377696.0
1554131622379689.0
1554131622380486.0
1554131622384163.0
1554131622387024.0
1554131622395738.0
1554131622406774.0
1554131622406888.0
1554131622410106.0
1554131622415075.0
1554131622415114.0

1554131622350136.0
1554131622350963.2
1554131622354335.2
1554131622355357.5
1554131622360381.5
1554131622364428.2
1554131622364601.8
1554131622368800.5
1554131622370481.5
1554131622373569.8
1554131622378048.8
1554131622378429.5
1554131622380216.0
1554131622380319.0
1554131622380825.5
1554131622385118.2
1554131622385254.8
1554131622387416.0
1554131622397124.8
1554131622404049.2
1554131622407364.2
1554131622407684.5
1554131622410540.0
1554131622418350.5
1554131622419105.5

25
15
8
