1554131729333306.0
1554131729333402.0
1554131729333472.0
1554131729333549.0
1554131729333648.0
1554131729333718.0
1554131729333794.0
1554131729333862.0
1554131729333954.0
1554131729334017.0
1554131729334106.0
1554131729334173.0
1554131729334266.0
1554131729334329.0
1554131729334421.0
1554131729334486.0
1554131729334578.0
1554131729334648.0
1554131729334744.0
1554131729334809.0
1554131729334900.0
1554131729334963.0
1554131729335052.0
1554131729335113.0
1554131729335204.0

1554131729199252.0
1554131729199451.0
1554131729201680.0
1554131729201737.0
1554131729203673.0
1554131729206535.0
1554131729209716.0
1554131729213554.0
1554131729215196.0
1554131729216634.0
1554131729219740.0
1554131729223681.0
1554131729225499.0
1554131729227439.0
1554131729228650.0
1554131729234099.0
1554131729234494.0
1554131729235805.0
1554131729239495.0
1554131729240141.0
1554131729244585.0
1554131729245968.0
1554131729259336.0
1554131729261059.0
1554131729263468.0

1554131729201867.8
1554131729204068.8
1554131729206052.5
1554131729206964.5
1554131729208953.5
1554131729210265.2
1554131729213928.2
1554131729216116.5
1554131729217435.8
1554131729220117.8
1554131729223942.2
1554131729226000.8
1554131729233442.2
1554131729236295.8
1554131729237293.0
1554131729237903.2
1554131729239745.8
1554131729242753.2
1554131729245009.8
1554131729251569.8
1554131729253002.2
1554131729257820.5
1554131729261620.2
1554131729264144.5
1554131729267312.8

25
16
11
