1554131502493566.0
1554131502493928.0
1554131502494063.0
1554131502494187.0
1554131502494310.0
1554131502494415.0
1554131502494508.0
1554131502494635.0
1554131502494756.0
1554131502494986.0
1554131502495079.0
1554131502495180.0
1554131502495256.0
1554131502495337.0
1554131502495422.0
1554131502495502.0
1554131502495578.0
1554131502495662.0
1554131502495741.0
1554131502495841.0
1554131502495915.0
1554131502496030.0
1554131502496118.0
1554131502496209.0
1554131502496302.0

1554131502363121.0
1554131502363174.0
1554131502366372.0
1554131502366437.0
1554131502370009.0
1554131502370112.0
1554131502372773.0
1554131502375928.0
1554131502377645.0
1554131502384432.0
1554131502388238.0
1554131502389957.0
1554131502392356.0
1554131502398965.0
1554131502400528.0
1554131502414203.0
1554131502424070.0
1554131502428172.0
1554131502438246.0
1554131502442139.0
1554131502443917.0
1554131502446745.0
1554131502448843.0
1554131502450460.0

1554131502365918.2
1554131502368446.5
1554131502368838.0
1554131502373579.0
1554131502376160.8
1554131502378188.5
1554131502378188.8
1554131502379487.5
1554131502386500.2
1554131502391715.0
1554131502392834.5
1554131502400124.5
1554131502400847.0
1554131502401786.2
1554131502416047.2
1554131502426539.0
1554131502429046.8
1554131502435768.0
1554131502440015.0
1554131502442828.8
1554131502444308.0
1554131502447488.8
1554131502448562.5
1554131502449204.8
1554131502450878.5

25
12
9
