1554131417045972.0
1554131417046110.0
1554131417046360.0
1554131417046496.0
1554131417046599.0
1554131417046687.0
1554131417046786.0
1554131417046864.0
1554131417046967.0
1554131417047079.0
1554131417047213.0
1554131417047317.0
1554131417047423.0
1554131417047551.0
1554131417047633.0
1554131417047754.0
1554131417047834.0
1554131417047951.0
1554131417048033.0
1554131417048202.0
1554131417048301.0
1554131417048496.0
1554131417048613.0
1554131417048705.0
1554131417048812.0

1554131416916300.0
1554131416920324.0
1554131416920422.0
1554131416923002.0
1554131416923046.0
1554131416923062.0
1554131416923064.0
1554131416925953.0
1554131416930996.0
1554131416932974.0
1554131416935562.0
1554131416938373.0
1554131416939152.0
1554131416943582.0
1554131416947042.0
1554131416948228.0
1554131416950831.0
1554131416952355.0
1554131416953050.0
1554131416957280.0
1554131416958532.0
1554131416959006.0
1554131416959540.0
1554131416959851.0
1554131416963006.0

1554131416919496.2
1554131416922110.0
1554131416924920.0
1554131416925031.2
1554131416927908.0
1554131416928603.8
1554131416931310.0
1554131416932792.0
1554131416933385.2
1554131416935895.2
1554131416938774.5
1554131416939641.2
1554131416942065.8
1554131416943928.2
1554131416948615.8
1554131416949450.8
1554131416951061.5
1554131416953538.2
1554131416957475.5
1554131416957605.5
1554131416958868.0
1554131416959255.8
1554131416960254.5
1554131416964202.5
1554131416966443.5

25
18
10
