1554316771606047.0
1554316771606214.0
1554316771606354.0
1554316771606563.0
1554316771607105.0
1554316771607177.0
1554316771607262.0
1554316771607317.0
1554316771607392.0
1554316771607441.0
1554316771607512.0
1554316771607561.0
1554316771607705.0
1554316771607788.0
1554316771607868.0
1554316771607940.0
1554316771608021.0
1554316771608090.0
1554316771608165.0
1554316771608235.0
1554316771608307.0
1554316771608395.0
1554316771608487.0
1554316771608569.0
1554316771608668.0

1554316762792569.0
1554316763201530.0
1554316763213960.0
1554316763566194.0
1554316771606607.0
1554316771607413.0
1554316771607943.0
1554316771607978.0
1554316771608827.0
1554316771608869.0
1554316771608920.0
1554316771608936.0
1554316771610161.0
1554316771618939.0
1554316771621911.0
1554316771626526.0
1554316771644589.0
1554316771650031.0
1554316771651687.0
1554316771652731.0
1554316771657296.0
1554316771657904.0
1554316771658890.0
1554316771664350.0
1554316771684416.0
1554316771685885.0

1554316771607163.8
1554316771610510.2
1554316771612498.0
1554316771614580.2
1554316771616390.2
1554316771616981.0
1554316771619402.8
1554316771619421.2
1554316771624518.5
1554316771627332.0
1554316771630753.0
1554316771632348.8
1554316771638528.0
1554316771645225.5
1554316771647097.8
1554316771649368.5
1554316771650475.8
1554316771652115.5
1554316771653645.0
1554316771657890.5
1554316771658290.2
1554316771665470.2
1554316771666262.5
1554316771685474.2
1554316771686362.2

25
11
5
