Time-differences (millis):

0.362
0.135
0.124
0.123
0.105
0.093
0.127
0.121
0.23
0.093
0.101
0.076
0.081
0.085
0.08
0.076
0.084
0.079
0.1
0.074
0.115
0.088
0.091
0.093

0.053
3.198
0.065
3.572
0.103
2.661
3.155
1.717
6.787
3.806
1.719
2.399
6.609
1.563
13.675
9.867
4.102
10.074
3.893
1.778
2.828
2.098
1.617

2.52825
0.3915
4.741
2.58175
2.02775
0.00025
1.29875
7.01275
5.21475
1.1195
7.29
0.7225
0.93925
14.261
10.49175
2.50775
6.72125
4.247
2.81375
1.47925
3.18075
1.07375
0.64225
1.67375

Test:	SR_f_3
Requests:	25
Success:	12
Used:   	9

Local times (milisec):
min:	0.074
max:	0.362
mean:	0.114
median:	0.093
stdev:	0.06202173532056253

Web server times (milisec):
min:	0.053
max:	13.675
mean:	3.7973478260869564
median:	2.828
stdev:	3.4556759976581306

App server times (milisec):
min:	0.00025
max:	14.261
mean:	3.5400104166666666
median:	2.518
stdev:	3.491875080625182
diff:	7.03025