1554131470533379.0
1554131470533565.0
1554131470533704.0
1554131470533799.0
1554131470533893.0
1554131470533979.0
1554131470534069.0
1554131470534175.0
1554131470534266.0
1554131470534355.0
1554131470534439.0
1554131470534529.0
1554131470534612.0
1554131470534701.0
1554131470534787.0
1554131470534877.0
1554131470534966.0
1554131470535049.0
1554131470535140.0
1554131470535231.0
1554131470535333.0
1554131470535449.0
1554131470535549.0
1554131470535638.0
1554131470535735.0

1554131470407054.0
1554131470413580.0
1554131470421219.0
1554131470422582.0
1554131470422623.0
1554131470424123.0
1554131470429609.0
1554131470430917.0
1554131470431461.0
1554131470431522.0
1554131470450399.0
1554131470451442.0
1554131470453189.0
1554131470457609.0
1554131470460314.0
1554131470461494.0
1554131470461977.0
1554131470467285.0
1554131470469075.0
1554131470471598.0
1554131470476918.0
1554131470481997.0
1554131470482729.0
1554131470484818.0
1554131470488878.0

1554131470409554.5
1554131470421448.8
1554131470433328.8
1554131470441243.8
1554131470441252.2
1554131470444264.5
1554131470445461.8
1554131470445823.0
1554131470448022.0
1554131470450720.5
1554131470452937.8
1554131470453543.5
1554131470457951.0
1554131470460564.8
1554131470462796.2
1554131470463940.5
1554131470464471.2
1554131470467672.2
1554131470470417.2
1554131470471936.5
1554131470477465.0
1554131470482983.5
1554131470485330.2
1554131470485646.8
1554131470489126.0

25
9
6
