Time-differences (millis):

0.109
0.137
0.086
0.112
0.077
0.104
0.073
0.125
0.091
0.092
0.083
0.079
0.116
0.085
0.083
0.076
0.08
0.073
0.074
0.072
0.081
0.381
0.094
0.076

5.747
0.081
0.099
0.115
0.093
12.827
2.324
2.28
4.978
2.218
1.588
5.95
0.02
1.659
24.288
16.355
1.735
1.805
14.157
0.1
4.093
9.731

5.9605
3.22425
3.11725
2.45625
1.0815
2.5915
4.37425
0.4895
4.27475
0.1145
2.041
6.0455
0.407
1.05325
24.106
16.45375
3.42325
1.47175
0.0955
12.58725
0.8525
3.37475
10.37825
0.927

Test:	SR_f_8
Requests:	25
Success:	12
Used:   	7

Local times (milisec):
min:	0.072
max:	0.381
mean:	0.10245833333333333
median:	0.084
stdev:	0.06195649186371007

Web server times (milisec):
min:	0.02
max:	24.288
mean:	5.101954545454546
median:	2.2489999999999997
stdev:	6.47872958208903

App server times (milisec):
min:	0.0955
max:	24.106
mean:	4.620875
median:	2.854375
stdev:	5.829421312822681
diff:	7.46275