1554131692671090.0
1554131692671199.0
1554131692671336.0
1554131692671422.0
1554131692671534.0
1554131692671611.0
1554131692671715.0
1554131692671788.0
1554131692671913.0
1554131692672004.0
1554131692672096.0
1554131692672179.0
1554131692672258.0
1554131692672374.0
1554131692672459.0
1554131692672542.0
1554131692672618.0
1554131692672698.0
1554131692672771.0
1554131692672845.0
1554131692672917.0
1554131692672998.0
1554131692673379.0
1554131692673473.0
1554131692673549.0

1554131692538765.0
1554131692544512.0
1554131692544593.0
1554131692544692.0
1554131692544807.0
1554131692544900.0
1554131692557727.0
1554131692560051.0
1554131692562331.0
1554131692567309.0
1554131692569527.0
1554131692571115.0
1554131692577065.0
1554131692577085.0
1554131692578744.0
1554131692603032.0
1554131692619387.0
1554131692621122.0
1554131692622927.0
1554131692637084.0
1554131692637184.0
1554131692641277.0
1554131692651008.0

1554131692542193.5
1554131692548154.0
1554131692551378.2
1554131692554495.5
1554131692556951.8
1554131692558033.2
1554131692560624.8
1554131692564999.0
1554131692565488.5
1554131692569763.2
1554131692569877.8
1554131692571918.8
1554131692577964.2
1554131692578371.2
1554131692579424.5
1554131692603530.5
1554131692619984.2
1554131692623407.5
1554131692624879.2
1554131692624974.8
1554131692637562.0
1554131692638414.5
1554131692641789.2
1554131692652167.5
1554131692653094.5

25
12
7
