Time-differences (millis):

1.269
0.165
0.111
0.109
0.168
0.164
0.107
0.124
0.091
0.114
0.089
0.092
0.124
0.112
0.092
0.448
0.2
0.145
0.121
0.096
0.085
0.092
0.108
104.244

0.337
0.257
0.804
3.081
0.632
0.562
8.598
3.048
0.997
4.852
4.614
1.795
2.107
0.691
10.909
13.195
2.162
6.486
2.025
2.871
0.913
0.158
1.572
32.963

3.64675
0.04075
1.595
2.85325
3.26675
2.61325
2.373
3.662
0.33725
4.15075
1.89325
2.10425
4.6995
2.235
18.03475
2.031
2.47
4.775
1.543
2.75675
0.82825
1.84725
0.37175
32.34075

Test:	SR_f_7
Requests:	25
Success:	13
Used:   	9

Local times (milisec):
min:	0.085
max:	104.244
mean:	4.519583333333333
median:	0.113
stdev:	21.24259773870432

Web server times (milisec):
min:	0.158
max:	32.963
mean:	4.401208333333334
median:	2.066
stdev:	6.995052593140176

App server times (milisec):
min:	0.04075
max:	32.34075
mean:	4.269552083333333
median:	2.4215
stdev:	6.896391354313015
diff:	4.76175