1554131584863259.0
1554131584863404.0
1554131584863513.0
1554131584863613.0
1554131584863700.0
1554131584863794.0
1554131584863881.0
1554131584863967.0
1554131584864051.0
1554131584864140.0
1554131584864229.0
1554131584864312.0
1554131584864406.0
1554131584864512.0
1554131584864595.0
1554131584864697.0
1554131584864779.0
1554131584864857.0
1554131584864941.0
1554131584865015.0
1554131584865108.0
1554131584865243.0
1554131584865338.0
1554131584865456.0
1554131584865536.0

1554131584731773.0
1554131584733145.0
1554131584733987.0
1554131584735940.0
1554131584736056.0
1554131584739330.0
1554131584740341.0
1554131584741962.0
1554131584742507.0
1554131584745389.0
1554131584750747.0
1554131584752430.0
1554131584756071.0
1554131584756109.0
1554131584760265.0
1554131584767998.0
1554131584774199.0
1554131584778657.0
1554131584778816.0
1554131584800260.0
1554131584805339.0
1554131584807698.0
1554131584809723.0
1554131584813722.0
1554131584819393.0

1554131584735235.5
1554131584735526.2
1554131584737953.2
1554131584739706.0
1554131584741659.0
1554131584745857.8
1554131584749834.8
1554131584751469.0
1554131584751956.2
1554131584752879.0
1554131584753074.8
1554131584756441.0
1554131584760620.2
1554131584761709.0
1554131584768402.5
1554131584769363.8
1554131584774680.8
1554131584780174.5
1554131584781326.5
1554131584803692.5
1554131584805612.0
1554131584810299.8
1554131584814432.0
1554131584818383.0
1554131584820822.8

25
12
10
