Time-differences (millis):

0.167
0.14
0.209
0.542
0.072
0.085
0.055
0.075
0.049
0.071
0.049
0.144
0.083
0.08
0.072
0.081
0.069
0.075
0.07
0.072
0.088
0.092
0.082
0.099

408.961
12.43
352.234
8040.413
0.806
0.53
0.035
0.849
0.042
0.051
0.016
1.225
8.778
2.972
4.615
18.063
5.442
1.656
1.044
4.565
0.608
0.986
5.46
20.066
1.469

3.3465
1.98775
2.08225
1.81
0.59075
2.42175
0.0185
5.09725
2.8135
3.421
1.59575
6.17925
6.6975
1.87225
2.27075
1.10725
1.63975
1.5295
4.2455
0.39975
7.18
0.79225
19.21175
0.888

Test:	SR2_f_11
Requests:	25
Success:	11
Used:   	5

Local times (milisec):
min:	0.049
max:	0.542
mean:	0.10920833333333334
median:	0.0805
stdev:	0.09968950891847045

Web server times (milisec):
min:	0.016
max:	8040.413
mean:	355.73264
median:	1.656
stdev:	1604.381990095404

App server times (milisec):
min:	0.0185
max:	19.21175
mean:	3.2999375
median:	2.035
stdev:	3.9230256999748345
diff:	1303.945