Time-differences (millis):

0.102
0.099
0.076
0.144
0.103
0.097
0.411
0.14
0.107
0.079
0.172
0.088
0.075
0.079
0.07
0.079
0.068
0.077
0.07
0.077
0.068
0.076
0.066
0.074

0.148
0.037
0.312
1.604
4.824
5.539
9.008
0.098
19.462
4.498
2.346
4.259
1.729
0.942
0.58
6.559
8.719
2.392
9.675
43.172
1.888
2.745
3.166

5.26425
1.71925
0.83025
1.0045
1.864
1.28725
8.52675
9.925
1.4285
5.114
1.6985
0.59925
1.37325
0.32875
5.91725
8.9305
2.31575
6.26325
3.32475
43.578
1.6195
2.7565
18.9055
10.48325

Test:	SR2_f_14
Requests:	25
Success:	12
Used:   	7

Local times (milisec):
min:	0.066
max:	0.411
mean:	0.10404166666666667
median:	0.079
stdev:	0.07074232431349257

Web server times (milisec):
min:	0.037
max:	43.172
mean:	5.813130434782608
median:	2.745
stdev:	9.270535736722543

App server times (milisec):
min:	0.32875
max:	43.578
mean:	6.044072916666667
median:	2.536125
stdev:	9.118526827134382
diff:	14.207