1554131758047277.0
1554131758047377.0
1554131758047486.0
1554131758047571.0
1554131758047681.0
1554131758047769.0
1554131758047874.0
1554131758047951.0
1554131758048031.0
1554131758048104.0
1554131758048212.0
1554131758048297.0
1554131758048404.0
1554131758048477.0
1554131758048609.0
1554131758048686.0
1554131758048764.0
1554131758048836.0
1554131758048915.0
1554131758049012.0
1554131758049084.0
1554131758049151.0
1554131758049224.0
1554131758049287.0
1554131758049365.0

1554131757912717.0
1554131757917144.0
1554131757917750.0
1554131757919759.0
1554131757923897.0
1554131757924113.0
1554131757926999.0
1554131757928005.0
1554131757928531.0
1554131757937276.0
1554131757937849.0
1554131757941245.0
1554131757944338.0
1554131757946737.0
1554131757948575.0
1554131757950390.0
1554131757964294.0
1554131757966812.0
1554131757967219.0
1554131757969999.0
1554131757973230.0
1554131757974675.0
1554131757977884.0
1554131757982033.0
1554131757991829.0

1554131757915612.2
1554131757918233.2
1554131757921999.5
1554131757924379.5
1554131757925678.8
1554131757927433.0
1554131757930842.5
1554131757933145.5
1554131757937943.5
1554131757940014.8
1554131757944733.0
1554131757947630.2
1554131757947678.2
1554131757948885.8
1554131757950191.0
1554131757950867.2
1554131757964848.5
1554131757967691.0
1554131757968883.2
1554131757972187.8
1554131757973724.5
1554131757974937.0
1554131757980964.0
1554131757982552.8
1554131757992611.0

25
15
11
