1554316883954184.0
1554316883954319.0
1554316883954573.0
1554316883954630.0
1554316883954684.0
1554316883954731.0
1554316883954779.0
1554316883954823.0
1554316883954869.0
1554316883954912.0
1554316883954958.0
1554316883955026.0
1554316883955110.0
1554316883955223.0
1554316883955342.0
1554316883956425.0
1554316883956610.0
1554316883956733.0
1554316883956852.0
1554316883956953.0
1554316883957058.0
1554316883957151.0
1554316883957293.0
1554316883957364.0
1554316883957438.0

1554316883955544.0
1554316883955613.0
1554316883959927.0
1554316883964364.0
1554316883964807.0
1554316883964865.0
1554316883964909.0
1554316883968989.0
1554316883970320.0
1554316883973748.0
1554316883974709.0
1554316883978532.0
1554316883981833.0
1554316883984502.0
1554316883986293.0
1554316883993995.0
1554316884009500.0
1554316884014352.0
1554316884016135.0
1554316884016303.0
1554316884025301.0
1554316884029071.0
1554316884030822.0
1554316884034668.0
1554316884036570.0

1554316883958730.2
1554316883959353.0
1554316883965420.2
1554316883969390.0
1554316883969419.2
1554316883972983.2
1554316883974058.8
1554316883974729.5
1554316883978740.5
1554316883980067.5
1554316883980162.2
1554316883983427.2
1554316883984865.0
1554316883986617.5
1554316883989240.2
1554316883994325.8
1554316884016434.0
1554316884022250.2
1554316884023593.5
1554316884025534.8
1554316884027581.5
1554316884029384.5
1554316884031368.5
1554316884036364.5
1554316884044838.5

25
13
8
