Time-differences (millis):

0.175
0.122
0.297
0.249
0.116
0.214
0.103
0.1
0.094
0.081
0.084
0.126
1.128
0.721
0.207
0.158
0.143
0.105
0.123
0.141
0.127
0.132
0.12
0.1

6.007
1.133
0.033
0.049
0.05
0.074
9.669
0.954
0.07
2.482
3.079
5.038
15.374
2.196
4.564
4.662
9.92
3.344
0.521
2.28
4.275
4.154
0.227
2.195

0.248
1.34475
2.16825
0.7105
1.203
1.8245
3.05425
3.143
10.32725
0.149
9.64875
3.56575
1.07075
3.25625
3.5735
4.51325
5.45725
3.17375
0.52675
2.28875
4.6855
4.3015
2.0745
18.00625

Test:	SR_f_4
Requests:	25
Success:	11
Used:   	10

Local times (milisec):
min:	0.081
max:	1.128
mean:	0.20691666666666667
median:	0.1265
stdev:	0.23506112371904028

Web server times (milisec):
min:	0.033
max:	15.374
mean:	3.43125
median:	2.3810000000000002
stdev:	3.7846857114934402

App server times (milisec):
min:	0.149
max:	18.00625
mean:	3.763125
median:	3.098625
stdev:	3.972317213350195
diff:	7.385