1554131552941719.0
1554131552941894.0
1554131552942016.0
1554131552942313.0
1554131552942562.0
1554131552942678.0
1554131552942892.0
1554131552942995.0
1554131552943095.0
1554131552943189.0
1554131552943270.0
1554131552943354.0
1554131552943480.0
1554131552944608.0
1554131552945329.0
1554131552945536.0
1554131552945694.0
1554131552945837.0
1554131552945942.0
1554131552946065.0
1554131552946206.0
1554131552946333.0
1554131552946465.0
1554131552946585.0
1554131552946685.0

1554131552811167.0
1554131552817174.0
1554131552818307.0
1554131552818340.0
1554131552818389.0
1554131552818439.0
1554131552818513.0
1554131552828182.0
1554131552829136.0
1554131552829206.0
1554131552831688.0
1554131552834767.0
1554131552839805.0
1554131552855179.0
1554131552857375.0
1554131552861939.0
1554131552866601.0
1554131552876521.0
1554131552879865.0
1554131552880386.0
1554131552882666.0
1554131552886941.0
1554131552891095.0
1554131552891322.0
1554131552893517.0

1554131552821852.0
1554131552822100.0
1554131552823444.8
1554131552825613.0
1554131552826323.5
1554131552827526.5
1554131552829351.0
1554131552832405.2
1554131552835548.2
1554131552845875.5
1554131552846024.5
1554131552855673.2
1554131552859239.0
1554131552860309.8
1554131552863566.0
1554131552867139.5
1554131552871652.8
1554131552877110.0
1554131552880283.8
1554131552880810.5
1554131552883099.2
1554131552887784.8
1554131552892086.2
1554131552894160.8
1554131552912167.0

25
11
10
