Time-differences (millis):

0.145
0.109
0.1
0.087
0.094
0.087
0.086
0.084
0.089
0.089
0.083
0.094
0.106
0.083
0.102
0.082
0.078
0.084
0.074
0.093
0.135
0.095
0.118
0.08

1.372
0.842
1.953
0.116
3.274
1.011
1.621
0.545
2.882
5.358
1.683
3.641
0.038
4.156
7.733
6.201
4.458
0.159
21.444
5.079
2.359
2.025
3.999
5.671

0.29075
2.427
1.75275
1.953
4.19875
3.977
1.63425
0.48725
0.92275
0.19575
3.36625
4.17925
1.08875
6.6935
0.96125
5.317
5.49375
1.152
22.366
1.9195
4.68775
4.13225
3.951
2.43975

Test:	SR_f_5
Requests:	25
Success:	12
Used:   	10

Local times (milisec):
min:	0.074
max:	0.145
mean:	0.094875
median:	0.089
stdev:	0.017396432667797654

Web server times (milisec):
min:	0.038
max:	21.444
mean:	3.6508333333333334
median:	2.6205
stdev:	4.339835487431639

App server times (milisec):
min:	0.19575
max:	22.366
mean:	3.5661354166666666
median:	2.433375
stdev:	4.3981921384636316
diff:	4.37025