Time-differences (millis):

0.186
0.139
0.095
0.094
0.086
0.09
0.106
0.091
0.089
0.084
0.09
0.083
0.089
0.086
0.09
0.089
0.083
0.091
0.091
0.102
0.116
0.1
0.089
0.097

6.526
7.639
1.363
0.041
1.5
5.486
1.308
0.544
0.061
18.877
1.043
1.747
4.42
2.705
1.18
0.483
5.308
1.79
2.523
5.32
5.079
0.732
2.089
4.06

11.89425
11.88
7.915
0.0085
3.01225
1.19725
0.36125
2.199
2.6985
2.21725
0.60575
4.4075
2.61375
2.2315
1.14425
0.53075
3.201
2.745
1.51925
5.5285
5.5185
2.34675
0.3165
3.47925

Test:	SR_f_2
Requests:	25
Success:	9
Used:   	6

Local times (milisec):
min:	0.083
max:	0.186
mean:	0.09816666666666667
median:	0.0905
stdev:	0.022317212438261475

Web server times (milisec):
min:	0.041
max:	18.877
mean:	3.409333333333333
median:	1.9395
stdev:	3.9583728174994888

App server times (milisec):
min:	0.0085
max:	11.89425
mean:	3.3154791666666665
median:	2.48025
stdev:	3.237847201389698
diff:	6.9395