1554316856322791.0
1554316856322893.0
1554316856322992.0
1554316856323068.0
1554316856323212.0
1554316856323315.0
1554316856323412.0
1554316856323823.0
1554316856323963.0
1554316856324070.0
1554316856324149.0
1554316856324321.0
1554316856324409.0
1554316856324484.0
1554316856324563.0
1554316856324633.0
1554316856324712.0
1554316856324780.0
1554316856324857.0
1554316856324927.0
1554316856325004.0
1554316856325072.0
1554316856325148.0
1554316856325214.0
1554316856325288.0

1554316856322957.0
1554316856323105.0
1554316856323142.0
1554316856323454.0
1554316856325058.0
1554316856329882.0
1554316856335421.0
1554316856344429.0
1554316856344527.0
1554316856363989.0
1554316856368487.0
1554316856370833.0
1554316856375092.0
1554316856376821.0
1554316856377763.0
1554316856378343.0
1554316856384902.0
1554316856393621.0
1554316856396013.0
1554316856405688.0
1554316856448860.0
1554316856450748.0
1554316856453493.0
1554316856456659.0

1554316856338365.5
1554316856343629.8
1554316856345349.0
1554316856346179.2
1554316856347183.8
1554316856349047.8
1554316856350335.0
1554316856358861.8
1554316856368786.8
1554316856370215.2
1554316856375329.2
1554316856377027.8
1554316856377627.0
1554316856379000.2
1554316856379329.0
1554316856385246.2
1554316856394176.8
1554316856396492.5
1554316856402755.8
1554316856406080.5
1554316856449658.5
1554316856451278.0
1554316856454034.5
1554316856472940.0
1554316856483423.2

25
12
7
