1554316830665238.0
1554316830665355.0
1554316830665455.0
1554316830665516.0
1554316830665572.0
1554316830665655.0
1554316830665767.0
1554316830665867.0
1554316830665994.0
1554316830666068.0
1554316830666149.0
1554316830666219.0
1554316830666294.0
1554316830666363.0
1554316830666437.0
1554316830666505.0
1554316830666579.0
1554316830666645.0
1554316830666718.0
1554316830666783.0
1554316830666854.0
1554316830666920.0
1554316830666990.0
1554316830667072.0
1554316830667164.0

1554316830665627.0
1554316830669093.0
1554316830669217.0
1554316830669311.0
1554316830671914.0
1554316830672202.0
1554316830672578.0
1554316830677548.0
1554316830677631.0
1554316830677733.0
1554316830686039.0
1554316830687781.0
1554316830689373.0
1554316830692510.0
1554316830697083.0
1554316830699632.0
1554316830703428.0
1554316830714049.0
1554316830715701.0
1554316830717506.0
1554316830722847.0
1554316830733916.0
1554316830745282.0
1554316830750960.0
1554316830752562.0

1554316830671030.2
1554316830671030.2
1554316830672104.0
1554316830672479.8
1554316830674460.5
1554316830678004.2
1554316830680840.0
1554316830686414.2
1554316830689189.0
1554316830692884.5
1554316830694294.5
1554316830697728.5
1554316830698297.0
1554316830701262.8
1554316830704056.8
1554316830712861.2
1554316830713127.2
1554316830716121.2
1554316830716390.2
1554316830718336.2
1554316830734174.5
1554316830747083.5
1554316830751376.8
1554316830753145.5
1554316830755684.0

25
11
9
