Time-differences (millis):

0.117
0.1
0.061
0.056
0.083
0.112
0.1
0.127
0.074
0.081
0.07
0.075
0.069
0.074
0.068
0.074
0.066
0.073
0.065
0.071
0.066
0.07
0.082
0.092

3.466
0.124
0.094
2.603
0.288
0.376
4.97
0.083
0.102
8.306
1.742
1.592
3.137
4.573
2.549
3.796
10.621
1.652
1.805
5.341
11.069
11.366
5.678
1.602

0.0
1.07375
0.37575
1.98075
3.54375
2.83575
5.57425
2.77475
3.6955
1.41
3.434
0.5685
2.96575
2.794
8.8045
0.266
2.994
0.269
1.946
15.83825
12.909
4.29325
1.76875
2.5385

Test:	SR2_f_13
Requests:	25
Success:	11
Used:   	9

Local times (milisec):
min:	0.056
max:	0.127
mean:	0.08025
median:	0.074
stdev:	0.01846324197826119

Web server times (milisec):
min:	0.083
max:	11.366
mean:	3.622291666666667
median:	2.576
stdev:	3.5441574638583977

App server times (milisec):
min:	0.0
max:	15.83825
mean:	3.5272395833333334
median:	2.784375
stdev:	3.880089912729477
diff:	6.834