Time-differences (millis):

0.138
0.25
0.136
0.103
0.088
0.099
0.078
0.103
0.112
0.134
0.104
0.106
0.128
0.082
0.121
0.08
0.117
0.082
0.169
0.099
0.195
0.117
0.092
0.107

4.024
0.098
2.58
0.044
0.016
0.002
2.889
5.043
1.978
2.588
2.811
0.779
4.43
3.46
1.186
2.603
1.524
0.695
4.23
1.252
0.474
0.534
0.311
3.155

2.61375
2.81
0.11125
2.87675
0.69575
2.70625
1.482
0.59325
2.51
2.87925
0.86675
2.4245
1.8625
4.6875
0.835
1.61075
2.47675
3.93725
0.13
1.2625
0.38775
0.99875
3.948
2.241

Test:	SR_f_1
Requests:	25
Success:	18
Used:   	10

Local times (milisec):
min:	0.078
max:	0.25
mean:	0.11833333333333333
median:	0.1065
stdev:	0.039520678865260075

Web server times (milisec):
min:	0.002
max:	5.043
mean:	1.9460833333333334
median:	1.751
stdev:	1.580716070994867

App server times (milisec):
min:	0.11125
max:	4.6875
mean:	1.9561354166666667
median:	2.05175
stdev:	1.259630982408458
diff:	2.724