Time-differences (millis):

0.135
0.254
0.057
0.054
0.047
0.048
0.044
0.046
0.043
0.046
0.068
0.084
0.113
0.119
1.083
0.185
0.123
0.119
0.101
0.105
0.093
0.142
0.071
0.074

0.069
4.314
4.437
0.443
0.058
0.044
4.08
1.331
3.428
0.961
3.823
3.301
2.669
1.791
7.702
15.505
4.852
1.783
0.168
8.998
3.77
1.751
3.846
1.902

0.62275
6.06725
3.96975
0.02925
3.564
1.0755
0.67075
4.011
1.327
0.09475
3.265
1.43775
1.7525
2.62275
5.0855
22.10825
5.81625
1.34325
1.94125
2.04675
1.803
1.984
4.996
8.474

Test:	SR2_f_15
Requests:	25
Success:	13
Used:   	8

Local times (milisec):
min:	0.043
max:	1.083
mean:	0.13558333333333333
median:	0.0885
stdev:	0.20807793620716222

Web server times (milisec):
min:	0.044
max:	15.505
mean:	3.3760833333333333
median:	2.9850000000000003
stdev:	3.457923829430736

App server times (milisec):
min:	0.02925
max:	22.10825
mean:	3.58784375
median:	2.0153749999999997
stdev:	4.477207128656661
diff:	4.92825