\Success codes:
18
9
12
11
12
15
13
12
16
15
11
6
11
12
13

Vouchers used:
10
6
9
10
10
8
9
7
11
11
5
4
9
7
8

Ratio:
1.8
1.5
1.3333333333333333
1.1
1.2
1.875
1.4444444444444444
1.7142857142857142
1.4545454545454546
1.3636363636363635
2.2
1.5
1.2222222222222223
1.7142857142857142
1.625

Local:
0.138
0.25
0.136
0.103
0.088
0.099
0.078
0.103
0.112
0.134
0.104
0.106
0.128
0.082
0.121
0.08
0.117
0.082
0.169
0.099
0.195
0.117
0.092
0.107
0.186
0.139
0.095
0.094
0.086
0.09
0.106
0.091
0.089
0.084
0.09
0.083
0.089
0.086
0.09
0.089
0.083
0.091
0.091
0.102
0.116
0.1
0.089
0.097
0.362
0.135
0.124
0.123
0.105
0.093
0.127
0.121
0.23
0.093
0.101
0.076
0.081
0.085
0.08
0.076
0.084
0.079
0.1
0.074
0.115
0.088
0.091
0.093
0.175
0.122
0.297
0.249
0.116
0.214
0.103
0.1
0.094
0.081
0.084
0.126
1.128
0.721
0.207
0.158
0.143
0.105
0.123
0.141
0.127
0.132
0.12
0.1
0.145
0.109
0.1
0.087
0.094
0.087
0.086
0.084
0.089
0.089
0.083
0.094
0.106
0.083
0.102
0.082
0.078
0.084
0.074
0.093
0.135
0.095
0.118
0.08
0.117
0.112
0.102
0.09
0.166
0.269
0.098
0.117
0.099
0.082
0.084
0.084
0.073
0.08
0.095
0.09
0.071
0.079
0.068
0.078
0.115
0.081
0.086
0.113
1.269
0.165
0.111
0.109
0.168
0.164
0.107
0.124
0.091
0.114
0.089
0.092
0.124
0.112
0.092
0.448
0.2
0.145
0.121
0.096
0.085
0.092
0.108
104.244
0.109
0.137
0.086
0.112
0.077
0.104
0.073
0.125
0.091
0.092
0.083
0.079
0.116
0.085
0.083
0.076
0.08
0.073
0.074
0.072
0.081
0.381
0.094
0.076
0.096
0.07
0.077
0.099
0.07
0.076
0.068
0.092
0.063
0.089
0.067
0.093
0.063
0.092
0.065
0.092
0.07
0.096
0.065
0.091
0.063
0.089
0.061
0.091
0.1
0.109
0.085
0.11
0.088
0.105
0.077
0.08
0.073
0.108
0.085
0.107
0.073
0.132
0.077
0.078
0.072
0.079
0.097
0.072
0.067
0.073
0.063
0.078
0.167
0.14
0.209
0.542
0.072
0.085
0.055
0.075
0.049
0.071
0.049
0.144
0.083
0.08
0.072
0.081
0.069
0.075
0.07
0.072
0.088
0.092
0.082
0.099
0.176
0.171
0.114
0.086
0.132
0.084
0.148
0.085
0.128
0.092
4.77
0.619
1.985
0.326
0.375
0.182
0.379
0.305
1.263
0.336
0.413
0.364
4.144
0.115
0.117
0.1
0.061
0.056
0.083
0.112
0.1
0.127
0.074
0.081
0.07
0.075
0.069
0.074
0.068
0.074
0.066
0.073
0.065
0.071
0.066
0.07
0.082
0.092
0.102
0.099
0.076
0.144
0.103
0.097
0.411
0.14
0.107
0.079
0.172
0.088
0.075
0.079
0.07
0.079
0.068
0.077
0.07
0.077
0.068
0.076
0.066
0.074
0.135
0.254
0.057
0.054
0.047
0.048
0.044
0.046
0.043
0.046
0.068
0.084
0.113
0.119
1.083
0.185
0.123
0.119
0.101
0.105
0.093
0.142
0.071
0.074

Web:
4.024
0.098
2.58
0.044
0.016
0.002
2.889
5.043
1.978
2.588
2.811
0.779
4.43
3.46
1.186
2.603
1.524
0.695
4.23
1.252
0.474
0.534
0.311
3.155
6.526
7.639
1.363
0.041
1.5
5.486
1.308
0.544
0.061
18.877
1.043
1.747
4.42
2.705
1.18
0.483
5.308
1.79
2.523
5.32
5.079
0.732
2.089
4.06
0.053
3.198
0.065
3.572
0.103
2.661
3.155
1.717
6.787
3.806
1.719
2.399
6.609
1.563
13.675
9.867
4.102
10.074
3.893
1.778
2.828
2.098
1.617
6.007
1.133
0.033
0.049
0.05
0.074
9.669
0.954
0.07
2.482
3.079
5.038
15.374
2.196
4.564
4.662
9.92
3.344
0.521
2.28
4.275
4.154
0.227
2.195
1.372
0.842
1.953
0.116
3.274
1.011
1.621
0.545
2.882
5.358
1.683
3.641
0.038
4.156
7.733
6.201
4.458
0.159
21.444
5.079
2.359
2.025
3.999
5.671
0.328
5.54
1.075
1.652
0.701
0.741
2.439
1.542
7.465
1.464
1.73
2.275
3.631
0.098
1.993
0.797
3.677
2.861
8.714
11.036
0.114
3.218
4.969
0.039
0.337
0.257
0.804
3.081
0.632
0.562
8.598
3.048
0.997
4.852
4.614
1.795
2.107
0.691
10.909
13.195
2.162
6.486
2.025
2.871
0.913
0.158
1.572
32.963
5.747
0.081
0.099
0.115
0.093
12.827
2.324
2.28
4.978
2.218
1.588
5.95
0.02
1.659
24.288
16.355
1.735
1.805
14.157
0.1
4.093
9.731
0.199
2.229
0.057
1.936
2.862
3.181
3.838
1.642
1.438
3.106
3.941
1.818
1.94
1.211
5.449
0.395
1.311
3.69
0.646
4.444
1.383
13.368
1.723
2.409
4.427
0.606
2.009
4.138
0.216
2.886
1.006
0.526
8.745
0.573
3.396
3.093
2.399
1.838
1.815
13.904
2.518
0.407
2.78
3.231
1.445
3.209
4.149
9.796
408.961
12.43
352.234
8040.413
0.806
0.53
0.035
0.849
0.042
0.051
0.016
1.225
8.778
2.972
4.615
18.063
5.442
1.656
1.044
4.565
0.608
0.986
5.46
20.066
1.469
0.045
0.177
0.237
0.329
4.394
0.079
0.441
4.886
12.018
0.378
7.541
6.765
0.705
3.701
8.819
4.115
17.674
46.345
3.466
0.124
0.094
2.603
0.288
0.376
4.97
0.083
0.102
8.306
1.742
1.592
3.137
4.573
2.549
3.796
10.621
1.652
1.805
5.341
11.069
11.366
5.678
1.602
0.148
0.037
0.312
1.604
4.824
5.539
9.008
0.098
19.462
4.498
2.346
4.259
1.729
0.942
0.58
6.559
8.719
2.392
9.675
43.172
1.888
2.745
3.166
0.069
4.314
4.437
0.443
0.058
0.044
4.08
1.331
3.428
0.961
3.823
3.301
2.669
1.791
7.702
15.505
4.852
1.783
0.168
8.998
3.77
1.751
3.846
1.902

App:
2.61375
2.81
0.11125
2.87675
0.69575
2.70625
1.482
0.59325
2.51
2.87925
0.86675
2.4245
1.8625
4.6875
0.835
1.61075
2.47675
3.93725
0.13
1.2625
0.38775
0.99875
3.948
2.241
11.89425
11.88
7.915
0.0085
3.01225
1.19725
0.36125
2.199
2.6985
2.21725
0.60575
4.4075
2.61375
2.2315
1.14425
0.53075
3.201
2.745
1.51925
5.5285
5.5185
2.34675
0.3165
3.47925
2.52825
0.3915
4.741
2.58175
2.02775
0.00025
1.29875
7.01275
5.21475
1.1195
7.29
0.7225
0.93925
14.261
10.49175
2.50775
6.72125
4.247
2.81375
1.47925
3.18075
1.07375
0.64225
1.67375
0.248
1.34475
2.16825
0.7105
1.203
1.8245
3.05425
3.143
10.32725
0.149
9.64875
3.56575
1.07075
3.25625
3.5735
4.51325
5.45725
3.17375
0.52675
2.28875
4.6855
4.3015
2.0745
18.00625
0.29075
2.427
1.75275
1.953
4.19875
3.977
1.63425
0.48725
0.92275
0.19575
3.36625
4.17925
1.08875
6.6935
0.96125
5.317
5.49375
1.152
22.366
1.9195
4.68775
4.13225
3.951
2.43975
0.82725
3.372
1.02225
5.024
4.04675
0.1735
4.19875
1.681
3.08825
4.479
0.38075
1.7865
0.103
0.5065
4.29275
0.1365
2.16125
9.70875
6.9245
3.315
0.32025
2.8555
7.8105
0.755
3.64675
0.04075
1.595
2.85325
3.26675
2.61325
2.373
3.662
0.33725
4.15075
1.89325
2.10425
4.6995
2.235
18.03475
2.031
2.47
4.775
1.543
2.75675
0.82825
1.84725
0.37175
32.34075
5.9605
3.22425
3.11725
2.45625
1.0815
2.5915
4.37425
0.4895
4.27475
0.1145
2.041
6.0455
0.407
1.05325
24.106
16.45375
3.42325
1.47175
0.0955
12.58725
0.8525
3.37475
10.37825
0.927
2.201
1.98375
0.912
1.989
1.31175
3.663
2.18825
1.31925
2.682
3.8245
2.0585
7.4415
2.8535
0.99725
0.61025
1.8425
3.0075
2.2565
6.56
1.4325
4.81825
3.79975
2.52425
3.16825
2.621
3.76625
2.38
1.29925
1.75425
3.4095
2.303
4.798
2.07125
4.71825
2.89725
0.048
1.2075
1.30525
0.67625
13.98125
2.8425
1.19225
3.3045
1.53675
1.2125
6.027
1.58875
10.05825
3.3465
1.98775
2.08225
1.81
0.59075
2.42175
0.0185
5.09725
2.8135
3.421
1.59575
6.17925
6.6975
1.87225
2.27075
1.10725
1.63975
1.5295
4.2455
0.39975
7.18
0.79225
19.21175
0.888
0.2755
4.21875
4.0565
0.50275
1.067
1.084
2.14875
1.5835
6.50375
0.59375
6.458
6.035
3.57925
8.97425
2.3495
1.7395
17.973
33.19375
8.6215
0.862
3.3035
1.68975
3.95425
3.57325
0.0
1.07375
0.37575
1.98075
3.54375
2.83575
5.57425
2.77475
3.6955
1.41
3.434
0.5685
2.96575
2.794
8.8045
0.266
2.994
0.269
1.946
15.83825
12.909
4.29325
1.76875
2.5385
5.26425
1.71925
0.83025
1.0045
1.864
1.28725
8.52675
9.925
1.4285
5.114
1.6985
0.59925
1.37325
0.32875
5.91725
8.9305
2.31575
6.26325
3.32475
43.578
1.6195
2.7565
18.9055
10.48325
0.62275
6.06725
3.96975
0.02925
3.564
1.0755
0.67075
4.011
1.327
0.09475
3.265
1.43775
1.7525
2.62275
5.0855
22.10825
5.81625
1.34325
1.94125
2.04675
1.803
1.984
4.996
8.474

Diff:
2.724
6.9395
7.03025
7.385
4.37025
4.86925
4.76175
7.46275
5.3095
2.81475
1303.945
26.129
6.834
14.207
4.92825