1555427138230167.0
1555427138230433.0
1555427138230815.0
1555427138230868.0
1555427138231245.0
1555427138231395.0
1555427138233532.0
1555427138233532.0
1555427138233534.0
1555427138233676.0
1555427138233677.0
1555427138233677.0
1555427138233678.0
1555427138233821.0
1555427138235475.0
1555427138235912.0
1555427138240063.0
1555427138240231.0
1555427138240709.0
1555427138240792.0
1555427138241816.0
1555427138241886.0
1555427138242477.0
1555427138245780.0
1555427138245829.0

1555427138245138.0
1555427138247314.0
1555427138248184.0
1555427138248863.0
1555427138250923.0
1555427138252606.0
1555427138254487.0
1555427138256281.0
1555427138256751.0
1555427138258736.0
1555427138267302.0
1555427138267341.0
1555427138269095.0
1555427138270069.0
1555427138271013.0
1555427138271843.0
1555427138272914.0
1555427138272958.0
1555427138274526.0
1555427138276396.0
1555427138276737.0
1555427138280218.0
1555427138280262.0
1555427138284866.0
1555427138285433.0

1555427138246496.5
1555427138250117.0
1555427138252962.0
1555427138254226.2
1555427138254708.2
1555427138255369.2
1555427138256468.0
1555427138258850.2
1555427138262956.5
1555427138264316.5
1555427138267519.5
1555427138267951.2
1555427138269281.8
1555427138270263.5
1555427138271540.5
1555427138272011.8
1555427138273109.2
1555427138273523.2
1555427138274675.5
1555427138276918.8
1555427138280440.5
1555427138281162.8
1555427138281612.0
1555427138285011.2
1555427138285838.0

25
12
9
