Success codes:
16
13
12
14
12
13
13
16
12
11
12
14
15
14
14
14
15
13
13
11
11
11
10
14
14

Vouchers used:
6
6
6
6
8
6
6
5
9
7
5
9
10
10
9
9
5
7
7
6
6
7
3
6
5

Ratio:
2.6666666666666665
2.1666666666666665
2.0
2.3333333333333335
1.5
2.1666666666666665
2.1666666666666665
3.2
1.3333333333333333
1.5714285714285714
2.4
1.5555555555555556
1.5
1.4
1.5555555555555556
1.5555555555555556
3.0
1.8571428571428572
1.8571428571428572
1.8333333333333333
1.8333333333333333
1.5714285714285714
3.3333333333333335
2.3333333333333335
2.8

Local:
0.001
0.001
0.0
0.001
0.163
0.0
0.001
0.0
0.0
0.001
0.0
0.015
1.956
0.057
0.159
0.0
0.001
0.0
0.001
0.02
0.001
6.42
0.001
0.159
0.011
0.021
0.016
0.018
2.181
0.027
0.03
0.03
0.023
0.328
2.825
0.784
0.086
1.102
0.095
1.548
0.001
0.881
0.129
0.897
0.087
0.572
0.052
0.277
0.001
0.0
0.182
0.001
0.012
11.259
0.001
0.299
0.001
0.0
0.001
0.0
0.001
7.841
0.02
0.055
0.022
0.014
0.055
0.026
0.0
0.009
0.032
0.0
0.12
2.013
0.096
1.483
0.082
1.598
0.03
0.379
0.01
0.51
0.1
0.856
0.174
0.628
0.589
1.567
0.084
0.643
0.055
0.699
5.276
0.121
0.001
0.106
8.432
0.146
0.0
0.038
0.055
0.061
3.712
0.001
2.855
0.054
0.024
1.458
0.0
0.021
0.095
0.043
0.028
0.079
0.01
0.012
0.526
0.03
10.271
0.542
0.087
0.0
0.001
0.037
0.017
6.271
0.023
0.115
0.0
0.001
0.0
0.001
0.0
0.001
0.032
0.016
0.014
0.017
7.057
0.0
1.141
0.142
0.075
0.0
0.037
0.056
0.01
0.061
0.001
0.013
0.049
0.0
0.012
0.205
0.0
0.0
1.87
0.039
8.668
0.007
0.016
0.012
0.013
0.012
0.007
0.023
0.001
0.009
0.0
0.0
0.284
3.047
0.001
0.042
0.044
0.0
1.502
0.048
5.458
0.177
0.014
0.023
0.041
0.015
0.035
0.278
0.0
0.001
0.004
4.785
0.023
0.132
0.266
0.382
0.053
0.377
0.15
2.137
0.0
0.002
0.142
0.001
0.0
0.001
0.143
1.654
0.437
4.151
0.168
0.478
0.083
1.024
0.07
0.591
3.303
0.049
1.309
1.825
0.001
0.077
0.0
0.001
0.254
1.744
0.567
0.025
0.01
3.322
0.071
0.008
0.023
0.012
0.021
0.021
0.013
1.872
0.086
2.625
0.065
0.0
1.479
0.008
4.087
0.0
1.637
0.01
0.105
0.001
0.861
0.057
0.05
1.621
0.036
0.02
2.075
1.553
0.0
0.011
1.347
0.044
0.006
0.01
2.872
0.021
7.64
0.001
0.0
0.037
0.001
0.009
0.007
0.011
2.654
0.762
0.008
1.038
0.0
0.012
0.006
0.241
0.051
0.022
0.018
2.603
0.0
0.2
0.001
0.013
0.001
4.247
0.204
2.547
0.0
4.328
0.135
3.412
0.068
1.666
0.001
0.777
0.56
0.82
0.051
0.786
0.095
0.727
0.255
1.492
0.062
1.778
0.001
2.028
0.066
0.022
0.008
1.165
0.001
1.202
1.355
1.928
0.069
0.0
0.012
0.005
3.145
0.059
0.001
0.0
0.0
0.001
0.009
5.613
0.08
0.001
0.0
0.017
0.067
2.14
5.888
0.001
0.034
0.011
0.027
0.001
0.008
0.023
0.001
0.01
0.023
0.068
0.001
0.0
5.315
0.075
0.0
0.001
0.0
0.011
0.027
0.976
0.096
0.287
0.146
0.33
0.036
0.33
0.052
0.357
0.063
0.314
0.05
0.415
0.0
0.279
0.043
1.337
0.001
0.036
0.0
0.05
0.037
0.251
14.334
0.0
0.001
0.0
0.016
0.001
5.983
0.0
0.029
0.006
0.012
0.015
0.005
0.024
0.0
0.011
0.022
2.177
0.009
0.013
0.107
0.894
0.001
0.012
0.004
2.335
0.001
4.557
0.0
0.018
0.001
7.7
0.0
0.001
0.088
0.0
0.001
0.0
0.001
0.071
0.041
0.036
0.043
0.034
0.02
3.817
0.063
0.0
0.001
0.028
0.013
0.042
0.026
0.029
0.026
0.029
0.027
0.028
0.903
6.954
0.001
0.001
0.0
0.001
0.061
0.0
0.626
0.0
2.064
0.337
1.201
0.052
0.897
0.045
0.271
0.48
0.356
0.572
0.243
0.223
0.251
28.611
0.2
4.332
0.061
5.281
0.117
2.157
0.063
0.791
0.049
0.645
0.032
0.732
0.047
6.246
0.081
0.543
0.068
0.046
0.066
0.03
0.01
2.044
0.001
0.0
0.018
0.0
1.121
0.024
1.315
0.012
1.056
0.018
0.059
1.061
0.013
7.404
0.001
0.001
0.001
0.07
0.0
0.016
0.0
5.368
0.102
0.001
0.001
0.0
0.001
0.001
0.0
0.029
2.126
1.115
0.011
0.013
4.062
0.008
0.026
0.0
0.009
0.024
0.0
0.009
0.087
0.0
0.029
0.012
0.0
0.803
0.041
0.029
0.983
3.301
0.001
1.15
0.013
0.021
0.027
0.008
1.162
0.0
0.001
0.807
0.04
0.027
2.205
0.03
2.665
0.041
0.012
0.017
1.568
0.09
0.001
0.001
0.0
0.017
2.279
0.074
0.009
0.02
3.801
0.0
0.077
0.0
0.001
0.0
0.001
0.012
0.099
2.261
0.115
0.021
0.016
0.016
0.015
0.016
0.016
0.016
0.019
3.224
0.08
0.001
0.0
0.0
0.033
0.032
1.585
0.049
2.563
0.079
0.001
3.109
0.05
0.0

Web:
2.424
0.03
3.077
1.18
0.491
1.089
3.682
1.117
1.627
4.245
3.767
0.615
0.358
2.482
0.438
2.259
0.592
0.788
1.455
0.599
0.404
1.024
1.958
2.263
0.243
1.713
2.652
0.767
0.035
1.551
0.647
1.589
8.112
1.743
3.03
0.079
1.3
0.816
0.841
0.893
1.515
1.318
3.286
2.002
0.936
1.633
1.62
2.253
3.32
0.38
0.503
0.887
7.416
2.428
1.34
0.558
0.906
0.044
2.943
0.84
1.072
3.919
1.463
0.875
0.539
0.324
1.819
0.803
1.718
0.757
1.051
0.968
1.217
4.169
8.097
1.878
1.319
0.048
1.796
0.945
0.446
0.651
3.005
0.118
2.115
0.112
0.52
2.166
1.578
0.025
3.095
1.612
0.406
1.382
2.21
5.057
0.533
9.831
1.078
1.257
0.05
2.178
3.46
0.923
0.567
1.833
0.143
1.525
0.877
0.616
1.323
0.459
0.812
0.95
2.393
1.025
1.922
2.429
2.176
1.273
6.663
2.344
1.357
1.679
0.117
0.038
5.739
0.037
0.035
1.82
1.913
3.088
1.239
0.939
0.039
1.758
0.332
0.686
2.872
3.178
0.041
0.031
0.691
4.57
6.529
0.63
0.771
0.038
2.242
0.591
0.579
1.915
0.829
1.621
0.035
1.887
1.187
1.58
0.032
3.033
1.428
0.855
2.772
0.615
2.147
0.446
3.096
6.009
2.712
0.057
0.589
1.337
1.312
1.21
0.042
1.198
2.221
1.579
1.693
1.004
0.533
2.176
0.87
0.679
2.06
1.683
1.881
1.794
0.47
1.985
8.566
0.039
1.754
0.974
0.944
0.83
1.071
0.044
1.568
1.87
0.341
3.481
0.044
4.604
0.567
1.411
2.818
0.019
2.045
0.823
0.035
0.237
2.344
0.687
11.04
0.691
1.097
0.041
1.251
1.48
1.019
0.036
3.076
0.501
0.51
2.689
0.401
1.556
1.751
2.869
0.69
0.712
0.639
0.612
2.718
1.318
9.891
0.044
1.504
0.041
1.113
0.646
0.039
2.065
1.912
2.987
0.753
7.543
0.028
0.026
2.689
1.527
0.084
2.278
1.11
2.105
2.66
5.258
1.753
2.557
2.234
0.047
1.048
0.824
0.602
1.23
0.807
3.527
1.079
3.015
1.886
3.661
0.488
1.142
3.089
1.534
0.234
3.418
0.759
1.133
4.182
2.765
2.961
1.158
0.836
2.021
0.039
1.6
0.837
3.669
0.043
0.044
2.651
1.351
0.269
0.709
1.377
3.525
2.645
0.025
0.523
3.661
3.59
5.359
1.898
0.043
1.789
0.593
1.437
0.044
2.311
1.314
0.982
0.874
0.987
1.69
2.087
0.249
7.254
1.518
2.142
0.326
1.277
1.77
2.446
6.091
0.025
1.24
2.19
1.328
1.232
0.834
0.591
1.939
3.198
0.613
0.036
0.762
0.304
1.393
296.076
0.633
267.586
35531.172
2.645
0.025
0.02
0.024
0.024
0.016
0.014
0.014
9.291
2.945
1.061
0.555
2.966
2.073
0.932
2.104
2.262
0.567
0.443
1.005
1.089
1.999
0.433
1.668
2.235
1.006
0.69
2.349
1.876
2.136
7.663
0.498
0.971
1.204
1.247
0.507
1.641
0.557
1.228
0.728
0.036
2.182
1.103
1.891
1.527
2.862
3.96
1.683
1.627
1.649
0.823
1.79
0.031
0.027
5.169
2.0
2.772
1.112
0.798
0.856
1.173
1.118
1.545
1.387
0.131
2.067
0.212
0.398
3.265
1.194
0.115
1.571
0.031
5.769
4.238
3.093
0.069
0.887
0.919
1.932
0.403
0.368
0.326
0.087
0.674
1.046
7.022
2.127
1.022
0.361
2.962
1.428
0.025
1.767
20.68
0.994
3.829
0.516
4.503
0.65
2.75
0.384
0.578
0.675
3.736
0.433
0.848
1.94
2.337
0.747
0.486
2.981
3.394
0.037
0.259
1.537
7.832
1.377
0.074
1.456
0.529
0.047
1.644
0.69
1.88
3.15
2.006
1.681
1.167
1.937
0.268
3.366
0.652
1.089
1.294
8.418
0.043
1.435
0.566
1.58
0.915
0.467
1.347
1.593
4.688
1.358
0.786
1.117
1.08
1.377
1.975
1.656
0.802
1.453
0.022
0.724
2.35
2.154
10.307
0.996
0.625
0.677
0.957
0.533
0.657
0.04
3.468
0.556
2.883
0.211
0.893
2.519
0.308
0.03
1.944
0.942
0.788
9.954
0.12
0.058
1.882
4.801
1.573
1.651
0.902
1.22
0.511
0.827
0.54
1.771
1.77
0.433
2.475
1.644
0.232
3.08
0.581
0.336
2.393
0.529
3.493
6.756
0.918
0.949
2.318
0.833
0.039
1.644
1.366
0.824
1.966
2.782
0.62

App:
3.6495
2.7845
0.73875
0.8395
0.9945
0.81375
1.648
2.547
0.51925
4.00225
3.06225
0.71125
0.24775
3.26675
0.69425
1.2475
0.60725
1.05925
1.12625
1.04125
0.436
1.10625
1.08175
0.74275
2.36525
2.668
1.506
0.62925
0.90025
4.7315
0.83525
1.09775
0.47075
3.9945
2.30675
1.8045
0.72725
0.76275
1.32925
0.487
0.72525
1.26925
0.4225
1.60925
0.45375
1.084
1.08025
0.49275
2.75575
1.62075
2.25125
0.82325
0.96375
2.6095
1.3805
0.3345
3.7505
4.482
1.255
1.40675
0.515
1.20275
0.4195
2.228
1.1535
0.7955
3.88675
0.4185
1.44825
0.466
1.15125
0.93625
4.58725
0.6405
0.8035
2.23425
1.61075
1.49125
1.222
0.52
4.70025
2.54625
0.99925
2.049
0.4905
0.6015
1.4225
0.669
0.43575
3.24925
0.807
0.84375
0.521
0.42275
1.7275
0.49
1.40225
1.68375
1.78525
0.67075
1.2175
1.74975
2.238
2.1065
0.56525
9.8755
0.94525
1.2995
0.40525
1.7865
3.8865
0.5755
0.81175
1.619
0.46925
1.06125
1.24825
0.41925
1.373
1.184
3.15375
1.24175
0.5965
0.83275
2.09425
1.10275
1.6945
1.34125
1.049
3.80325
2.35975
1.339
1.826
4.2185
0.35075
1.2425
0.44425
0.43625
3.43575
0.943
1.56425
1.22975
0.973
0.3925
2.81675
1.022
1.60475
1.0185
2.02425
1.1945
1.99425
2.0795
1.367
4.54675
0.8005
0.526
0.41875
1.81925
0.67875
1.23
1.27075
1.0455
1.33925
0.765
1.23025
1.0745
2.086
0.678
1.45675
1.29525
2.28275
1.1325
2.26475
1.679
1.069
2.6025
1.4705
3.894
2.87675
0.482
0.707
1.44975
0.494
1.233
0.66075
0.541
2.6775
1.503
1.413
0.987
0.44125
1.058
3.6205
2.845
1.26425
0.482
0.661
1.09875
2.38225
4.10625
1.36
3.203
0.43175
1.3305
0.98175
1.277
0.47125
1.0975
0.414
1.15225
2.24325
3.52175
0.72225
0.44925
3.39925
0.82675
0.5655
4.1835
0.4215
0.988
4.179
0.84925
1.359
1.63
1.8205
3.0435
0.8795
0.95225
0.4195
0.828
1.50875
1.04925
0.74
2.356
0.49
0.472
0.7475
2.10375
0.24125
0.2025
1.76125
1.10275
2.22375
0.63525
1.17125
0.78025
0.97175
0.68975
1.038
10.03025
0.877
0.5515
0.40875
0.865
1.02625
0.68375
0.87025
2.1855
1.7755
1.18675
0.56675
0.71575
0.48725
0.65775
10.1895
1.5245
0.4835
0.9105
1.12875
1.54925
1.6815
1.45175
0.5265
2.7815
1.9275
2.13175
2.36075
2.6265
0.8915
0.5775
0.496
1.2155
0.824
3.52975
1.40375
2.7185
0.399
1.26825
1.801
5.2035
1.0645
1.38625
0.74875
0.727
3.414
1.26
0.6175
4.57375
2.964
1.468
0.88775
1.2635
1.655
1.15325
0.4385
1.1515
0.8755
3.72875
0.7
0.217
1.7135
1.34875
1.1585
2.50825
0.9065
0.84725
0.18425
1.081
2.19075
2.034
1.28675
5.348
1.932
0.4605
1.41575
0.5235
1.49025
0.4705
1.81175
1.3605
0.959
1.35525
0.854
0.42975
0.9805
1.1265
2.07675
1.47875
7.66925
1.18375
0.53625
1.4745
1.3625
0.27275
1.77275
6.19275
0.23825
0.92
2.182
1.67075
0.87625
0.87775
2.02875
0.73125
2.919
0.66
0.3945
0.6595
0.853
0.55425
1.67175
2.45725
0.37225
1.27725
2.69775
1.506
0.8675
0.7515
2.21975
1.049
0.5855
1.0825
1.8455
2.09375
3.04425
0.7625
1.46825
0.6575
0.8135
0.57975
1.0705
1.343
2.025
1.4815
2.228
4.9055
0.114
1.20975
0.84175
0.97525
1.1265
1.8425
2.35875
5.30575
0.491
0.937
1.23475
1.7365
0.71625
1.0095
0.45875
1.2555
1.33325
0.409
1.448
1.25225
1.4795
1.586
2.69675
3.958
1.64075
1.64075
3.3795
1.174
1.82725
2.10125
2.03975
1.45875
1.26725
1.11675
0.80575
0.999
1.02325
1.1125
0.7855
1.28825
0.4075
0.95225
0.3975
0.965
0.529
1.1945
3.848
2.24675
0.44575
0.6985
1.7475
1.65375
2.38175
0.92325
1.0705
2.81225
3.91825
0.921
0.30175
0.41
1.3375
0.61225
0.448
0.21975
0.186
0.25575
1.06325
2.78625
4.88975
2.48025
3.373
1.196
2.1725
0.3765
0.94025
1.11025
2.36875
17.71825
0.95825
3.83125
0.4825
4.50775
0.5815
3.147
0.58625
0.37825
2.67425
1.33325
0.71525
0.92925
1.1795
0.5755
2.618
1.05925
3.82125
2.06375
2.10325
0.7225
0.57625
0.22525
0.986
0.928
7.03425
1.33275
0.89775
0.518
0.65925
0.4715
1.1845
0.96325
1.5315
3.13075
1.6225
1.0105
0.49925
1.04075
0.7195
0.39825
1.8305
4.0485
1.209
1.1365
1.72675
0.17125
0.94975
3.37375
0.9085
5.37025
0.83975
0.6145
1.55625
0.5985
1.35425
0.8645
0.49
1.6345
5.47625
0.57275
0.8185
0.556
0.839
0.9605
1.86275
2.5505
0.44575
1.688
1.29225
1.2085
1.523
0.527
2.1205
7.5085
0.62475
0.75225
0.55075
1.00725
0.49575
0.67125
0.75875
2.7135
0.56925
2.4555
0.842
0.66975
0.41675
1.296
3.79525
2.8575
1.0055
1.35275
0.358
1.48725
2.92
3.0105
2.7305
0.9535
0.54075
0.46
5.16775
0.65525
0.501
1.6405
0.89825
1.26475
0.71925
0.61875
0.46475
2.01875
1.598
3.48075
2.06575
3.31275
1.856
0.206
0.3215
1.6125
0.773
3.26975
3.75025
2.9795
0.92725
0.947
2.30575
1.2
0.4645
0.82475
1.44825
0.7875
1.95
1.39025
1.4895
0.82025
0.8595
2.00425

Diff:
1.91675
4.34825
2.4895
3.28025
1.97725
2.586
2.05025
1.854
1.883
3.3215
3.721
3.397
1.43
3.04625
0.97875
5515.498
1.48625
4.2475
3.36525
4.2145
5.54875
2.01875
5.346
2.74075
3.291