1555512488902934.0
1555512488903205.0
1555512488903685.0
1555512488904041.0
1555512488904613.0
1555512488904856.0
1555512488905079.0
1555512488905330.0
1555512488933941.0
1555512488934141.0
1555512488938473.0
1555512488938534.0
1555512488943815.0
1555512488943932.0
1555512488946089.0
1555512488946152.0
1555512488946943.0
1555512488946992.0
1555512488947637.0
1555512488947669.0
1555512488948401.0
1555512488948448.0
1555512488954694.0
1555512488954775.0
1555512488955318.0

1555512488920812.0
1555512488922939.0
1555512488923961.0
1555512488924322.0
1555512488927284.0
1555512488928712.0
1555512488928737.0
1555512488930504.0
1555512488951184.0
1555512488952178.0
1555512488956007.0
1555512488956523.0
1555512488961026.0
1555512488961676.0
1555512488964426.0
1555512488964810.0
1555512488965388.0
1555512488966063.0
1555512488969799.0
1555512488970232.0
1555512488971080.0
1555512488973020.0

1555512488922217.8
1555512488925590.8
1555512488926786.8
1555512488928959.2
1555512488929335.8
1555512488930276.0
1555512488931386.2
1555512488933755.0
1555512488951473.2
1555512488952431.5
1555512488956262.8
1555512488956745.2
1555512488961253.0
1555512488961834.5
1555512488964981.5
1555512488965567.8
1555512488965946.0
1555512488968620.2
1555512488969953.5
1555512488970668.8
1555512488971598.0
1555512488972777.5
1555512488973353.0
1555512488975971.0
1555512488977030.2

25
11
6
