Time-differences (millis):

0.087
0.0
0.001
0.037
0.017
6.271
0.023
0.115
0.0
0.001
0.0
0.001
0.0
0.001
0.032
0.016
0.014
0.017
7.057
0.0
1.141
0.142
0.075
0.0

0.459
0.812
0.95
2.393
1.025
1.922
2.429
2.176
1.273
6.663
2.344
1.357
1.679
0.117
0.038
5.739
0.037
0.035
1.82
1.913
3.088
1.239
0.939
0.039

3.15375
1.24175
0.5965
0.83275
2.09425
1.10275
1.6945
1.34125
1.049
3.80325
2.35975
1.339
1.826
4.2185
0.35075
1.2425
0.44425
0.43625
3.43575
0.943
1.56425
1.22975
0.973
0.3925

Test:	SR2_r_6
Requests:	25
Success:	13
Used:   	6

Local times (milisec):
min:	0.0
max:	7.057
mean:	0.627
median:	0.0165
stdev:	1.8771395213485587

Web server times (milisec):
min:	0.035
max:	6.663
mean:	1.6869166666666666
median:	1.315
stdev:	1.6502047281860321

App server times (milisec):
min:	0.35075
max:	4.2185
mean:	1.569375
median:	1.242125
stdev:	1.0947231186568314
diff:	2.586