1555512535995696.0
1555512535995696.0
1555512535995712.0
1555512535995712.0
1555512536001080.0
1555512536001182.0
1555512536001183.0
1555512536001184.0
1555512536001184.0
1555512536001185.0
1555512536001186.0
1555512536001186.0
1555512536001215.0
1555512536003341.0
1555512536004456.0
1555512536004467.0
1555512536004480.0
1555512536008542.0
1555512536008550.0
1555512536008576.0
1555512536008576.0
1555512536008585.0
1555512536008609.0
1555512536008609.0
1555512536008618.0

1555512536013754.0
1555512536015760.0
1555512536017441.0
1555512536018608.0
1555512536020545.0
1555512536020813.0
1555512536024179.0
1555512536024831.0
1555512536025920.0
1555512536027214.0
1555512536035632.0
1555512536035675.0
1555512536037110.0
1555512536037676.0
1555512536039256.0
1555512536040171.0
1555512536040638.0
1555512536041985.0
1555512536043578.0
1555512536048266.0
1555512536049624.0
1555512536050410.0
1555512536051527.0
1555512536052607.0

1555512536015109.8
1555512536016940.2
1555512536020988.8
1555512536022197.8
1555512536023334.2
1555512536025061.0
1555512536025232.2
1555512536026182.0
1555512536029555.8
1555512536030464.2
1555512536035834.5
1555512536036674.2
1555512536037288.8
1555512536038845.0
1555512536039443.5
1555512536040797.8
1555512536041662.2
1555512536042152.2
1555512536043786.8
1555512536049263.0
1555512536049835.8
1555512536050654.2
1555512536051210.2
1555512536052049.2
1555512536053009.8

25
11
7
