1555427156350726.0
1555427156352035.0
1555427156353860.0
1555427156353861.0
1555427156353938.0
1555427156353938.0
1555427156353939.0
1555427156354193.0
1555427156355937.0
1555427156356504.0
1555427156356529.0
1555427156356539.0
1555427156359861.0
1555427156359932.0
1555427156359940.0
1555427156359963.0
1555427156359975.0
1555427156359996.0
1555427156360017.0
1555427156360030.0
1555427156361902.0
1555427156361988.0
1555427156364613.0
1555427156364678.0
1555427156364678.0

1555427156366487.0
1555427156367898.0
1555427156370716.0
1555427156370735.0
1555427156372780.0
1555427156373603.0
1555427156373638.0
1555427156373875.0
1555427156376219.0
1555427156376906.0
1555427156387946.0
1555427156388637.0
1555427156389734.0
1555427156389775.0
1555427156391026.0
1555427156392506.0
1555427156393525.0
1555427156393561.0
1555427156396637.0
1555427156397138.0
1555427156397648.0
1555427156400337.0
1555427156400738.0

1555427156369057.2
1555427156369622.8
1555427156373806.2
1555427156374227.8
1555427156375215.8
1555427156379394.8
1555427156380244.0
1555427156381603.0
1555427156383233.0
1555427156385053.5
1555427156388097.0
1555427156388976.5
1555427156389928.8
1555427156390348.2
1555427156391176.2
1555427156392685.0
1555427156393734.2
1555427156394474.2
1555427156396830.2
1555427156397320.2
1555427156397792.2
1555427156398539.8
1555427156400643.5
1555427156400884.8
1555427156401087.2

25
11
7
