Time-differences (millis):

0.12
2.013
0.096
1.483
0.082
1.598
0.03
0.379
0.01
0.51
0.1
0.856
0.174
0.628
0.589
1.567
0.084
0.643
0.055
0.699
5.276
0.121
0.001
0.106

0.324
1.819
0.803
1.718
0.757
1.051
0.968
1.217
4.169
8.097
1.878
1.319
0.048
1.796
0.945
0.446
0.651
3.005
0.118
2.115
0.112
0.52
2.166

4.58725
0.6405
0.8035
2.23425
1.61075
1.49125
1.222
0.52
4.70025
2.54625
0.99925
2.049
0.4905
0.6015
1.4225
0.669
0.43575
3.24925
0.807
0.84375
0.521
0.42275
1.7275
0.49

Test:	SR2_r_4
Requests:	25
Success:	14
Used:   	6

Local times (milisec):
min:	0.001
max:	5.276
mean:	0.7175
median:	0.27649999999999997
stdev:	1.1349925109885086

Web server times (milisec):
min:	0.048
max:	8.097
mean:	1.5670434782608695
median:	1.051
stdev:	1.7329743605683703

App server times (milisec):
min:	0.42275
max:	4.70025
mean:	1.4618645833333332
median:	0.9215
stdev:	1.2338476889195007
diff:	3.28025