Time-differences (millis):

0.0
0.0
0.284
3.047
0.001
0.042
0.044
0.0
1.502
0.048
5.458
0.177
0.014
0.023
0.041
0.015
0.035
0.278
0.0
0.001
0.004
4.785
0.023
0.132

0.032
3.033
1.428
0.855
2.772
0.615
2.147
0.446
3.096
6.009
2.712
0.057
0.589
1.337
1.312
1.21
0.042
1.198
2.221
1.579
1.693
1.004
0.533

1.45675
1.29525
2.28275
1.1325
2.26475
1.679
1.069
2.6025
1.4705
3.894
2.87675
0.482
0.707
1.44975
0.494
1.233
0.66075
0.541
2.6775
1.503
1.413
0.987
0.44125
1.058

Test:	SR2_r_8
Requests:	25
Success:	16
Used:   	5

Local times (milisec):
min:	0.0
max:	5.458
mean:	0.6647500000000001
median:	0.038000000000000006
stdev:	1.5299599383786096

Web server times (milisec):
min:	0.032
max:	6.009
mean:	1.5617391304347825
median:	1.312
stdev:	1.3506936674906007

App server times (milisec):
min:	0.44125
max:	3.894
mean:	1.4862916666666666
median:	1.354125
stdev:	0.879262239121485
diff:	1.854