1555427031224353.0
1555427031232785.0
1555427031232931.0
1555427031232931.0
1555427031232969.0
1555427031233024.0
1555427031233085.0
1555427031236797.0
1555427031236798.0
1555427031239653.0
1555427031239707.0
1555427031239731.0
1555427031241189.0
1555427031241189.0
1555427031241210.0
1555427031241305.0
1555427031241348.0
1555427031241376.0
1555427031241455.0
1555427031241465.0
1555427031241477.0
1555427031242003.0
1555427031242033.0
1555427031252304.0
1555427031252846.0

1555427031247095.0
1555427031248673.0
1555427031248698.0
1555427031251793.0
1555427031253405.0
1555427031253811.0
1555427031255193.0
1555427031257403.0
1555427031262460.0
1555427031262993.0
1555427031272824.0
1555427031273902.0
1555427031275159.0
1555427031275209.0
1555427031277387.0
1555427031280847.0
1555427031281770.0
1555427031282337.0
1555427031284170.0
1555427031284313.0
1555427031285838.0
1555427031286715.0
1555427031287331.0
1555427031288654.0

1555427031249836.0
1555427031251238.2
1555427031252922.0
1555427031254707.2
1555427031255378.0
1555427031256595.5
1555427031258345.2
1555427031260583.2
1555427031262689.8
1555427031263255.0
1555427031273130.5
1555427031274075.8
1555427031275375.2
1555427031275780.5
1555427031277567.0
1555427031281453.5
1555427031282029.0
1555427031282840.8
1555427031284459.8
1555427031284929.0
1555427031285990.2
1555427031287238.5
1555427031287657.8
1555427031289030.8
1555427031290214.8

25
12
8
