Time-differences (millis):

0.001
0.001
0.0
0.001
0.163
0.0
0.001
0.0
0.0
0.001
0.0
0.015
1.956
0.057
0.159
0.0
0.001
0.0
0.001
0.02
0.001
6.42
0.001
0.159

2.424
0.03
3.077
1.18
0.491
1.089
3.682
1.117
1.627
4.245
3.767
0.615
0.358
2.482
0.438
2.259
0.592
0.788
1.455
0.599
0.404
1.024
1.958

3.6495
2.7845
0.73875
0.8395
0.9945
0.81375
1.648
2.547
0.51925
4.00225
3.06225
0.71125
0.24775
3.26675
0.69425
1.2475
0.60725
1.05925
1.12625
1.04125
0.436
1.10625
1.08175
0.74275

Test:	SR2_r_1
Requests:	25
Success:	16
Used:   	6

Local times (milisec):
min:	0.0
max:	6.42
mean:	0.37324999999999997
median:	0.001
stdev:	1.3477804056073566

Web server times (milisec):
min:	0.03
max:	4.245
mean:	1.5522173913043478
median:	1.117
stdev:	1.2222367333749493

App server times (milisec):
min:	0.24775
max:	4.00225
mean:	1.4569791666666667
median:	1.0502500000000001
stdev:	1.1063358488346415
diff:	1.91675