Time-differences (millis):

0.0
0.016
0.0
5.368
0.102
0.001
0.001
0.0
0.001
0.001
0.0
0.029
2.126
1.115
0.011
0.013
4.062
0.008
0.026
0.0
0.009
0.024
0.0
0.009

2.006
1.681
1.167
1.937
0.268
3.366
0.652
1.089
1.294
8.418
0.043
1.435
0.566
1.58
0.915
0.467
1.347
1.593
4.688
1.358
0.786
1.117
1.08

1.8305
4.0485
1.209
1.1365
1.72675
0.17125
0.94975
3.37375
0.9085
5.37025
0.83975
0.6145
1.55625
0.5985
1.35425
0.8645
0.49
1.6345
5.47625
0.57275
0.8185
0.556
0.839
0.9605

Test:	SR2_r_22
Requests:	25
Success:	11
Used:   	7

Local times (milisec):
min:	0.0
max:	5.368
mean:	0.5384166666666667
median:	0.009
stdev:	1.3852361568140386

Web server times (milisec):
min:	0.043
max:	8.418
mean:	1.6892608695652174
median:	1.294
stdev:	1.7712266221564006

App server times (milisec):
min:	0.17125
max:	5.47625
mean:	1.5791666666666666
median:	0.955125
stdev:	1.4726936125512582
diff:	2.01875