1555427263975787.0
1555427263975854.0
1555427263977994.0
1555427263983882.0
1555427263983883.0
1555427263983917.0
1555427263983928.0
1555427263983955.0
1555427263983956.0
1555427263983964.0
1555427263983987.0
1555427263983988.0
1555427263983998.0
1555427263984021.0
1555427263984089.0
1555427263984090.0
1555427263984090.0
1555427263989405.0
1555427263989480.0
1555427263989480.0
1555427263989481.0
1555427263989481.0
1555427263989492.0
1555427263989519.0
1555427263990495.0

1555427263989152.0
1555427263991239.0
1555427263991488.0
1555427263998742.0
1555427264000260.0
1555427264002402.0
1555427264002728.0
1555427264004005.0
1555427264005775.0
1555427264008221.0
1555427264014312.0
1555427264014337.0
1555427264015577.0
1555427264017767.0
1555427264019095.0
1555427264020327.0
1555427264021161.0
1555427264021752.0
1555427264023691.0
1555427264026889.0
1555427264027502.0
1555427264027538.0
1555427264028300.0
1555427264028604.0
1555427264029997.0

1555427263990569.5
1555427263992646.2
1555427263994125.0
1555427264001794.2
1555427264002978.0
1555427264003514.2
1555427264004988.8
1555427264006351.2
1555427264006624.0
1555427264008396.8
1555427264014589.5
1555427264014827.8
1555427264015747.8
1555427264017929.8
1555427264019600.5
1555427264020476.8
1555427264021354.5
1555427264023383.2
1555427264024114.5
1555427264027033.5
1555427264027693.5
1555427264028088.0
1555427264028747.5
1555427264029600.5
1555427264030154.8

25
14
9
