Time-differences (millis):

0.001
0.0
0.016
0.001
5.983
0.0
0.029
0.006
0.012
0.015
0.005
0.024
0.0
0.011
0.022
2.177
0.009
0.013
0.107
0.894
0.001
0.012
0.004
2.335

1.999
0.433
1.668
2.235
1.006
0.69
2.349
1.876
2.136
7.663
0.498
0.971
1.204
1.247
0.507
1.641
0.557
1.228
0.728
0.036
2.182
1.103
1.891
1.527

2.228
4.9055
0.114
1.20975
0.84175
0.97525
1.1265
1.8425
2.35875
5.30575
0.491
0.937
1.23475
1.7365
0.71625
1.0095
0.45875
1.2555
1.33325
0.409
1.448
1.25225
1.4795
1.586

Test:	SR2_r_17
Requests:	25
Success:	15
Used:   	5

Local times (milisec):
min:	0.0
max:	5.983
mean:	0.48654166666666665
median:	0.012
stdev:	1.3371010491281914

Web server times (milisec):
min:	0.036
max:	7.663
mean:	1.5572916666666667
median:	1.2375
stdev:	1.4588082831146998

App server times (milisec):
min:	0.114
max:	5.30575
mean:	1.510625
median:	1.2435
stdev:	1.2347637954016883
diff:	1.48625