1555427094483025.0
1555427094483025.0
1555427094483025.0
1555427094483309.0
1555427094486356.0
1555427094486357.0
1555427094486399.0
1555427094486443.0
1555427094486443.0
1555427094487945.0
1555427094487993.0
1555427094493451.0
1555427094493628.0
1555427094493642.0
1555427094493665.0
1555427094493706.0
1555427094493721.0
1555427094493756.0
1555427094494034.0
1555427094494034.0
1555427094494035.0
1555427094494039.0
1555427094498824.0
1555427094498847.0
1555427094498979.0

1555427094498330.0
1555427094498362.0
1555427094501395.0
1555427094502823.0
1555427094503678.0
1555427094506450.0
1555427094507065.0
1555427094509212.0
1555427094509658.0
1555427094512754.0
1555427094518763.0
1555427094521475.0
1555427094521532.0
1555427094522121.0
1555427094523458.0
1555427094524770.0
1555427094525980.0
1555427094526022.0
1555427094527220.0
1555427094529441.0
1555427094531020.0
1555427094532713.0
1555427094533717.0
1555427094534250.0

1555427094499782.5
1555427094501239.2
1555427094502534.5
1555427094504817.2
1555427094505949.8
1555427094508214.5
1555427094509893.5
1555427094510962.5
1555427094513565.0
1555427094515035.5
1555427094518929.5
1555427094521806.2
1555427094522288.2
1555427094522995.2
1555427094524445.0
1555427094524939.0
1555427094526172.0
1555427094526832.8
1555427094527373.8
1555427094530051.2
1555427094531554.2
1555427094532967.2
1555427094533954.2
1555427094534395.5
1555427094535453.5

25
16
5
