Time-differences (millis):

7.64
0.001
0.0
0.037
0.001
0.009
0.007
0.011
2.654
0.762
0.008
1.038
0.0
0.012
0.006
0.241
0.051
0.022
0.018
2.603
0.0
0.2
0.001
0.013

7.543
0.028
0.026
2.689
1.527
0.084
2.278
1.11
2.105
2.66
5.258
1.753
2.557
2.234
0.047
1.048
0.824
0.602
1.23
0.807
3.527
1.079
3.015

10.1895
1.5245
0.4835
0.9105
1.12875
1.54925
1.6815
1.45175
0.5265
2.7815
1.9275
2.13175
2.36075
2.6265
0.8915
0.5775
0.496
1.2155
0.824
3.52975
1.40375
2.7185
0.399
1.26825

Test:	SR2_r_12
Requests:	25
Success:	14
Used:   	9

Local times (milisec):
min:	0.0
max:	7.64
mean:	0.6389583333333333
median:	0.0125
stdev:	1.6700964949775303

Web server times (milisec):
min:	0.026
max:	7.543
mean:	1.914391304347826
median:	1.527
stdev:	1.775490655338314

App server times (milisec):
min:	0.399
max:	10.1895
mean:	1.8582291666666666
median:	1.42775
stdev:	1.965055071576802
diff:	3.397