1555512398167007.0
1555512398167103.0
1555512398167390.0
1555512398167536.0
1555512398167866.0
1555512398167902.0
1555512398168232.0
1555512398168284.0
1555512398168641.0
1555512398168704.0
1555512398169018.0
1555512398169068.0
1555512398169483.0
1555512398169483.0
1555512398169762.0
1555512398169805.0
1555512398171142.0
1555512398171143.0
1555512398171179.0
1555512398171179.0
1555512398171229.0
1555512398171266.0
1555512398171517.0
1555512398185851.0
1555512398185851.0

1555512362088735.0
1555512362384811.0
1555512362385444.0
1555512362653030.0
1555512398184202.0
1555512398186847.0
1555512398186872.0
1555512398186892.0
1555512398186916.0
1555512398186940.0
1555512398186956.0
1555512398186970.0
1555512398186984.0
1555512398196275.0
1555512398199220.0
1555512398200281.0
1555512398200836.0
1555512398203802.0
1555512398205875.0
1555512398206807.0
1555512398208911.0
1555512398211173.0
1555512398211740.0
1555512398212183.0
1555512398213188.0
1555512398214277.0

1555512398185579.8
1555512398187251.5
1555512398189708.8
1555512398190081.0
1555512398191358.2
1555512398194056.0
1555512398195562.0
1555512398196429.5
1555512398197181.0
1555512398199400.8
1555512398200449.8
1555512398201035.2
1555512398202117.8
1555512398203963.2
1555512398206057.0
1555512398209101.2
1555512398209863.8
1555512398211332.0
1555512398211989.5
1555512398212803.0
1555512398213382.8
1555512398214453.2
1555512398215796.2
1555512398217821.2
1555512398219302.8

25
14
9
