Time-differences (millis):

0.001
0.0
0.182
0.001
0.012
11.259
0.001
0.299
0.001
0.0
0.001
0.0
0.001
7.841
0.02
0.055
0.022
0.014
0.055
0.026
0.0
0.009
0.032
0.0

2.002
0.936
1.633
1.62
2.253
3.32
0.38
0.503
0.887
7.416
2.428
1.34
0.558
0.906
0.044
2.943
0.84
1.072
3.919
1.463
0.875
0.539

2.75575
1.62075
2.25125
0.82325
0.96375
2.6095
1.3805
0.3345
3.7505
4.482
1.255
1.40675
0.515
1.20275
0.4195
2.228
1.1535
0.7955
3.88675
0.4185
1.44825
0.466
1.15125
0.93625

Test:	SR2_r_3
Requests:	25
Success:	12
Used:   	6

Local times (milisec):
min:	0.0
max:	11.259
mean:	0.8263333333333334
median:	0.010499999999999999
stdev:	2.734562244065157

Web server times (milisec):
min:	0.044
max:	7.416
mean:	1.7216818181818183
median:	1.206
stdev:	1.6203867670688301

App server times (milisec):
min:	0.3345
max:	4.482
mean:	1.5939479166666668
median:	1.228875
stdev:	1.1622498444713736
diff:	2.4895