1555512513424288.0
1555512513424356.0
1555512513424402.0
1555512513424468.0
1555512513424498.0
1555512513424508.0
1555512513426552.0
1555512513426553.0
1555512513426553.0
1555512513426571.0
1555512513426571.0
1555512513427692.0
1555512513427716.0
1555512513429031.0
1555512513429043.0
1555512513430099.0
1555512513430117.0
1555512513430176.0
1555512513431237.0
1555512513431250.0
1555512513438654.0
1555512513438655.0
1555512513438656.0
1555512513438657.0
1555512513438727.0

1555512513441872.0
1555512513444209.0
1555512513444956.0
1555512513445442.0
1555512513448423.0
1555512513451817.0
1555512513451854.0
1555512513452113.0
1555512513453650.0
1555512513461482.0
1555512513462859.0
1555512513462933.0
1555512513464389.0
1555512513464918.0
1555512513464965.0
1555512513466609.0
1555512513467299.0
1555512513469179.0
1555512513472329.0

1555512513443333.0
1555512513447154.2
1555512513449218.0
1555512513451321.2
1555512513452043.8
1555512513452620.0
1555512513452845.2
1555512513453831.2
1555512513454759.2
1555512513461793.5
1555512513463126.2
1555512513464024.0
1555512513464542.0
1555512513465201.2
1555512513465672.8
1555512513466857.2
1555512513467820.5
1555512513469352.0
1555512513472482.8
1555512513474105.2
1555512513475115.8
1555512513475615.0
1555512513476655.8
1555512513477375.2
1555512513477773.5

25
11
6
