Time-differences (millis):

0.067
2.14
5.888
0.001
0.034
0.011
0.027
0.001
0.008
0.023
0.001
0.01
0.023
0.068
0.001
0.0
5.315
0.075
0.0
0.001
0.0
0.011
0.027
0.976

2.087
0.249
7.254
1.518
2.142
0.326
1.277
1.77
2.446
6.091
0.025
1.24
2.19
1.328
1.232
0.834
0.591
1.939
3.198
0.613
0.036
0.762
0.304
1.393

2.07675
1.47875
7.66925
1.18375
0.53625
1.4745
1.3625
0.27275
1.77275
6.19275
0.23825
0.92
2.182
1.67075
0.87625
0.87775
2.02875
0.73125
2.919
0.66
0.3945
0.6595
0.853
0.55425

Test:	SR2_r_15
Requests:	25
Success:	14
Used:   	9

Local times (milisec):
min:	0.0
max:	5.888
mean:	0.6128333333333333
median:	0.017
stdev:	1.6077964035792338

Web server times (milisec):
min:	0.025
max:	7.254
mean:	1.701875
median:	1.3025
stdev:	1.7446646697238437

App server times (milisec):
min:	0.23825
max:	7.66925
mean:	1.6493854166666666
median:	1.0518750000000001
stdev:	1.7759047219399229
diff:	0.97875