1555427055689535.0
1555427055689622.0
1555427055689622.0
1555427055689623.0
1555427055689660.0
1555427055689677.0
1555427055695948.0
1555427055695971.0
1555427055696086.0
1555427055696086.0
1555427055696087.0
1555427055696087.0
1555427055696088.0
1555427055696088.0
1555427055696089.0
1555427055696121.0
1555427055696137.0
1555427055696151.0
1555427055696168.0
1555427055703225.0
1555427055703225.0
1555427055704366.0
1555427055704508.0
1555427055704583.0
1555427055704583.0

1555427055705964.0
1555427055706423.0
1555427055707235.0
1555427055708185.0
1555427055710578.0
1555427055711603.0
1555427055713525.0
1555427055715954.0
1555427055718130.0
1555427055719403.0
1555427055726066.0
1555427055728410.0
1555427055729767.0
1555427055731446.0
1555427055731563.0
1555427055731601.0
1555427055737340.0
1555427055737377.0
1555427055737412.0
1555427055739232.0
1555427055741145.0
1555427055744233.0
1555427055745472.0
1555427055746411.0
1555427055746450.0

1555427055709322.8
1555427055712476.5
1555427055713718.2
1555427055714314.8
1555427055715147.5
1555427055717241.8
1555427055718344.5
1555427055720039.0
1555427055721380.2
1555427055722429.2
1555427055726232.5
1555427055728592.2
1555427055729931.2
1555427055731757.2
1555427055735975.8
1555427055736326.5
1555427055737569.0
1555427055738013.2
1555427055738449.5
1555427055741885.2
1555427055742828.2
1555427055744392.5
1555427055745622.2
1555427055746595.2
1555427055746987.8

25
13
6
