1555512444252260.0
1555512444252261.0
1555512444256818.0
1555512444256818.0
1555512444256836.0
1555512444256837.0
1555512444264537.0
1555512444264537.0
1555512444264538.0
1555512444264626.0
1555512444264626.0
1555512444264627.0
1555512444264627.0
1555512444264628.0
1555512444264699.0
1555512444264740.0
1555512444264776.0
1555512444264819.0
1555512444264853.0
1555512444264873.0
1555512444268690.0
1555512444268753.0
1555512444268753.0
1555512444268754.0
1555512444268782.0

1555512444269384.0
1555512444272246.0
1555512444276206.0
1555512444277889.0
1555512444279516.0
1555512444281165.0
1555512444281988.0
1555512444283778.0
1555512444283809.0
1555512444283836.0
1555512444289005.0
1555512444291005.0
1555512444293777.0
1555512444294889.0
1555512444295687.0
1555512444296543.0
1555512444297716.0
1555512444298834.0
1555512444300379.0
1555512444301766.0
1555512444301897.0

1555512444270735.5
1555512444273432.2
1555512444277390.2
1555512444279031.0
1555512444280671.8
1555512444284051.2
1555512444285225.2
1555512444287052.5
1555512444289153.8
1555512444291193.5
1555512444292652.2
1555512444293919.5
1555512444295036.2
1555512444295842.0
1555512444296841.0
1555512444297864.2
1555512444298976.8
1555512444299762.2
1555512444301050.5
1555512444301458.0
1555512444302410.2
1555512444302807.8
1555512444303772.8
1555512444304301.8
1555512444305496.2

25
13
7
