1555426918233682.0
1555426918233683.0
1555426918233684.0
1555426918233684.0
1555426918233685.0
1555426918233848.0
1555426918233848.0
1555426918233849.0
1555426918233849.0
1555426918233849.0
1555426918233850.0
1555426918233850.0
1555426918233865.0
1555426918235821.0
1555426918235878.0
1555426918236037.0
1555426918236037.0
1555426918236038.0
1555426918236038.0
1555426918236039.0
1555426918236059.0
1555426918236060.0
1555426918242480.0
1555426918242481.0
1555426918242640.0

1555426918248492.0
1555426918250916.0
1555426918250946.0
1555426918254023.0
1555426918255203.0
1555426918255694.0
1555426918256783.0
1555426918260465.0
1555426918261582.0
1555426918263209.0
1555426918267454.0
1555426918271221.0
1555426918271836.0
1555426918272194.0
1555426918274676.0
1555426918275114.0
1555426918277373.0
1555426918277965.0
1555426918278753.0
1555426918280208.0
1555426918280807.0
1555426918281211.0
1555426918282235.0
1555426918284193.0

1555426918249797.0
1555426918253446.5
1555426918256231.0
1555426918256969.8
1555426918257809.2
1555426918258803.8
1555426918259617.5
1555426918261265.5
1555426918263812.5
1555426918264331.8
1555426918268334.0
1555426918271396.2
1555426918272107.5
1555426918272355.2
1555426918275622.0
1555426918276316.2
1555426918277563.8
1555426918278171.0
1555426918279230.2
1555426918280356.5
1555426918281397.8
1555426918281833.8
1555426918282940.0
1555426918284021.8
1555426918284764.5

25
16
6
