Time-differences (millis):

1.309
1.825
0.001
0.077
0.0
0.001
0.254
1.744
0.567
0.025
0.01
3.322
0.071
0.008
0.023
0.012
0.021
0.021
0.013
1.872
0.086
2.625
0.065
0.0

1.411
2.818
0.019
2.045
0.823
0.035
0.237
2.344
0.687
11.04
0.691
1.097
0.041
1.251
1.48
1.019
0.036
3.076
0.501
0.51
2.689
0.401

0.5655
4.1835
0.4215
0.988
4.179
0.84925
1.359
1.63
1.8205
3.0435
0.8795
0.95225
0.4195
0.828
1.50875
1.04925
0.74
2.356
0.49
0.472
0.7475
2.10375
0.24125
0.2025

Test:	SR2_r_10
Requests:	25
Success:	11
Used:   	7

Local times (milisec):
min:	0.0
max:	3.322
mean:	0.5813333333333334
median:	0.045
stdev:	0.9739360601576278

Web server times (milisec):
min:	0.019
max:	11.04
mean:	1.5568636363636363
median:	0.9209999999999999
stdev:	2.321893219632768

App server times (milisec):
min:	0.2025
max:	4.1835
mean:	1.3345833333333332
median:	0.915875
stdev:	1.1240220765728708
diff:	3.3215