1555512422299430.0
1555512422299431.0
1555512422299431.0
1555512422299447.0
1555512422299448.0
1555512422305431.0
1555512422305431.0
1555512422305460.0
1555512422305466.0
1555512422305478.0
1555512422305493.0
1555512422305498.0
1555512422305522.0
1555512422305522.0
1555512422305533.0
1555512422305555.0
1555512422307732.0
1555512422307741.0
1555512422307754.0
1555512422307861.0
1555512422308755.0
1555512422308756.0
1555512422308768.0
1555512422308772.0
1555512422311107.0

1555512422317787.0
1555512422319786.0
1555512422320219.0
1555512422321887.0
1555512422324122.0
1555512422325128.0
1555512422325818.0
1555512422328167.0
1555512422330043.0
1555512422332179.0
1555512422339842.0
1555512422340340.0
1555512422341311.0
1555512422342515.0
1555512422343762.0
1555512422344269.0
1555512422345910.0
1555512422346467.0
1555512422347695.0
1555512422348423.0
1555512422348459.0
1555512422350641.0
1555512422351744.0
1555512422353635.0
1555512422355162.0

1555512422319126.0
1555512422321354.0
1555512422326259.5
1555512422326373.5
1555512422327583.2
1555512422328425.0
1555512422329400.2
1555512422330526.8
1555512422332369.2
1555512422334728.0
1555512422340033.8
1555512422340524.8
1555512422341461.8
1555512422342696.5
1555512422344433.0
1555512422345149.2
1555512422346158.8
1555512422346617.5
1555512422347873.0
1555512422349206.2
1555512422349615.2
1555512422351063.2
1555512422352315.5
1555512422353795.0
1555512422355381.0

25
15
5
