1555427174439435.0
1555427174440914.0
1555427174440922.0
1555427174445009.0
1555427174445009.0
1555427174446646.0
1555427174446656.0
1555427174446761.0
1555427174446762.0
1555427174447623.0
1555427174447680.0
1555427174447730.0
1555427174449351.0
1555427174449387.0
1555427174449407.0
1555427174451482.0
1555427174453035.0
1555427174453035.0
1555427174453046.0
1555427174454393.0
1555427174454437.0
1555427174454443.0
1555427174454453.0
1555427174457325.0
1555427174457346.0

1555427174454876.0
1555427174456432.0
1555427174458183.0
1555427174461052.0
1555427174461742.0
1555427174462454.0
1555427174463093.0
1555427174463705.0
1555427174466423.0
1555427174467741.0
1555427174477632.0
1555427174477676.0
1555427174479180.0
1555427174479221.0
1555427174480334.0
1555427174480980.0
1555427174481019.0
1555427174483084.0
1555427174484996.0
1555427174487983.0
1555427174488736.0

1555427174457553.2
1555427174459314.5
1555427174460417.2
1555427174462641.0
1555427174463276.2
1555427174464447.5
1555427174465227.8
1555427174466199.5
1555427174466889.2
1555427174467927.2
1555427174477957.5
1555427174478834.5
1555427174479386.0
1555427174479794.8
1555427174480659.8
1555427174481686.0
1555427174482369.8
1555427174483240.0
1555427174485425.5
1555427174487201.0
1555427174488387.8
1555427174488954.5
1555427174489670.2
1555427174490157.5
1555427174490815.2

25
12
5
