1555512467140757.0
1555512467140770.0
1555512467140812.0
1555512467140838.0
1555512467140867.0
1555512467140893.0
1555512467140922.0
1555512467140949.0
1555512467140977.0
1555512467141880.0
1555512467148834.0
1555512467148835.0
1555512467148836.0
1555512467148836.0
1555512467148837.0
1555512467148898.0
1555512467148898.0
1555512467149524.0
1555512467149524.0
1555512467151588.0
1555512467151925.0
1555512467153126.0
1555512467153178.0
1555512467154075.0
1555512467154120.0

1555512467161902.0
1555512467163969.0
1555512467164181.0
1555512467164579.0
1555512467167844.0
1555512467169038.0
1555512467169153.0
1555512467170724.0
1555512467170755.0
1555512467176524.0
1555512467180762.0
1555512467183855.0
1555512467183924.0
1555512467184811.0
1555512467185730.0
1555512467187662.0
1555512467188065.0
1555512467188433.0
1555512467188759.0
1555512467188846.0
1555512467189520.0
1555512467190566.0
1555512467197588.0

1555512467163214.0
1555512467167062.0
1555512467169308.8
1555512467169754.5
1555512467170453.0
1555512467172200.5
1555512467173854.2
1555512467176236.0
1555512467177159.2
1555512467178229.8
1555512467181042.0
1555512467184960.2
1555512467185881.2
1555512467186183.0
1555512467186593.0
1555512467187930.5
1555512467188542.8
1555512467188990.8
1555512467189210.5
1555512467189396.5
1555512467189652.2
1555512467190715.5
1555512467193501.8
1555512467198391.5
1555512467200871.8

25
13
7
