Time-differences (millis):

0.066
0.022
0.008
1.165
0.001
1.202
1.355
1.928
0.069
0.0
0.012
0.005
3.145
0.059
0.001
0.0
0.0
0.001
0.009
5.613
0.08
0.001
0.0
0.017

0.269
0.709
1.377
3.525
2.645
0.025
0.523
3.661
3.59
5.359
1.898
0.043
1.789
0.593
1.437
0.044
2.311
1.314
0.982
0.874
0.987
1.69

1.1585
2.50825
0.9065
0.84725
0.18425
1.081
2.19075
2.034
1.28675
5.348
1.932
0.4605
1.41575
0.5235
1.49025
0.4705
1.81175
1.3605
0.959
1.35525
0.854
0.42975
0.9805
1.1265

Test:	SR2_r_14
Requests:	25
Success:	14
Used:   	10

Local times (milisec):
min:	0.0
max:	5.613
mean:	0.6149583333333334
median:	0.0145
stdev:	1.330183886574127

Web server times (milisec):
min:	0.025
max:	5.359
mean:	1.6202272727272726
median:	1.3455
stdev:	1.4019202793657597

App server times (milisec):
min:	0.18425
max:	5.348
mean:	1.363125
median:	1.1425
stdev:	1.0357464489544432
diff:	3.04625