1555427221093687.0
1555427221093688.0
1555427221097935.0
1555427221098139.0
1555427221100686.0
1555427221100686.0
1555427221105014.0
1555427221105149.0
1555427221108561.0
1555427221108629.0
1555427221110295.0
1555427221110296.0
1555427221111073.0
1555427221111633.0
1555427221112453.0
1555427221112504.0
1555427221113290.0
1555427221113385.0
1555427221114112.0
1555427221114367.0
1555427221115859.0
1555427221115921.0
1555427221117699.0
1555427221117700.0
1555427221119728.0

1555427221109718.0
1555427221111604.0
1555427221115265.0
1555427221115753.0
1555427221116895.0
1555427221119984.0
1555427221121518.0
1555427221121752.0
1555427221125170.0
1555427221125929.0
1555427221127062.0
1555427221131244.0
1555427221134009.0
1555427221136970.0
1555427221138128.0
1555427221138964.0
1555427221140985.0
1555427221141024.0
1555427221142624.0
1555427221143461.0
1555427221147130.0
1555427221147173.0
1555427221147217.0
1555427221149868.0
1555427221151219.0

1555427221111003.5
1555427221112804.5
1555427221118008.0
1555427221119072.5
1555427221120458.8
1555427221121207.5
1555427221121934.5
1555427221125348.5
1555427221126608.5
1555427221127226.0
1555427221131799.8
1555427221134763.8
1555427221136231.8
1555427221137119.5
1555427221138383.0
1555427221140038.0
1555427221141191.2
1555427221141629.8
1555427221142781.2
1555427221143656.8
1555427221147385.5
1555427221148085.5
1555427221148302.5
1555427221150016.0
1555427221151364.8

25
15
10
