1555427199182867.0
1555427199190507.0
1555427199190508.0
1555427199190508.0
1555427199190545.0
1555427199190546.0
1555427199190555.0
1555427199190562.0
1555427199190573.0
1555427199193227.0
1555427199193989.0
1555427199193997.0
1555427199195035.0
1555427199195035.0
1555427199195047.0
1555427199195053.0
1555427199195294.0
1555427199195345.0
1555427199195367.0
1555427199195385.0
1555427199197988.0
1555427199197988.0
1555427199198188.0
1555427199198189.0
1555427199198202.0

1555427199200353.0
1555427199207896.0
1555427199207924.0
1555427199207950.0
1555427199210639.0
1555427199212166.0
1555427199212250.0
1555427199214528.0
1555427199215638.0
1555427199217743.0
1555427199220403.0
1555427199225661.0
1555427199227414.0
1555427199229971.0
1555427199232205.0
1555427199232252.0
1555427199233300.0
1555427199234124.0
1555427199234726.0
1555427199235956.0
1555427199236763.0
1555427199240290.0
1555427199241369.0
1555427199244384.0

1555427199201656.5
1555427199211846.0
1555427199213370.5
1555427199213854.0
1555427199214764.5
1555427199215893.2
1555427199217442.5
1555427199219124.0
1555427199220575.8
1555427199221102.2
1555427199223883.8
1555427199225811.2
1555427199227943.0
1555427199230303.8
1555427199232930.2
1555427199233821.8
1555427199234399.2
1555427199234895.2
1555427199236110.8
1555427199236934.8
1555427199240464.5
1555427199241868.2
1555427199244586.8
1555427199244985.8
1555427199246254.0

25
14
9
