1555427007230502.0
1555427007230622.0
1555427007232635.0
1555427007232731.0
1555427007234214.0
1555427007234296.0
1555427007235894.0
1555427007235924.0
1555427007236303.0
1555427007236313.0
1555427007236823.0
1555427007236923.0
1555427007237779.0
1555427007237953.0
1555427007238581.0
1555427007239170.0
1555427007240737.0
1555427007240821.0
1555427007241464.0
1555427007241519.0
1555427007242218.0
1555427007247494.0
1555427007247615.0
1555427007247616.0
1555427007247722.0

1555427007244197.0
1555427007244521.0
1555427007246340.0
1555427007247143.0
1555427007248861.0
1555427007249618.0
1555427007250669.0
1555427007251637.0
1555427007252854.0
1555427007257023.0
1555427007265120.0
1555427007266998.0
1555427007268317.0
1555427007268365.0
1555427007270161.0
1555427007271106.0
1555427007271552.0
1555427007272203.0
1555427007275208.0
1555427007275326.0
1555427007277441.0
1555427007277553.0
1555427007278073.0
1555427007280239.0

1555427007245812.0
1555427007250399.2
1555427007251039.8
1555427007251843.2
1555427007254077.5
1555427007255688.2
1555427007257179.5
1555427007258401.5
1555427007258921.5
1555427007263621.8
1555427007266168.0
1555427007267167.2
1555427007269216.2
1555427007269706.8
1555427007270308.2
1555427007271730.8
1555427007272399.8
1555427007272835.5
1555427007276084.8
1555427007276891.8
1555427007277735.5
1555427007278256.5
1555427007278679.2
1555427007280406.8
1555427007280896.8

25
14
6
