Time-differences (millis):

2.665
0.041
0.012
0.017
1.568
0.09
0.001
0.001
0.0
0.017
2.279
0.074
0.009
0.02
3.801
0.0
0.077
0.0
0.001
0.0
0.001
0.012
0.099
2.261

2.883
0.211
0.893
2.519
0.308
0.03
1.944
0.942
0.788
9.954
0.12
0.058
1.882
4.801
1.573
1.651
0.902
1.22
0.511
0.827
0.54
1.771
1.77
0.433

3.79525
2.8575
1.0055
1.35275
0.358
1.48725
2.92
3.0105
2.7305
0.9535
0.54075
0.46
5.16775
0.65525
0.501
1.6405
0.89825
1.26475
0.71925
0.61875
0.46475
2.01875
1.598
3.48075

Test:	SR2_r_24
Requests:	25
Success:	14
Used:   	6

Local times (milisec):
min:	0.0
max:	3.801
mean:	0.5435833333333333
median:	0.017
stdev:	1.0885802846974053

Web server times (milisec):
min:	0.03
max:	9.954
mean:	1.6054583333333334
median:	0.9219999999999999
stdev:	2.084198646527822

App server times (milisec):
min:	0.358
max:	5.16775
mean:	1.68746875
median:	1.3087499999999999
stdev:	1.288946031167941
diff:	2.74075