1555512580771788.0
1555512580774453.0
1555512580774494.0
1555512580774506.0
1555512580774523.0
1555512580776091.0
1555512580776181.0
1555512580776182.0
1555512580776183.0
1555512580776183.0
1555512580776200.0
1555512580778479.0
1555512580778553.0
1555512580778562.0
1555512580778582.0
1555512580782383.0
1555512580782383.0
1555512580782460.0
1555512580782460.0
1555512580782461.0
1555512580782461.0
1555512580782462.0
1555512580782474.0
1555512580782573.0
1555512580784834.0

1555512580789664.0
1555512580792547.0
1555512580792758.0
1555512580793651.0
1555512580796170.0
1555512580796478.0
1555512580796508.0
1555512580798452.0
1555512580799394.0
1555512580800182.0
1555512580810136.0
1555512580810256.0
1555512580810314.0
1555512580812196.0
1555512580816997.0
1555512580818570.0
1555512580820221.0
1555512580821123.0
1555512580822343.0
1555512580822854.0
1555512580823681.0
1555512580824221.0
1555512580825992.0
1555512580827762.0
1555512580828195.0

1555512580790964.5
1555512580794759.8
1555512580797617.2
1555512580798622.8
1555512580799975.5
1555512580800333.5
1555512580801820.8
1555512580804740.8
1555512580807751.2
1555512580810481.8
1555512580811435.2
1555512580811976.0
1555512580812436.0
1555512580817603.8
1555512580818259.0
1555512580818760.0
1555512580820400.5
1555512580821298.8
1555512580822563.5
1555512580823282.8
1555512580823901.5
1555512580824366.2
1555512580826385.0
1555512580827983.0
1555512580831463.8

25
14
6
