Time-differences (millis):

8.432
0.146
0.0
0.038
0.055
0.061
3.712
0.001
2.855
0.054
0.024
1.458
0.0
0.021
0.095
0.043
0.028
0.079
0.01
0.012
0.526
0.03
10.271
0.542

1.578
0.025
3.095
1.612
0.406
1.382
2.21
5.057
0.533
9.831
1.078
1.257
0.05
2.178
3.46
0.923
0.567
1.833
0.143
1.525
0.877
0.616
1.323

1.40225
1.68375
1.78525
0.67075
1.2175
1.74975
2.238
2.1065
0.56525
9.8755
0.94525
1.2995
0.40525
1.7865
3.8865
0.5755
0.81175
1.619
0.46925
1.06125
1.24825
0.41925
1.373
1.184

Test:	SR2_r_5
Requests:	25
Success:	12
Used:   	8

Local times (milisec):
min:	0.0
max:	10.271
mean:	1.1872083333333334
median:	0.0545
stdev:	2.698176469221013

Web server times (milisec):
min:	0.025
max:	9.831
mean:	1.8069130434782608
median:	1.323
stdev:	2.1135681788483467

App server times (milisec):
min:	0.40525
max:	9.8755
mean:	1.6824479166666666
median:	1.273875
stdev:	1.9037679314567986
diff:	1.97725