Time-differences (millis):

0.013
0.042
0.026
0.029
0.026
0.029
0.027
0.028
0.903
6.954
0.001
0.001
0.0
0.001
0.061
0.0
0.626
0.0
2.064
0.337
1.201
0.052
0.897
0.045

2.067
0.212
0.398
3.265
1.194
0.115
1.571
0.031
5.769
4.238
3.093
0.069
0.887
0.919
1.932
0.403
0.368
0.326
0.087
0.674
1.046
7.022

3.848
2.24675
0.44575
0.6985
1.7475
1.65375
2.38175
0.92325
1.0705
2.81225
3.91825
0.921
0.30175
0.41
1.3375
0.61225
0.448
0.21975
0.186
0.25575
1.06325
2.78625
4.88975
2.48025

Test:	SR2_r_19
Requests:	25
Success:	13
Used:   	7

Local times (milisec):
min:	0.0
max:	6.954
mean:	0.5567916666666667
median:	0.029
stdev:	1.4560309653649024

Web server times (milisec):
min:	0.031
max:	7.022
mean:	1.6220909090909092
median:	0.903
stdev:	1.9346946580567745

App server times (milisec):
min:	0.186
max:	4.88975
mean:	1.5690729166666666
median:	1.066875
stdev:	1.3310691160621981
diff:	3.36525