Time-differences (millis):

0.001
4.247
0.204
2.547
0.0
4.328
0.135
3.412
0.068
1.666
0.001
0.777
0.56
0.82
0.051
0.786
0.095
0.727
0.255
1.492
0.062
1.778
0.001
2.028

1.886
3.661
0.488
1.142
3.089
1.534
0.234
3.418
0.759
1.133
4.182
2.765
2.961
1.158
0.836
2.021
0.039
1.6
0.837
3.669
0.043
0.044
2.651
1.351

1.801
5.2035
1.0645
1.38625
0.74875
0.727
3.414
1.26
0.6175
4.57375
2.964
1.468
0.88775
1.2635
1.655
1.15325
0.4385
1.1515
0.8755
3.72875
0.7
0.217
1.7135
1.34875

Test:	SR2_r_13
Requests:	25
Success:	15
Used:   	10

Local times (milisec):
min:	0.0
max:	4.328
mean:	1.0850416666666667
median:	0.6435
stdev:	1.3480852920754476

Web server times (milisec):
min:	0.039
max:	4.182
mean:	1.7292083333333332
median:	1.4425
stdev:	1.2826142793111084

App server times (milisec):
min:	0.217
max:	5.2035
mean:	1.68171875
median:	1.2617500000000001
stdev:	1.3188550788807973
diff:	1.43