1555512558289177.0
1555512558289264.0
1555512558289264.0
1555512558289293.0
1555512558289305.0
1555512558289305.0
1555512558290108.0
1555512558290149.0
1555512558290178.0
1555512558291161.0
1555512558294462.0
1555512558294463.0
1555512558295613.0
1555512558295626.0
1555512558295647.0
1555512558295674.0
1555512558295682.0
1555512558296844.0
1555512558296844.0
1555512558296845.0
1555512558297652.0
1555512558297692.0
1555512558297719.0
1555512558299924.0
1555512558299954.0

1555512558307080.0
1555512558308457.0
1555512558310432.0
1555512558312088.0
1555512558312890.0
1555512558314343.0
1555512558314365.0
1555512558315089.0
1555512558317439.0
1555512558319593.0
1555512558329900.0
1555512558330896.0
1555512558331521.0
1555512558332198.0
1555512558333155.0
1555512558333688.0
1555512558334345.0
1555512558334385.0
1555512558337853.0
1555512558338409.0

1555512558309718.8
1555512558311581.5
1555512558314132.0
1555512558314577.8
1555512558316265.8
1555512558317558.0
1555512558318766.5
1555512558320289.5
1555512558320816.5
1555512558322937.0
1555512558330445.5
1555512558331070.2
1555512558331822.5
1555512558332373.2
1555512558333380.5
1555512558333876.2
1555512558334547.5
1555512558335306.2
1555512558338019.8
1555512558338589.0
1555512558341044.5
1555512558341886.5
1555512558342556.2
1555512558342973.0
1555512558344269.0

25
10
3
