Time-differences (millis):

0.096
0.287
0.146
0.33
0.036
0.33
0.052
0.357
0.063
0.314
0.05
0.415
0.0
0.279
0.043
1.337
0.001
0.036
0.0
0.05
0.037
0.251
14.334
0.0

296.076
0.633
267.586
35531.172
2.645
0.025
0.02
0.024
0.024
0.016
0.014
0.014
9.291
2.945
1.061
0.555
2.966
2.073
0.932
2.104
2.262
0.567
0.443
1.005
1.089

1.67175
2.45725
0.37225
1.27725
2.69775
1.506
0.8675
0.7515
2.21975
1.049
0.5855
1.0825
1.8455
2.09375
3.04425
0.7625
1.46825
0.6575
0.8135
0.57975
1.0705
1.343
2.025
1.4815

Test:	SR2_r_16
Requests:	25
Success:	14
Used:   	9

Local times (milisec):
min:	0.0
max:	14.334
mean:	0.7851666666666667
median:	0.0795
stdev:	2.899345813270217

Web server times (milisec):
min:	0.014
max:	35531.172
mean:	1445.02168
median:	1.005
stdev:	7101.705738812125

App server times (milisec):
min:	0.37225
max:	3.04425
mean:	1.405125
median:	1.310125
stdev:	0.7251028937480108
diff:	5515.498