1555426987350592.0
1555426987350593.0
1555426987350593.0
1555426987350775.0
1555426987350776.0
1555426987350788.0
1555426987362047.0
1555426987362048.0
1555426987362347.0
1555426987362348.0
1555426987362348.0
1555426987362349.0
1555426987362349.0
1555426987362350.0
1555426987370191.0
1555426987370211.0
1555426987370266.0
1555426987370288.0
1555426987370302.0
1555426987370357.0
1555426987370383.0
1555426987370383.0
1555426987370392.0
1555426987370424.0
1555426987370424.0

1555426987369233.0
1555426987371235.0
1555426987372171.0
1555426987373804.0
1555426987375424.0
1555426987377677.0
1555426987380997.0
1555426987381377.0
1555426987381880.0
1555426987382767.0
1555426987390183.0
1555426987392611.0
1555426987393951.0
1555426987394509.0
1555426987395415.0
1555426987395459.0
1555426987398402.0
1555426987399242.0
1555426987400314.0
1555426987404233.0
1555426987405696.0
1555426987406571.0
1555426987407110.0

1555426987370550.8
1555426987373306.5
1555426987374927.2
1555426987377178.5
1555426987378001.8
1555426987378965.5
1555426987381575.0
1555426987382955.5
1555426987383290.0
1555426987387040.5
1555426987391522.5
1555426987392777.5
1555426987394184.2
1555426987394699.2
1555426987395902.0
1555426987396321.5
1555426987398549.5
1555426987399703.0
1555426987400498.5
1555426987404385.2
1555426987404803.8
1555426987406252.0
1555426987406718.0
1555426987407869.2
1555426987408805.5

25
12
6
