Time-differences (millis):

0.266
0.382
0.053
0.377
0.15
2.137
0.0
0.002
0.142
0.001
0.0
0.001
0.143
1.654
0.437
4.151
0.168
0.478
0.083
1.024
0.07
0.591
3.303
0.049

2.176
0.87
0.679
2.06
1.683
1.881
1.794
0.47
1.985
8.566
0.039
1.754
0.974
0.944
0.83
1.071
0.044
1.568
1.87
0.341
3.481
0.044
4.604
0.567

3.6205
2.845
1.26425
0.482
0.661
1.09875
2.38225
4.10625
1.36
3.203
0.43175
1.3305
0.98175
1.277
0.47125
1.0975
0.414
1.15225
2.24325
3.52175
0.72225
0.44925
3.39925
0.82675

Test:	SR2_r_9
Requests:	25
Success:	12
Used:   	9

Local times (milisec):
min:	0.0
max:	4.151
mean:	0.6525833333333333
median:	0.159
stdev:	1.0935939122578984

Web server times (milisec):
min:	0.039
max:	8.566
mean:	1.6789583333333333
median:	1.3195000000000001
stdev:	1.8193953959719857

App server times (milisec):
min:	0.414
max:	4.10625
mean:	1.6392291666666667
median:	1.20825
stdev:	1.192476202744658
diff:	1.883