1555427237245791.0
1555427237245857.0
1555427237245879.0
1555427237245887.0
1555427237247052.0
1555427237247053.0
1555427237248255.0
1555427237249610.0
1555427237251538.0
1555427237251607.0
1555427237251607.0
1555427237251619.0
1555427237251624.0
1555427237254769.0
1555427237254828.0
1555427237254829.0
1555427237254829.0
1555427237254829.0
1555427237254830.0
1555427237254839.0
1555427237260452.0
1555427237260532.0
1555427237260533.0
1555427237260533.0
1555427237260550.0

1555427237261822.0
1555427237262091.0
1555427237262800.0
1555427237264177.0
1555427237267702.0
1555427237270347.0
1555427237270372.0
1555427237270895.0
1555427237274556.0
1555427237278146.0
1555427237283505.0
1555427237285403.0
1555427237285446.0
1555427237287235.0
1555427237287828.0
1555427237289265.0
1555427237289309.0
1555427237291620.0
1555427237292934.0
1555427237293916.0
1555427237294790.0
1555427237295777.0
1555427237297467.0

1555427237266141.8
1555427237267300.2
1555427237269808.5
1555427237270715.0
1555427237271562.2
1555427237271746.5
1555427237272827.5
1555427237275018.2
1555427237277052.2
1555427237278339.0
1555427237283687.0
1555427237285619.0
1555427237286079.5
1555427237287495.2
1555427237288018.8
1555427237289509.0
1555427237289979.5
1555427237291791.2
1555427237293151.8
1555427237294110.8
1555427237295466.0
1555427237296320.0
1555427237296749.8
1555427237297730.2
1555427237298856.8

25
14
10
