Time-differences (millis):

0.037
0.056
0.01
0.061
0.001
0.013
0.049
0.0
0.012
0.205
0.0
0.0
1.87
0.039
8.668
0.007
0.016
0.012
0.013
0.012
0.007
0.023
0.001
0.009

1.758
0.332
0.686
2.872
3.178
0.041
0.031
0.691
4.57
6.529
0.63
0.771
0.038
2.242
0.591
0.579
1.915
0.829
1.621
0.035
1.887
1.187
1.58

2.81675
1.022
1.60475
1.0185
2.02425
1.1945
1.99425
2.0795
1.367
4.54675
0.8005
0.526
0.41875
1.81925
0.67875
1.23
1.27075
1.0455
1.33925
0.765
1.23025
1.0745
2.086
0.678

Test:	SR2_r_7
Requests:	25
Success:	13
Used:   	6

Local times (milisec):
min:	0.0
max:	8.668
mean:	0.463375
median:	0.0125
stdev:	1.7880514002071106

Web server times (milisec):
min:	0.031
max:	6.529
mean:	1.5040434782608696
median:	0.829
stdev:	1.5830965191461974

App server times (milisec):
min:	0.41875
max:	4.54675
mean:	1.4429479166666668
median:	1.2301250000000001
stdev:	0.8829322102688595
diff:	2.05025