1555426963642960.0
1555426963642971.0
1555426963642992.0
1555426963643008.0
1555426963643026.0
1555426963645207.0
1555426963645234.0
1555426963645264.0
1555426963645294.0
1555426963645317.0
1555426963645645.0
1555426963648470.0
1555426963649254.0
1555426963649340.0
1555426963650442.0
1555426963650537.0
1555426963652085.0
1555426963652086.0
1555426963652967.0
1555426963653096.0
1555426963653993.0
1555426963654080.0
1555426963654652.0
1555426963654704.0
1555426963654981.0

1555426963657174.0
1555426963659437.0
1555426963659680.0
1555426963661393.0
1555426963664045.0
1555426963664812.0
1555426963664847.0
1555426963666398.0
1555426963667045.0
1555426963668634.0
1555426963676746.0
1555426963678489.0
1555426963681519.0
1555426963681598.0
1555426963682898.0
1555426963683714.0
1555426963684555.0
1555426963685448.0
1555426963686963.0
1555426963688281.0
1555426963691567.0

1555426963658525.0
1555426963660890.2
1555426963663558.2
1555426963665064.2
1555426963665693.5
1555426963666593.8
1555426963671325.2
1555426963672160.5
1555426963673258.2
1555426963673729.0
1555426963677723.5
1555426963680030.2
1555426963681834.8
1555426963682562.0
1555426963683324.8
1555426963684654.0
1555426963685141.0
1555426963685866.2
1555426963687135.5
1555426963687558.0
1555426963689167.2
1555426963689621.0
1555426963690705.0
1555426963691785.2
1555426963692278.0

25
13
6
