1555427074834759.0
1555427074834796.0
1555427074834852.0
1555427074834862.0
1555427074834923.0
1555427074834924.0
1555427074834937.0
1555427074834986.0
1555427074834986.0
1555427074834998.0
1555427074835203.0
1555427074835203.0
1555427074835203.0
1555427074837073.0
1555427074837112.0
1555427074845780.0
1555427074845787.0
1555427074845803.0
1555427074845815.0
1555427074845828.0
1555427074845840.0
1555427074845847.0
1555427074845870.0
1555427074845871.0
1555427074845880.0

1555427074850520.0
1555427074852278.0
1555427074852610.0
1555427074853296.0
1555427074856168.0
1555427074859346.0
1555427074859387.0
1555427074859418.0
1555427074860109.0
1555427074864679.0
1555427074871208.0
1555427074871838.0
1555427074872609.0
1555427074872647.0
1555427074874889.0
1555427074875480.0
1555427074876059.0
1555427074877974.0
1555427074878803.0
1555427074880424.0
1555427074880459.0
1555427074882346.0
1555427074883533.0
1555427074885113.0

1555427074851826.8
1555427074854643.5
1555427074855665.5
1555427074857270.2
1555427074858288.8
1555427074860313.0
1555427074861507.5
1555427074863501.8
1555427074865581.2
1555427074866948.2
1555427074871495.0
1555427074872295.5
1555427074872821.5
1555427074873240.2
1555427074875059.5
1555427074875738.2
1555427074876968.2
1555427074878239.0
1555427074879284.5
1555427074880623.8
1555427074881388.8
1555427074882619.0
1555427074883693.5
1555427074885779.5
1555427074886457.5

25
13
6
