1555512601292778.0
1555512601292893.0
1555512601292914.0
1555512601292930.0
1555512601292946.0
1555512601292961.0
1555512601292977.0
1555512601292993.0
1555512601293009.0
1555512601293028.0
1555512601296252.0
1555512601296332.0
1555512601296333.0
1555512601296333.0
1555512601296333.0
1555512601296366.0
1555512601296398.0
1555512601297983.0
1555512601298032.0
1555512601300595.0
1555512601300674.0
1555512601300675.0
1555512601303784.0
1555512601303834.0
1555512601303834.0

1555512601305881.0
1555512601308356.0
1555512601310000.0
1555512601310232.0
1555512601313312.0
1555512601313893.0
1555512601314229.0
1555512601316622.0
1555512601317151.0
1555512601320644.0
1555512601327400.0
1555512601328318.0
1555512601329267.0
1555512601331585.0
1555512601332418.0
1555512601332457.0
1555512601334101.0
1555512601335467.0
1555512601336291.0
1555512601338257.0
1555512601341039.0
1555512601341659.0

1555512601307439.2
1555512601309505.0
1555512601312817.8
1555512601314673.8
1555512601314879.8
1555512601315201.2
1555512601316813.8
1555512601317586.8
1555512601320856.5
1555512601324606.8
1555512601327586.2
1555512601328513.5
1555512601329460.5
1555512601331766.2
1555512601332966.2
1555512601333430.8
1555512601334255.5
1555512601335703.8
1555512601336491.2
1555512601338441.2
1555512601339831.5
1555512601341321.0
1555512601342141.2
1555512601343000.8
1555512601345005.0

25
14
5
