Success codes:
12
7
8
14
14
9
12
12
11
13
13
12
10
14
13

Vouchers used:
6
5
4
6
7
7
6
8
9
9
7
6
8
9
9

Ratio:
2.0
1.4
2.0
2.3333333333333335
2.0
1.2857142857142858
2.0
1.5
1.2222222222222223
1.4444444444444444
1.8571428571428572
2.0
1.25
1.5555555555555556
1.4444444444444444

Local:
0.0
0.001
0.001
0.212
0.017
0.051
0.002
0.15
0.001
0.046
0.0
0.067
0.069
99.213
0.025
0.034
0.907
0.016
0.082
2.16
0.101
0.271
0.081
0.047
0.076
0.168
0.138
0.018
0.006
0.038
0.003
0.011
0.066
0.029
0.08
0.067
0.03
0.113
0.031
0.06
0.043
0.003
0.08
0.006
0.002
0.045
102.76
0.021
0.179
0.001
0.106
0.044
0.114
0.046
0.106
0.076
0.105
0.07
0.138
0.068
0.012
0.124
0.028
0.073
0.008
0.078
0.029
0.081
0.042
0.565
106.229
0.061
0.155
0.145
0.054
0.046
0.03
0.025
0.173
0.088
0.022
0.085
0.109
0.086
0.163
0.441
0.127
0.089
0.276
0.052
0.046
0.361
105.236
0.048
0.331
0.212
0.205
0.047
0.047
0.195
0.026
0.047
0.022
0.073
0.023
0.048
0.046
0.043
0.074
0.07
0.026
0.015
0.069
0.01
0.517
0.079
0.198
0.171
0.206
0.051
0.043
0.025
0.018
0.075
0.078
0.065
0.05
0.204
0.048
0.055
0.084
0.503
0.046
0.036
0.071
0.054
0.033
0.041
0.004
0.055
0.058
0.084
0.045
0.018
0.024
0.016
0.082
0.054
0.018
0.035
0.047
0.045
0.007
0.085
0.141
0.383
107.344
0.039
0.039
0.087
0.008
0.081
0.116
0.158
0.053
0.099
0.103
0.077
0.096
0.202
0.146
0.069
0.083
0.106
0.069
0.108
0.12
0.084
0.181
0.043
0.082
0.259
0.014
107.199
0.092
0.187
0.048
0.088
0.024
0.101
0.0
0.089
0.257
0.083
0.057
0.062
0.009
0.125
0.043
0.062
0.06
0.44
105.483
0.061
0.085
0.153
0.19
0.06
0.137
0.095
0.252
0.16
0.191
0.071
0.102
0.073
0.159
0.048
0.006
0.083
0.112
0.068
0.104
0.07
0.095
0.093
0.276
0.097
0.079
0.072
0.272
3.302
0.114
0.05
0.009
0.041
0.014
0.054
0.058
0.006
0.041
0.007
0.046
0.034
0.018
0.088
0.473
0.077
0.046
0.088
0.014
0.038
0.34
100.55
0.001
0.223
0.086
0.132
0.105
0.091
0.176
0.115
0.071
0.114
0.069
0.149
0.068
0.075
0.024
0.076
0.143
0.065
0.077
0.097
0.108
0.123
0.119
0.545
0.348
0.492
0.366
0.129
0.039
0.058
0.024
0.073
0.892
0.062
0.045
0.053
0.051
0.063
0.316
0.076
0.164
0.388
0.616
3.962
106.146
0.054
0.49
1.191
0.096
0.299
0.081
0.003
0.199
0.077
0.136
0.11
0.076
0.081
0.116
0.057
0.04
0.346
0.145
0.041
2.242
0.174
0.103
0.088
0.056
0.063
0.093

Web:
0.383
3.162
1.109
0.804
3.686
1.766
0.855
2.714
0.865
0.192
0.857
2.448
0.131
81.069
0.831
1.341
1.971
1.002
0.078
0.459
3.158
1.99
1.791
0.969
0.172
2.267
0.857
0.137
2.874
1.662
0.774
2.259
0.371
2.987
1.803
0.353
3.84
0.364
1.395
0.946
0.523
0.619
2.452
0.026
0.853
11.882
0.09
0.083
0.186
3.517
0.524
0.131
2.429
0.044
3.849
2.623
1.377
1.637
1.59
1.184
3.631
0.783
2.697
5.137
2.097
3.923
57.22
2.022
3.622
0.344
1.308
0.182
1.373
3.423
2.541
1.831
1.113
0.826
1.551
0.732
2.117
0.359
1.481
2.506
0.646
1.293
0.814
75.914
0.441
0.594
3.793
0.148
0.755
7.997
1.274
0.789
1.135
0.014
4.481
0.678
1.512
0.568
7.587
0.052
4.966
1.602
1.329
2.719
1.636
5.089
1.038
0.33
0.038
0.073
0.028
0.634
0.157
0.098
6.656
8.059
0.471
3.616
2.362
1.54
1.057
0.716
0.93
0.376
3.628
0.803
2.169
0.66
2.103
0.089
3.74
1.86
9.537
1.542
1.798
1.416
1.138
2.594
0.377
0.118
0.036
0.544
8.26
2.802
0.373
69.329
0.059
0.053
0.031
0.017
4.235
0.503
2.873
0.993
0.33
3.994
0.309
0.077
0.261
7.088
1.064
1.854
2.155
1.719
3.242
1.617
0.815
2.934
1.805
7.917
28.032
2.507
1.023
0.034
0.09
0.027
3.404
2.649
2.986
0.408
0.618
2.403
1.592
5.131
2.197
1.877
2.278
1.347
0.57
0.396
77.242
0.034
0.023
0.02
2.703
3.551
1.803
0.209
0.192
2.057
4.181
0.509
10.054
7.818
5.449
3.617
2.026
1.476
6.02
1.317
1.181
6.004
1.469
0.902
2.474
2.553
3.916
2.797
0.049
0.024
2.381
2.618
2.477
3.615
0.05
8.107
0.685
1.934
2.032
1.069
5.181
2.324
2.593
2.393
2.307
1.101
0.705
0.628
2.141
4.788
51.423
2.494
2.0
3.775
3.626
3.498
0.712
0.09
3.675
0.068
17.84
6.884
0.869
4.746
2.572
24.473
1.222
2.213
27.696
0.354
1.426
2.143
1.585
3.854
0.044
3.176
2.447
0.208
2.489
3.145
2.43
8.141
2.212
4.929
5.686
2.547
9.776
1.803
1.224
2.144
1.186
4.178
1.275
1.105
54.002
0.032
1.809
5.035
33.099
0.005
0.057
61.832
1.311
1.765
0.725
28.757
48.059
17.836
0.235
0.182
1.663
19.575
0.05
0.621
0.614
0.908
0.751
1.662

App:
1.08825
2.1695
2.63275
1.62775
0.35875
1.635
0.682
2.913
0.8715
0.92825
2.634
0.28225
1.52075
79.27975
0.01625
2.163
1.306
0.663
1.003
0.7885
2.5365
0.8355
0.33775
1.917
2.76125
0.5365
0.91925
1.40575
1.78725
0.007
1.3515
0.69425
2.32225
0.03225
2.9275
0.6845
2.208
2.03525
1.2615
0.13675
1.52675
0.996
2.03775
0.30675
0.48975
4.02875
82.675
0.11625
0.54725
6.97
0.02375
1.494
0.0
3.4185
3.8825
0.6235
1.61575
0.21675
1.108
1.695
1.51925
1.53025
3.9075
0.36025
2.4185
0.54175
2.35325
2.613
2.0865
4.01575
56.96275
0.1465
0.59575
1.8775
1.51675
0.435
2.72
1.87275
2.16975
1.848
0.14525
1.82625
0.0745
2.42475
0.01425
2.19725
0.0135
1.69925
2.458
0.75225
4.89775
3.3905
69.5555
0.06175
0.54825
0.1115
2.05325
0.07675
1.567
0.776
8.403
1.207
0.03825
5.112
1.5405
0.4705
2.2955
0.4915
2.69725
2.14375
0.44875
4.69475
1.71225
1.076
3.78575
0.63225
6.44625
0.094
2.49675
3.20725
1.41675
0.69425
0.0325
0.314
1.8755
0.07925
3.1475
0.081
3.53525
2.37775
1.706
0.81925
0.823
0.898
1.22425
2.76525
3.00025
2.1065
1.39275
2.25475
0.68875
1.13125
6.24725
3.907
0.933
0.8595
1.307
1.1895
3.841
1.8905
1.66125
3.603
1.0
3.039
0.4135
1.534
67.55025
0.0545
0.5625
0.79575
0.572
3.97175
0.352
4.5635
2.70775
1.9935
1.7845
0.08775
1.14075
1.8895
1.274
0.07775
1.5885
2.05275
5.0575
1.5635
0.74925
4.7695
1.97825
5.942
2.07775
26.1045
2.606
34.978
0.00025
1.37825
1.30175
3.19975
2.0305
2.37275
0.06575
0.43275
1.81925
0.7515
5.83875
2.06225
0.08225
2.08875
1.35825
0.472
0.32575
1.0955
76.29875
0.08775
0.75325
0.54275
3.0705
0.833
6.84125
0.03525
2.07025
3.02575
0.03875
1.61375
4.3325
1.909
2.7255
3.39925
2.55175
2.64975
1.18425
1.729
0.5725
3.9125
1.39775
0.81525
2.8765
2.3645
4.34725
3.20125
6.2405
0.14
0.51275
1.74625
0.20975
4.32575
2.055
3.88675
1.14925
3.38025
0.28975
0.65375
1.797
3.4345
2.77425
2.6645
1.982
2.40875
0.91275
0.65525
0.678
2.534
4.55325
51.3915
0.00025
2.41125
0.62325
5.059
3.6935
2.329
2.3355
2.801
14.7635
2.258
1.86
4.3535
6.34075
0.97675
1.7495
23.56075
1.52275
2.90875
27.281
0.08425
1.1285
2.13375
1.9345
3.7705
12.00775
5.0185
0.93175
2.77725
3.525
3.12075
0.1485
0.943
1.22125
1.72775
1.35225
2.658
11.71925
1.009
2.133
1.15275
4.343
1.3435
1.065
11.58775
42.4385
0.00175
0.91975
1.93125
5.032
31.91225
1.36725
11.71425
51.79875
0.67725
1.321
4.7085
24.837
47.5
16.61225
3.862
6.513
3.87675
6.99425
0.15175
0.55625
0.248
0.82075
0.76325
0.4745
1.77175
4.60975

Diff:
4.2345
1.54375
17.92925
7.05625
8.81875
2.47725
4.1335
3.023
6.76875
6.62375
12.1685
5.70625
3.03525
9.79075
9.63175