1554134608539313.0
1554134608539317.0
1554134608539372.0
1554134608539430.0
1554134608539514.0
1554134608539559.0
1554134608539577.0
1554134608539601.0
1554134608539617.0
1554134608539699.0
1554134608539753.0
1554134608539771.0
1554134608539806.0
1554134608539853.0
1554134608539898.0
1554134608539905.0
1554134608539990.0
1554134608540131.0
1554134608540514.0
1554134608647858.0
1554134608647897.0
1554134608647936.0
1554134608648023.0
1554134608648031.0

1554134608477656.0
1554134608478316.0
1554134608480419.0
1554134608480508.0
1554134608484248.0
1554134608486108.0
1554134608495645.0
1554134608497187.0
1554134608498985.0
1554134608500401.0
1554134608501539.0
1554134608504133.0
1554134608504510.0
1554134608504628.0
1554134608504664.0
1554134608505208.0
1554134608513468.0
1554134608516270.0
1554134608516643.0
1554134608585972.0
1554134608586031.0
1554134608586084.0
1554134608586115.0
1554134608586132.0

1554134608481902.0
1554134608483294.8
1554134608485549.5
1554134608486238.2
1554134608487369.5
1554134608493616.8
1554134608497523.8
1554134608498456.8
1554134608499316.2
1554134608500623.2
1554134608501812.8
1554134608505653.8
1554134608507544.2
1554134608509205.5
1554134608512808.5
1554134608513808.5
1554134608516847.5
1554134608517261.0
1554134608518795.0
1554134608586345.2
1554134608586399.8
1554134608586962.2
1554134608587758.0
1554134608588330.0

25
12
8
