1554134549170714.0
1554134549170926.0
1554134549171131.0
1554134549171178.0
1554134549171225.0
1554134549171420.0
1554134549171446.0
1554134549171493.0
1554134549171515.0
1554134549171588.0
1554134549171611.0
1554134549171659.0
1554134549171705.0
1554134549171748.0
1554134549171822.0
1554134549171892.0
1554134549171918.0
1554134549171933.0
1554134549172002.0
1554134549172012.0
1554134549172529.0
1554134549172608.0
1554134549172806.0

1554134549131122.0
1554134549131563.0
1554134549132157.0
1554134549135950.0
1554134549136098.0
1554134549136853.0
1554134549144850.0
1554134549146124.0
1554134549146913.0
1554134549148048.0
1554134549148062.0
1554134549152543.0
1554134549153221.0
1554134549154733.0
1554134549155301.0
1554134549162888.0
1554134549162940.0
1554134549167906.0
1554134549169508.0
1554134549170837.0
1554134549173556.0
1554134549175192.0
1554134549180281.0

1554134549134259.5
1554134549134371.0
1554134549136424.2
1554134549136501.0
1554134549138068.0
1554134549138844.0
1554134549147247.0
1554134549148454.0
1554134549148492.2
1554134549153604.2
1554134549155144.8
1554134549155615.2
1554134549157910.8
1554134549158402.2
1554134549161099.5
1554134549163243.2
1554134549163692.0
1554134549168386.8
1554134549170099.0
1554134549171175.0
1554134549174960.8
1554134549175593.0
1554134549182039.2

25
9
7
