1554134050853562.0
1554134050853663.0
1554134050853934.0
1554134050854015.0
1554134050854062.0
1554134050854138.0
1554134050854306.0
1554134050854444.0
1554134050854462.0
1554134050854468.0
1554134050854506.0
1554134050854509.0
1554134050854520.0
1554134050854586.0

1554134050668220.0
1554134050668679.0
1554134050671837.0
1554134050673827.0
1554134050675618.0
1554134050676587.0
1554134050676759.0
1554134050679026.0
1554134050679883.0
1554134050680020.0
1554134050682894.0
1554134050684556.0
1554134050685330.0
1554134050687589.0

1554134050670415.0
1554134050672951.5
1554134050673787.0
1554134050674124.8
1554134050676041.8
1554134050678803.0
1554134050679339.5
1554134050680258.8
1554134050681664.5
1554134050683451.8
1554134050683458.8
1554134050684810.2
1554134050685504.5
1554134050687826.8

25
7
5
