1554134639437083.0
1554134639437164.0
1554134639437280.0
1554134639437438.0
1554134639437491.0
1554134639437590.0
1554134639437693.0
1554134639437770.0
1554134639437866.0
1554134639438068.0
1554134639438214.0
1554134639438283.0
1554134639438366.0
1554134639438472.0
1554134639438541.0
1554134639438649.0
1554134639438769.0
1554134639438853.0
1554134639439034.0
1554134639439077.0
1554134639439159.0
1554134639439418.0
1554134639439432.0
1554134639546631.0

1554134639375368.0
1554134639379603.0
1554134639380106.0
1554134639382979.0
1554134639383972.0
1554134639384302.0
1554134639388296.0
1554134639388605.0
1554134639388682.0
1554134639388943.0
1554134639396031.0
1554134639397095.0
1554134639398949.0
1554134639401104.0
1554134639402823.0
1554134639406065.0
1554134639407682.0
1554134639408497.0
1554134639411431.0
1554134639413236.0
1554134639421153.0
1554134639449185.0
1554134639451692.0

1554134639377851.2
1554134639381823.0
1554134639382175.0
1554134639386738.5
1554134639389446.2
1554134639391439.8
1554134639393224.2
1554134639393312.0
1554134639394452.8
1554134639396342.2
1554134639397616.2
1554134639397694.0
1554134639399282.5
1554134639401335.2
1554134639406392.8
1554134639407956.2
1554134639408705.5
1554134639413475.0
1554134639415453.2
1554134639421395.2
1554134639423473.0
1554134639449577.5
1554134639452183.5
1554134639487161.5

25
11
9
