1554134365499369.0
1554134365499370.0
1554134365499476.0
1554134365499520.0
1554134365499634.0
1554134365499680.0
1554134365499786.0
1554134365499862.0
1554134365499967.0
1554134365500037.0
1554134365500175.0
1554134365500243.0
1554134365500255.0
1554134365500379.0
1554134365500407.0
1554134365500480.0
1554134365500488.0
1554134365500566.0
1554134365500595.0
1554134365500676.0
1554134365500718.0
1554134365501283.0
1554134365607512.0
1554134365607573.0

1554134365448317.0
1554134365460199.0
1554134365460289.0
1554134365460372.0
1554134365460558.0
1554134365464075.0
1554134365464599.0
1554134365464730.0
1554134365467159.0
1554134365467203.0
1554134365471052.0
1554134365473675.0
1554134365475052.0
1554134365476689.0
1554134365478279.0
1554134365479463.0
1554134365483094.0
1554134365483877.0
1554134365486574.0
1554134365491711.0
1554134365493808.0
1554134365497731.0
1554134365554951.0

1554134365455959.0
1554134365462929.0
1554134365462952.8
1554134365464446.8
1554134365464446.8
1554134365467865.2
1554134365471747.8
1554134365472371.2
1554134365473987.0
1554134365474203.8
1554134365475311.8
1554134365477006.8
1554134365478526.0
1554134365480056.2
1554134365483963.8
1554134365484324.0
1554134365486742.5
1554134365487284.2
1554134365489637.5
1554134365492250.5
1554134365494337.0
1554134365498352.8
1554134365555315.5
1554134365555462.0

25
14
6
