1554134125270009.0
1554134125270038.0
1554134125270118.0
1554134125270185.0
1554134125270215.0
1554134125270328.0
1554134125270359.0
1554134125270419.0
1554134125270462.0
1554134125270465.0
1554134125270545.0
1554134125270551.0
1554134125270553.0
1554134125270598.0
1554134125373358.0
1554134125373379.0
1554134125373558.0

1554134125222620.0
1554134125222991.0
1554134125225978.0
1554134125227781.0
1554134125228134.0
1554134125231974.0
1554134125232338.0
1554134125233733.0
1554134125234679.0
1554134125235202.0
1554134125235821.0
1554134125238273.0
1554134125238299.0
1554134125239152.0

1554134125224705.2
1554134125224737.5
1554134125227665.0
1554134125228349.5
1554134125230557.5
1554134125232592.8
1554134125233854.2
1554134125233991.0
1554134125235517.8
1554134125236513.8
1554134125238551.5
1554134125238858.2
1554134125239348.0
1554134125243376.8
1554134125326051.8
1554134125326168.0
1554134125326715.2

25
8
4
