Time-differences (millis):

0.06
0.137
0.095
0.252
0.16
0.191
0.071
0.102
0.073
0.159
0.048
0.006
0.083
0.112
0.068
0.104
0.07
0.095
0.093
0.276
0.097
0.079
0.072
0.272

2.703
3.551
1.803
0.209
0.192
2.057
4.181
0.509
10.054
7.818
5.449
3.617
2.026
1.476
6.02
1.317
1.181
6.004
1.469
0.902
2.474
2.553
3.916
2.797

0.833
6.84125
0.03525
2.07025
3.02575
0.03875
1.61375
4.3325
1.909
2.7255
3.39925
2.55175
2.64975
1.18425
1.729
0.5725
3.9125
1.39775
0.81525
2.8765
2.3645
4.34725
3.20125
6.2405

Test:	RTW2_f_11
Requests:	25
Success:	13
Used:   	7

Local times (milisec):
min:	0.006
max:	0.276
mean:	0.115625
median:	0.095
stdev:	0.07007934168094605

Web server times (milisec):
min:	0.192
max:	10.054
mean:	3.0949166666666668
median:	2.5135
stdev:	2.47405315954041

App server times (milisec):
min:	0.03525
max:	6.84125
mean:	2.5277916666666664
median:	2.458125
stdev:	1.7411010020315771
diff:	12.1685