1554134718996478.0
1554134718996570.0
1554134718996757.0
1554134718996805.0
1554134718996893.0
1554134718996917.0
1554134718997018.0
1554134718997018.0
1554134718997107.0
1554134718997364.0
1554134718997447.0
1554134718997504.0
1554134718997566.0
1554134718997575.0
1554134718997700.0
1554134718997743.0
1554134718997805.0
1554134718997865.0
1554134718998305.0
1554134719103788.0
1554134719103849.0
1554134719103934.0
1554134719104087.0
1554134719104277.0

1554134718933927.0
1554134718934950.0
1554134718934984.0
1554134718935074.0
1554134718935101.0
1554134718938505.0
1554134718941154.0
1554134718944140.0
1554134718944548.0
1554134718945166.0
1554134718947569.0
1554134718949161.0
1554134718954292.0
1554134718956489.0
1554134718958366.0
1554134718960644.0
1554134718961991.0
1554134718962561.0
1554134718962957.0
1554134719040199.0
1554134719040233.0
1554134719040256.0
1554134719040276.0

1554134718937531.0
1554134718937531.2
1554134718938909.5
1554134718940211.2
1554134718943411.0
1554134718945441.5
1554134718947814.2
1554134718947880.0
1554134718948312.8
1554134718950132.0
1554134718950883.5
1554134718956722.2
1554134718958784.5
1554134718958866.8
1554134718960955.5
1554134718962313.8
1554134718962785.8
1554134718963111.5
1554134718964207.0
1554134719040505.8
1554134719040593.5
1554134719041346.8
1554134719041889.5
1554134719044960.0

25
13
9
