1554134576656120.0
1554134576656291.0
1554134576656497.0
1554134576656548.0
1554134576656591.0
1554134576656616.0
1554134576656634.0
1554134576656709.0
1554134576656787.0
1554134576656852.0
1554134576656902.0
1554134576657106.0
1554134576657154.0
1554134576657209.0
1554134576657293.0
1554134576657796.0
1554134576657842.0
1554134576657878.0
1554134576657949.0
1554134576658003.0
1554134576658036.0
1554134576658077.0

1554134576598031.0
1554134576599069.0
1554134576599399.0
1554134576599437.0
1554134576599510.0
1554134576599538.0
1554134576600172.0
1554134576600329.0
1554134576600427.0
1554134576607083.0
1554134576615142.0
1554134576615613.0
1554134576619229.0
1554134576621591.0
1554134576623131.0
1554134576624188.0
1554134576624904.0
1554134576625834.0
1554134576626210.0
1554134576629838.0
1554134576630641.0
1554134576632810.0

1554134576602494.2
1554134576602588.2
1554134576605085.0
1554134576608292.2
1554134576609709.0
1554134576610403.2
1554134576610435.8
1554134576610749.8
1554134576612625.2
1554134576612704.5
1554134576615852.0
1554134576615933.0
1554134576619468.2
1554134576621846.0
1554134576623552.0
1554134576624371.2
1554134576625194.2
1554134576626092.2
1554134576627316.5
1554134576630081.8
1554134576633082.0
1554134576635188.5

25
12
6
