1554315998524648.0
1554315998527950.0
1554315998528064.0
1554315998528114.0
1554315998528123.0
1554315998528164.0
1554315998528178.0
1554315998528232.0
1554315998528290.0
1554315998528296.0
1554315998528337.0
1554315998528344.0
1554315998528390.0
1554315998528424.0
1554315998528442.0
1554315998528530.0
1554315998529003.0
1554315998529080.0
1554315998529126.0
1554315998529214.0
1554315998529228.0
1554315998529266.0
1554315998529606.0
1554315998630156.0
1554315998630157.0

1554315998532537.0
1554315998532586.0
1554315998532610.0
1554315998534991.0
1554315998537609.0
1554315998540086.0
1554315998543701.0
1554315998543751.0
1554315998551858.0
1554315998552543.0
1554315998554477.0
1554315998556509.0
1554315998557578.0
1554315998562759.0
1554315998565083.0
1554315998567676.0
1554315998570069.0
1554315998572376.0
1554315998573477.0
1554315998574182.0
1554315998574810.0
1554315998576951.0
1554315998581739.0
1554315998633162.0

1554315998539413.0
1554315998539553.0
1554315998540065.8
1554315998541812.0
1554315998542021.8
1554315998546347.5
1554315998548402.5
1554315998552289.2
1554315998553438.5
1554315998556818.8
1554315998557108.5
1554315998557762.2
1554315998559559.2
1554315998562993.8
1554315998565768.0
1554315998568432.5
1554315998570414.5
1554315998572823.2
1554315998573736.0
1554315998574391.2
1554315998575069.2
1554315998577603.2
1554315998582156.5
1554315998633548.0
1554315998633548.2

25
12
6
