1554316092608596.0
1554316092608944.0
1554316092609436.0
1554316092609802.0
1554316092609931.0
1554316092609970.0
1554316092610028.0
1554316092610052.0
1554316092610125.0
1554316092611017.0
1554316092611079.0
1554316092611124.0
1554316092611177.0
1554316092611228.0
1554316092611291.0
1554316092611607.0
1554316092611683.0
1554316092611847.0
1554316092612235.0
1554316092612851.0
1554316092616813.0
1554316092722959.0
1554316092723013.0
1554316092723503.0
1554316092724694.0

1554316092612693.0
1554316092612737.0
1554316092615913.0
1554316092618360.0
1554316092618568.0
1554316092621057.0
1554316092624202.0
1554316092626632.0
1554316092634773.0
1554316092636985.0
1554316092641914.0
1554316092647600.0
1554316092650147.0
1554316092659923.0
1554316092661726.0
1554316092662950.0
1554316092665094.0
1554316092666280.0
1554316092670458.0
1554316092671733.0
1554316092672838.0
1554316092726840.0
1554316092726872.0
1554316092728681.0

1554316092615102.2
1554316092627110.0
1554316092632128.5
1554316092633060.2
1554316092635837.5
1554316092639362.5
1554316092642483.2
1554316092642631.8
1554316092643574.8
1554316092644796.0
1554316092646523.8
1554316092647876.0
1554316092650534.0
1554316092662253.2
1554316092663262.2
1554316092665395.2
1554316092666548.0
1554316092670891.0
1554316092672234.5
1554316092673299.5
1554316092684887.2
1554316092727325.8
1554316092727327.5
1554316092728247.2
1554316092730178.5

25
14
9
