1554316129774548.0
1554316129774644.0
1554316129774943.0
1554316129775024.0
1554316129775027.0
1554316129775226.0
1554316129775303.0
1554316129775439.0
1554316129775549.0
1554316129775625.0
1554316129775706.0
1554316129775822.0
1554316129775879.0
1554316129775919.0
1554316129776265.0
1554316129776410.0
1554316129776451.0
1554316129778693.0
1554316129778867.0
1554316129778970.0
1554316129779058.0
1554316129779114.0
1554316129779177.0
1554316129779270.0

1554316129801929.0
1554316129806964.0
1554316129840063.0
1554316129840068.0
1554316129840125.0
1554316129901957.0
1554316129903268.0
1554316129905033.0
1554316129905758.0
1554316129934515.0
1554316129982574.0
1554316130000410.0
1554316130000645.0
1554316130000827.0
1554316130002490.0
1554316130022065.0
1554316130022115.0
1554316130022736.0
1554316130023350.0
1554316130024258.0
1554316130025009.0
1554316130026671.0

1554316129803599.0
1554316129808631.0
1554316129840543.2
1554316129841910.5
1554316129853624.8
1554316129905423.5
1554316129906100.8
1554316129907421.8
1554316129912130.2
1554316129936967.2
1554316129984467.2
1554316130001079.5
1554316130004941.5
1554316130011454.5
1554316130015331.2
1554316130022325.5
1554316130022477.2
1554316130023033.5
1554316130023281.5
1554316130024102.2
1554316130024865.5
1554316130025340.0
1554316130027111.8
1554316130031721.5

25
13
9
