1554134436290193.0
1554134436290348.0
1554134436290493.0
1554134436290547.0
1554134436290593.0
1554134436290623.0
1554134436290648.0
1554134436290821.0
1554134436290909.0
1554134436290931.0
1554134436291016.0
1554134436291125.0
1554134436291211.0
1554134436291374.0
1554134436291815.0
1554134436291942.0
1554134436292031.0
1554134436292307.0
1554134436292359.0
1554134436292405.0
1554134436292766.0
1554134436398002.0
1554134436398050.0
1554134436398381.0

1554134436238366.0
1554134436240388.0
1554134436244010.0
1554134436244354.0
1554134436245662.0
1554134436245844.0
1554134436247217.0
1554134436250640.0
1554134436253181.0
1554134436255012.0
1554134436256125.0
1554134436256951.0
1554134436258502.0
1554134436259234.0
1554134436261351.0
1554134436261710.0
1554134436263191.0
1554134436265697.0
1554134436266343.0
1554134436267636.0
1554134436268450.0
1554134436344364.0

1554134436242223.5
1554134436242819.2
1554134436244696.8
1554134436246213.5
1554134436246648.5
1554134436249368.5
1554134436251241.2
1554134436253411.0
1554134436255259.0
1554134436255404.2
1554134436257230.5
1554134436257305.0
1554134436259729.8
1554134436259744.0
1554134436261941.2
1554134436261954.8
1554134436263654.0
1554134436266112.0
1554134436266864.2
1554134436271762.0
1554134436275152.5
1554134436344708.0
1554134436344769.8
1554134436345318.0

25
14
7
