1554316044728283.0
1554316044728506.0
1554316044728592.0
1554316044728724.0
1554316044728829.0
1554316044728920.0
1554316044729096.0
1554316044729211.0
1554316044729282.0
1554316044729396.0
1554316044729465.0
1554316044729614.0
1554316044729682.0
1554316044729757.0
1554316044729781.0
1554316044729857.0
1554316044730000.0
1554316044730065.0
1554316044730142.0
1554316044730239.0
1554316044730347.0
1554316044730470.0
1554316044730589.0
1554316044731134.0

1554316044731998.0
1554316044734492.0
1554316044736492.0
1554316044740267.0
1554316044743893.0
1554316044747391.0
1554316044748103.0
1554316044748193.0
1554316044751868.0
1554316044751936.0
1554316044769776.0
1554316044776660.0
1554316044777529.0
1554316044782275.0
1554316044784847.0
1554316044809320.0
1554316044810542.0
1554316044812755.0
1554316044840451.0
1554316044840805.0
1554316044842231.0
1554316044844374.0
1554316044845959.0
1554316044849813.0

1554316044734472.0
1554316044736883.2
1554316044737506.5
1554316044742565.5
1554316044746259.0
1554316044748588.0
1554316044750923.5
1554316044753724.5
1554316044768488.0
1554316044770746.0
1554316044772606.0
1554316044776959.5
1554316044783300.2
1554316044784277.0
1554316044786026.5
1554316044809587.2
1554316044811110.0
1554316044814018.8
1554316044841299.8
1554316044841384.0
1554316044842512.5
1554316044844646.2
1554316044846580.8
1554316044850351.2

25
10
8
