1554315967702122.0
1554315967702182.0
1554315967702319.0
1554315967702414.0
1554315967702666.0
1554315967702826.0
1554315967703017.0
1554315967703088.0
1554315967703190.0
1554315967703263.0
1554315967703422.0
1554315967703470.0
1554315967703476.0
1554315967703559.0
1554315967703671.0
1554315967703739.0
1554315967703843.0
1554315967703913.0
1554315967704008.0
1554315967704101.0
1554315967704377.0
1554315967704474.0
1554315967704553.0
1554315967704625.0
1554315967704897.0

1554315967710192.0
1554315967712895.0
1554315967716446.0
1554315967718249.0
1554315967718458.0
1554315967718650.0
1554315967720707.0
1554315967724888.0
1554315967725397.0
1554315967735451.0
1554315967743269.0
1554315967748718.0
1554315967752335.0
1554315967754361.0
1554315967755837.0
1554315967761857.0
1554315967763174.0
1554315967764355.0
1554315967770359.0
1554315967771828.0
1554315967772730.0
1554315967775204.0
1554315967777757.0
1554315967781673.0
1554315967784470.0

1554315967731319.0
1554315967732152.0
1554315967738993.2
1554315967739028.5
1554315967741098.8
1554315967744124.5
1554315967744163.2
1554315967745777.0
1554315967750109.5
1554315967752018.5
1554315967754744.0
1554315967758143.2
1554315967760695.0
1554315967763344.8
1554315967764529.0
1554315967766258.0
1554315967766830.5
1554315967770743.0
1554315967772140.8
1554315967772956.0
1554315967775832.5
1554315967778197.0
1554315967782544.2
1554315967785745.5
1554315967791986.0

25
13
7
