1554132998482801.0
1554132998482801.0
1554132998482802.0
1554132998482803.0
1554132998483015.0
1554132998483032.0
1554132998483083.0
1554132998483085.0
1554132998483235.0
1554132998483236.0
1554132998483282.0
1554132998483282.0
1554132998483349.0
1554132998483418.0
1554132998582631.0
1554132998582656.0
1554132998582690.0
1554132998583597.0
1554132998583613.0
1554132998583695.0
1554132998585855.0

1554132998321571.0
1554132998321954.0
1554132998325116.0
1554132998326225.0
1554132998327029.0
1554132998330715.0
1554132998332481.0
1554132998333336.0
1554132998336050.0
1554132998336915.0
1554132998337107.0
1554132998337964.0
1554132998340412.0
1554132998340543.0
1554132998421612.0
1554132998422443.0
1554132998423784.0
1554132998425755.0
1554132998426757.0
1554132998426835.0

1554132998323330.2
1554132998324418.5
1554132998326588.0
1554132998329220.8
1554132998330848.5
1554132998331207.2
1554132998332842.2
1554132998333524.2
1554132998336437.2
1554132998337308.8
1554132998338237.0
1554132998340871.0
1554132998341153.2
1554132998342674.0
1554132998421953.8
1554132998421970.0
1554132998424133.0
1554132998425439.0
1554132998426102.0
1554132998427105.0
1554132998427893.5

25
12
6
