Time-differences (millis):

3.302
0.114
0.05
0.009
0.041
0.014
0.054
0.058
0.006
0.041
0.007
0.046
0.034
0.018
0.088
0.473
0.077
0.046
0.088
0.014
0.038
0.34
100.55
0.001

0.049
0.024
2.381
2.618
2.477
3.615
0.05
8.107
0.685
1.934
2.032
1.069
5.181
2.324
2.593
2.393
2.307
1.101
0.705
0.628
2.141
4.788
51.423

0.14
0.51275
1.74625
0.20975
4.32575
2.055
3.88675
1.14925
3.38025
0.28975
0.65375
1.797
3.4345
2.77425
2.6645
1.982
2.40875
0.91275
0.65525
0.678
2.534
4.55325
51.3915
0.00025

Test:	RTW2_f_12
Requests:	25
Success:	12
Used:   	6

Local times (milisec):
min:	0.001
max:	100.55
mean:	4.396208333333333
median:	0.046
stdev:	20.491525032854472

Web server times (milisec):
min:	0.024
max:	51.423
mean:	4.375
median:	2.307
stdev:	10.424307703195886

App server times (milisec):
min:	0.00025
max:	51.3915
mean:	3.9223020833333333
median:	1.8895
stdev:	10.204351733659253
diff:	5.70625