Time-differences (millis):

0.348
0.492
0.366
0.129
0.039
0.058
0.024
0.073
0.892
0.062
0.045
0.053
0.051
0.063
0.316
0.076
0.164
0.388
0.616
3.962
106.146
0.054
0.49
1.191

0.044
3.176
2.447
0.208
2.489
3.145
2.43
8.141
2.212
4.929
5.686
2.547
9.776
1.803
1.224
2.144
1.186
4.178
1.275
1.105
54.002
0.032
1.809

12.00775
5.0185
0.93175
2.77725
3.525
3.12075
0.1485
0.943
1.22125
1.72775
1.35225
2.658
11.71925
1.009
2.133
1.15275
4.343
1.3435
1.065
11.58775
42.4385
0.00175
0.91975
1.93125

Test:	RTW2_f_14
Requests:	25
Success:	14
Used:   	9

Local times (milisec):
min:	0.024
max:	106.146
mean:	4.837416666666667
median:	0.14650000000000002
stdev:	21.593795255998216

Web server times (milisec):
min:	0.032
max:	54.002
mean:	5.04295652173913
median:	2.43
stdev:	10.941132974731227

App server times (milisec):
min:	0.00175
max:	42.4385
mean:	4.79484375
median:	1.8295
stdev:	8.768873691312834
diff:	9.79075