Time-differences (millis):

0.552
0.101
0.068
0.185
0.07
0.203
0.142
0.265
0.199
0.365
0.613
0.126
0.269
0.208
1.017
0.189
0.305
0.379
2.302
0.004
0.416
0.666
0.58
0.283

28.682
42.128
12.011
59.736
137.132
28.295
33.829
19.73
93.867
6.73
57.554
49.218
33.795
5.347
27.98
19.944
30.683
41.108
13.884
0.886
37.445
58.446
31.041
86.85

30.28325
41.0725
12.48425
57.17925
137.18325
29.914
32.1275
20.02
93.93475
6.63225
57.647
48.88825
34.11925
5.026
28.24325
19.7365
30.94375
41.35175
13.37825
0.751
37.5605
58.49075
30.95675
87.23375

Test:	RTW2_s_11
Requests:	25
Success:	25
Used:   	24

Local times (milisec):
min:	0.004
max:	2.302
mean:	0.396125
median:	0.267
stdev:	0.4682708536640993

Web server times (milisec):
min:	0.886
max:	137.132
mean:	39.84670833333333
median:	32.418
stdev:	31.23209934677597

App server times (milisec):
min:	0.751
max:	137.18325
mean:	39.798239583333334
median:	31.542125
stdev:	31.184867316473905
diff:	0.92775