1554278956836842.0
1554278956836844.0
1554278956837372.0
1554278956837554.0
1554278956837699.0
1554278956837818.0
1554278956837903.0
1554278956838002.0
1554278956838091.0
1554278956838204.0
1554278956838367.0
1554278956838500.0
1554278956838693.0
1554278956838766.0
1554278956839127.0
1554278956839241.0
1554278956839559.0
1554278956839782.0
1554278956840033.0
1554278956840370.0
1554278956840385.0
1554278956840487.0
1554278956840568.0
1554278956840781.0
1554278956840861.0

1554278967989649.0
1554278968001392.0
1554278968014976.0
1554278968039404.0
1554278968039555.0
1554278968082304.0
1554278968113882.0
1554278968130425.0
1554278968160691.0
1554278968239776.0
1554278968240208.0
1554278968242778.0
1554278968247990.0
1554278968255166.0
1554278968318216.0
1554278968474650.0
1554278968494257.0
1554278968571972.0
1554278968624931.0
1554278968639626.0
1554278968664857.0
1554278968682661.0
1554278968695215.0
1554278968704885.0
1554278968824512.0

1554278967992455.5
1554278968003512.5
1554278968015562.8
1554278968041428.5
1554278968041454.2
1554278968082698.8
1554278968114264.2
1554278968132423.2
1554278968161641.0
1554278968240297.8
1554278968241563.5
1554278968243896.2
1554278968248267.0
1554278968255606.0
1554278968318555.5
1554278968474969.5
1554278968494609.8
1554278968572379.2
1554278968625246.5
1554278968639971.5
1554278968665247.2
1554278968682984.5
1554278968695660.0
1554278968705219.2
1554278968825176.5

25
25
24
