Time-differences (millis):

0.191
0.204
0.08
0.299
0.19
0.214
0.087
0.059
0.057
0.336
0.125
0.044
1.323
0.142
1.106
0.213
0.083
0.114
0.168
0.09
0.077
0.095
0.845
0.092

31.239
34.392
85.906
9.595
38.515
58.396
61.467
10.317
10.61
7.95
28.126
6.162
6.849
92.63
31.421
5.614
23.558
27.251
0.818
7.339
1.721
63.035
118.044
126.589

31.903
33.63475
84.8295
9.401
38.47525
58.83475
63.396
7.92
12.01375
6.511
28.6015
5.92625
7.11225
92.16525
31.538
6.9295
22.1835
27.95825
2.1595
5.2695
2.06775
62.66275
118.2055
127.6865

Test:	RTW2_s_14
Requests:	25
Success:	25
Used:   	25

Local times (milisec):
min:	0.044
max:	1.323
mean:	0.25975
median:	0.1335
stdev:	0.3371245738015394

Web server times (milisec):
min:	0.818
max:	126.589
mean:	36.981
median:	27.6885
stdev:	37.02229327921454

App server times (milisec):
min:	2.06775
max:	127.6865
mean:	36.974375
median:	28.279875
stdev:	37.17626522729253
diff:	1.01625