1554278997900757.0
1554278997900831.0
1554278997900835.0
1554278997900946.0
1554278997901012.0
1554278997901029.0
1554278997901082.0
1554278997901102.0
1554278997901174.0
1554278997901180.0
1554278997901243.0
1554278997901332.0
1554278997901385.0
1554278997901516.0
1554278997901520.0
1554278997901586.0
1554278997901624.0
1554278997901672.0
1554278997901703.0
1554278997901776.0
1554278997901854.0
1554278997902180.0
1554278997902273.0
1554278997902405.0
1554278997903489.0

1554279009003615.0
1554279009094657.0
1554279009145201.0
1554279009244605.0
1554279009255982.0
1554279009313456.0
1554279009345560.0
1554279009354274.0
1554279009372245.0
1554279009387655.0
1554279009462440.0
1554279009469854.0
1554279009488215.0
1554279009549782.0
1554279009598450.0
1554279009704797.0
1554279009719736.0
1554279009747634.0
1554279009753222.0
1554279009775159.0
1554279009814617.0
1554279009820083.0
1554279009835640.0
1554279009914161.0
1554279009914223.0

1554279009005630.2
1554279009095030.5
1554279009147195.2
1554279009246567.2
1554279009257897.8
1554279009314016.2
1554279009345965.0
1554279009354620.0
1554279009372578.5
1554279009388115.5
1554279009462783.8
1554279009471902.0
1554279009488605.5
1554279009550146.2
1554279009598847.5
1554279009705155.5
1554279009720176.8
1554279009747958.2
1554279009753583.2
1554279009775710.0
1554279009814990.2
1554279009820391.5
1554279009835983.5
1554279009914497.5
1554279009915157.5

25
24
24
