Time-differences (millis):

0.905
0.653
0.07
0.23
0.36
0.085
0.163
0.113
0.173
0.868
0.352
0.433
0.176
0.302
0.388
0.234
0.634
0.788
0.185
0.226
0.143
0.339
0.465
0.19

12.868
17.465
71.116
40.768
148.951
4.309
34.075
11.095
0.056
15.471
35.014
18.961
18.855
6.634
24.495
0.361
1.261
1.307
130.023
8.602
293.157
14.044
13.785

12.96075
15.805
72.93375
40.85225
148.6475
3.51475
33.27875
11.02325
0.5065
15.09025
34.92725
18.988
19.042
6.4205
24.81925
0.038
1.2885
1.4925
129.84275
8.59875
293.25225
13.96575
0.05225
13.703

Test:	RTW2_s_2
Requests:	25
Success:	21
Used:   	21

Local times (milisec):
min:	0.07
max:	0.905
mean:	0.353125
median:	0.268
stdev:	0.24713881198893942

Web server times (milisec):
min:	0.056
max:	293.157
mean:	40.116217391304346
median:	15.471
stdev:	67.35294417061954

App server times (milisec):
min:	0.038
max:	293.25225
mean:	38.3768125
median:	14.527999999999999
stdev:	66.4443654591802
diff:	21.0215