Time-differences (millis):

0.002
0.528
0.182
0.145
0.119
0.085
0.099
0.089
0.113
0.163
0.133
0.193
0.073
0.361
0.114
0.318
0.223
0.251
0.337
0.015
0.102
0.081
0.213
0.08

11.743
13.584
24.428
0.151
42.749
31.578
16.543
30.266
79.085
0.432
2.57
5.212
7.176
63.05
156.434
19.607
77.715
52.959
14.695
25.231
17.804
12.554
9.67
119.627

11.057
12.05025
25.86575
0.02575
41.2445
31.5655
18.159
29.21775
78.65675
1.26575
2.33275
4.37075
7.339
62.9495
156.414
19.64025
77.7695
52.86725
14.725
25.27575
17.73725
12.6755
9.55925
119.95725

Test:	RTW2_s_7
Requests:	25
Success:	25
Used:   	24

Local times (milisec):
min:	0.002
max:	0.528
mean:	0.16745833333333335
median:	0.126
stdev:	0.12128549831471723

Web server times (milisec):
min:	0.151
max:	156.434
mean:	34.78595833333333
median:	18.7055
stdev:	39.36383844561022

App server times (milisec):
min:	0.02575
max:	156.414
mean:	34.69670833333333
median:	18.899625
stdev:	39.375827012754996
diff:	0.84475