Time-differences (millis):

0.096
0.019
0.029
0.047
0.078
0.134
0.103
0.047
0.079
0.014
0.079
0.026
0.097
0.016
0.047
0.031
0.097
0.858
0.085
0.033
0.078
0.003
0.082
0.276

95.697
34.496
25.528
117.956
28.115
5.713
9.225
2.786
40.047
0.036
1.611
13.868
29.438
4.849
23.438
32.25
31.395
49.265
29.765
153.217
153.01
40.292

96.628
36.324
21.081
119.4415
27.4065
4.67725
12.4775
1.03125
38.647
0.962
0.69425
13.955
29.25225
4.92275
23.455
32.41375
31.12925
49.36225
29.76525
0.9875
23.97125
128.17425
153.12975
40.19525

Test:	RTW2_s_9
Requests:	25
Success:	19
Used:   	17

Local times (milisec):
min:	0.003
max:	0.858
mean:	0.10225000000000001
median:	0.078
stdev:	0.1703745873069103

Web server times (milisec):
min:	0.036
max:	153.217
mean:	41.90895454545455
median:	29.6015
stdev:	45.91762674458446

App server times (milisec):
min:	0.69425
max:	153.12975
mean:	38.33682291666667
median:	28.329375
stdev:	42.50546827126042
diff:	16.12125