1554278683990091.0
1554278683990996.0
1554278683991649.0
1554278683991719.0
1554278683991949.0
1554278683992309.0
1554278683992394.0
1554278683992557.0
1554278683992670.0
1554278683992843.0
1554278683993711.0
1554278683994063.0
1554278683994496.0
1554278683994672.0
1554278683994974.0
1554278683995362.0
1554278683995596.0
1554278683996230.0
1554278683997018.0
1554278683997203.0
1554278683997429.0
1554278683997572.0
1554278683997911.0
1554278683998376.0
1554278683998566.0

1554278695073537.0
1554278695086405.0
1554278695103870.0
1554278695174986.0
1554278695215754.0
1554278695364705.0
1554278695369014.0
1554278695403089.0
1554278695414184.0
1554278695414240.0
1554278695429711.0
1554278695464725.0
1554278695483686.0
1554278695502541.0
1554278695509175.0
1554278695533670.0
1554278695534031.0
1554278695535292.0
1554278695536599.0
1554278695666622.0
1554278695675224.0
1554278695968381.0
1554278695982425.0
1554278695996210.0

1554278695075503.0
1554278695088463.8
1554278695104268.8
1554278695177202.5
1554278695218054.8
1554278695366702.2
1554278695370217.0
1554278695403495.8
1554278695414519.0
1554278695415025.5
1554278695430115.8
1554278695465043.0
1554278695484031.0
1554278695503073.0
1554278695509493.5
1554278695534312.8
1554278695534350.8
1554278695535639.2
1554278695537131.8
1554278695666974.5
1554278695675573.2
1554278695968825.5
1554278695982791.2
1554278695982843.5
1554278695996546.5

25
21
21
