1554278827201681.0
1554278827202012.0
1554278827202844.0
1554278827203164.0
1554278827204251.0
1554278827204394.0
1554278827204486.0
1554278827204529.0
1554278827204619.0
1554278827204622.0
1554278827204665.0
1554278827204672.0
1554278827204760.0
1554278827204840.0
1554278827204923.0
1554278827205024.0
1554278827205127.0
1554278827205204.0
1554278827205244.0
1554278827205294.0
1554278827205424.0
1554278827205514.0
1554278827205549.0
1554278827205586.0
1554278827205638.0

1554278838301960.0
1554278838314382.0
1554278838325785.0
1554278838338458.0
1554278838366847.0
1554278838386964.0
1554278838435788.0
1554278838454867.0
1554278838455031.0
1554278838534152.0
1554278838699522.0
1554278838746899.0
1554278838788660.0
1554278838816891.0
1554278838875742.0
1554278838893032.0
1554278838920747.0
1554278838922744.0
1554278838959161.0
1554278838990229.0
1554278839034228.0
1554278839050894.0
1554278839150355.0
1554278839204092.0
1554278839224943.0

1554278838304773.8
1554278838317021.5
1554278838328074.8
1554278838338918.5
1554278838369267.0
1554278838389980.0
1554278838436277.2
1554278838455425.0
1554278838455788.0
1554278838535153.8
1554278838699964.0
1554278838747407.0
1554278838789116.0
1554278838817362.0
1554278838876135.5
1554278838893476.2
1554278838921174.8
1554278838923152.8
1554278838959523.0
1554278838990727.0
1554278839035027.5
1554278839051869.8
1554278839150754.5
1554278839204485.8
1554278839225611.8

25
25
25
