1554278639035551.0
1554278639035660.0
1554278639035796.0
1554278639036099.0
1554278639036490.0
1554278639036585.0
1554278639036640.0
1554278639036693.0
1554278639036812.0
1554278639036896.0
1554278639037054.0
1554278639037110.0
1554278639037161.0
1554278639037276.0
1554278639037374.0
1554278639039072.0
1554278639039192.0
1554278639039317.0
1554278639039437.0
1554278639040136.0
1554278639040233.0
1554278639040286.0
1554278639040368.0
1554278639040432.0
1554278639041100.0

1554278650117681.0
1554278650142851.0
1554278650167154.0
1554278650203850.0
1554278650205700.0
1554278650207350.0
1554278650282677.0
1554278650282750.0
1554278650287922.0
1554278650308985.0
1554278650363281.0
1554278650512166.0
1554278650513465.0
1554278650529121.0
1554278650562869.0
1554278650594293.0
1554278650661763.0
1554278650708092.0
1554278650823210.0
1554278650840408.0
1554278650875523.0
1554278650876829.0
1554278650943824.0

1554278650120023.2
1554278650144967.5
1554278650170124.5
1554278650206692.2
1554278650209304.2
1554278650209354.8
1554278650283074.0
1554278650283074.8
1554278650288270.2
1554278650309509.0
1554278650363773.5
1554278650512481.2
1554278650514069.8
1554278650529438.0
1554278650563192.8
1554278650594687.2
1554278650662164.5
1554278650708710.5
1554278650823906.8
1554278650841410.0
1554278650877802.0
1554278650880289.0
1554278650887536.8
1554278650944822.0
1554278651071709.5

25
20
19
