Time-differences (millis):

0.1
0.206
0.329
0.187
0.123
0.116
0.417
2.174
0.31
2.434
0.136
0.085
0.11
0.031
2.729
0.275
0.34
1.804
2.194
0.279
0.613
0.153
0.118
11.631

63.937
75.533
12.735
27.018
31.133
41.937
27.041
13.536
10.129
12.361
25.584
16.108
113.418
65.039
36.704
32.851
46.755
0.075
10.31
61.091
0.064
5.754
25.819
155.788

63.11425
76.49475
11.84275
27.4155
29.193
42.39175
26.50075
13.5805
10.1665
12.28025
25.79975
15.84125
113.50475
64.9985
37.25275
32.5745
46.5565
0.54525
10.33425
60.46825
1.8205
3.97025
25.99925
155.7665

Test:	RTW2_s_15
Requests:	25
Success:	21
Used:   	21

Local times (milisec):
min:	0.031
max:	11.631
mean:	1.1205833333333333
median:	0.277
stdev:	2.400402935680422

Web server times (milisec):
min:	0.064
max:	155.788
mean:	37.946666666666665
median:	27.0295
stdev:	36.979733031776334

App server times (milisec):
min:	0.54525
max:	155.7665
mean:	37.850510416666665
median:	26.958125000000003
stdev:	37.005196277705615
diff:	0.9415