1554315291177120.0
1554315291177231.0
1554315291177252.0
1554315291177279.0
1554315291177421.0
1554315291177472.0
1554315291177630.0
1554315291177994.0
1554315291178049.0
1554315291178095.0
1554315291178189.0
1554315291178305.0
1554315291178352.0
1554315291178353.0
1554315291178399.0
1554315291178508.0
1554315291179284.0
1554315291179342.0
1554315291179430.0
1554315291179535.0
1554315291179564.0
1554315291179622.0
1554315291179630.0
1554315291179664.0
1554315291179816.0

1554315292229538.0
1554315292387212.0
1554315292394368.0
1554315292419982.0
1554315292445229.0
1554315292457787.0
1554315292475318.0
1554315292514274.0
1554315292537294.0
1554315292572055.0
1554315292573287.0
1554315292581577.0
1554315292609048.0
1554315292624359.0
1554315292653795.0
1554315292698997.0
1554315292745165.0
1554315292787507.0
1554315292795896.0
1554315292806187.0
1554315292982984.0
1554315292986778.0
1554315292993208.0
1554315293097044.0

1554315292234900.8
1554315292391359.2
1554315292397532.2
1554315292420439.0
1554315292447507.0
1554315292460647.5
1554315292476186.2
1554315292517175.2
1554315292537841.8
1554315292572414.5
1554315292573525.8
1554315292581993.2
1554315292609710.0
1554315292624779.0
1554315292654195.0
1554315292699450.0
1554315292745503.2
1554315292787803.5
1554315292796202.2
1554315292807317.5
1554315292983322.2
1554315292987463.0
1554315292993655.0
1554315293097705.2
1554315293134247.5

25
18
14
