1554315254205080.0
1554315254205138.0
1554315254206715.0
1554315254207602.0
1554315254207693.0
1554315254207738.0
1554315254207889.0
1554315254207931.0
1554315254208110.0
1554315254208625.0
1554315254208898.0
1554315254210140.0
1554315254210430.0
1554315254210941.0
1554315254211050.0
1554315254212850.0
1554315254213085.0
1554315254213183.0
1554315254213333.0
1554315254213466.0
1554315254213627.0
1554315254214501.0
1554315254214612.0
1554315254214703.0
1554315254218415.0

1554315255240251.0
1554315255253932.0
1554315255260532.0
1554315255361777.0
1554315255364709.0
1554315255396039.0
1554315255442127.0
1554315255442218.0
1554315255464134.0
1554315255494228.0
1554315255508920.0
1554315255615217.0
1554315255615263.0
1554315255637262.0
1554315255645518.0
1554315255730535.0
1554315255759594.0
1554315255781598.0
1554315255781667.0
1554315255845563.0
1554315255916278.0
1554315255916935.0
1554315255942464.0
1554315256140748.0
1554315256171489.0

1554315255242520.8
1554315255256270.5
1554315255263020.8
1554315255364247.8
1554315255366825.0
1554315255396587.0
1554315255443103.5
1554315255443330.2
1554315255464565.5
1554315255494645.0
1554315255509283.8
1554315255615682.2
1554315255616883.5
1554315255637830.0
1554315255645839.0
1554315255731278.0
1554315255760034.2
1554315255782136.2
1554315255782764.8
1554315255845935.0
1554315255916594.2
1554315255917329.2
1554315255942772.0
1554315256141131.0
1554315256172018.5

25
21
21
