1554278902971105.0
1554278902971815.0
1554278902972212.0
1554278902972249.0
1554278902972493.0
1554278902972921.0
1554278902973104.0
1554278902973217.0
1554278902973348.0
1554278902973712.0
1554278902973987.0
1554278902974040.0
1554278902974241.0
1554278902974469.0
1554278902974583.0
1554278902975117.0
1554278902975349.0
1554278902975525.0
1554278902975622.0
1554278902975663.0
1554278902976722.0
1554278902976728.0
1554278902977460.0
1554278902980495.0
1554278902980838.0

1554278914031727.0
1554278914039415.0
1554278914063405.0
1554278914091105.0
1554278914154526.0
1554278914174415.0
1554278914178912.0
1554278914308535.0
1554278914310916.0
1554278914397797.0
1554278914413779.0
1554278914488938.0
1554278914500140.0
1554278914522585.0
1554278914522756.0
1554278914529897.0
1554278914592246.0
1554278914629675.0
1554278914703686.0
1554278914818938.0
1554278914840865.0
1554278914840961.0
1554278914953707.0
1554278914986328.0
1554278915009182.0

1554278914033981.8
1554278914041613.5
1554278914065439.0
1554278914091483.8
1554278914156661.2
1554278914174852.5
1554278914180930.5
1554278914308935.0
1554278914311252.5
1554278914398356.0
1554278914414179.8
1554278914489473.8
1554278914500467.2
1554278914522934.8
1554278914523137.0
1554278914530318.0
1554278914592606.0
1554278914630104.2
1554278914704119.0
1554278914819253.8
1554278914841289.5
1554278914842161.0
1554278914954037.2
1554278914986698.2
1554278915009510.8

25
24
23
