Success codes:
20
21
16
25
12
24
25
24
19
24
25
21
18
25
21

Vouchers used:
19
21
11
25
11
23
24
24
17
24
24
21
14
25
21

Ratio:
1.0526315789473684
1.0
1.4545454545454546
1.0
1.0909090909090908
1.0434782608695652
1.0416666666666667
1.0
1.1176470588235294
1.0
1.0416666666666667
1.0
1.2857142857142858
1.0
1.0

Local:
0.109
0.136
0.303
0.391
0.095
0.055
0.053
0.119
0.084
0.158
0.056
0.051
0.115
0.098
1.698
0.12
0.125
0.12
0.699
0.097
0.053
0.082
0.064
0.668
0.905
0.653
0.07
0.23
0.36
0.085
0.163
0.113
0.173
0.868
0.352
0.433
0.176
0.302
0.388
0.234
0.634
0.788
0.185
0.226
0.143
0.339
0.465
0.19
0.333
0.12
0.033
0.039
0.07
0.042
0.017
0.043
0.041
0.005
0.092
0.021
0.041
0.06
0.008
0.086
0.026
0.063
0.052
0.498
0.081
0.062
0.015
13.143
0.331
0.832
0.32
1.087
0.143
0.092
0.043
0.09
0.003
0.043
0.007
0.088
0.08
0.083
0.101
0.103
0.077
0.04
0.05
0.13
0.09
0.035
0.037
0.052
0.301
0.202
0.075
0.054
0.049
0.098
0.18
0.139
0.052
0.097
0.147
0.108
0.072
0.395
0.151
0.082
0.193
0.085
0.022
0.058
0.041
0.021
0.028
0.075
0.71
0.397
0.037
0.244
0.428
0.183
0.113
0.131
0.364
0.275
0.053
0.201
0.228
0.114
0.534
0.232
0.176
0.097
0.041
1.059
0.006
0.732
3.035
0.343
0.002
0.528
0.182
0.145
0.119
0.085
0.099
0.089
0.113
0.163
0.133
0.193
0.073
0.361
0.114
0.318
0.223
0.251
0.337
0.015
0.102
0.081
0.213
0.08
0.074
0.004
0.111
0.066
0.017
0.053
0.02
0.072
0.006
0.063
0.089
0.053
0.131
0.004
0.066
0.038
0.048
0.031
0.073
0.078
0.326
0.093
0.132
1.084
0.096
0.019
0.029
0.047
0.078
0.134
0.103
0.047
0.079
0.014
0.079
0.026
0.097
0.016
0.047
0.031
0.097
0.858
0.085
0.033
0.078
0.003
0.082
0.276
0.16
0.099
0.057
0.063
0.116
0.084
0.124
0.051
0.082
0.105
0.091
0.118
0.05
0.07
0.042
0.021
0.071
0.119
0.066
0.087
0.121
0.054
0.217
1.707
0.552
0.101
0.068
0.185
0.07
0.203
0.142
0.265
0.199
0.365
0.613
0.126
0.269
0.208
1.017
0.189
0.305
0.379
2.302
0.004
0.416
0.666
0.58
0.283
0.058
1.577
0.887
0.091
0.045
0.151
0.042
0.179
0.515
0.273
1.242
0.29
0.511
0.109
1.8
0.235
0.098
0.15
0.133
0.161
0.874
0.111
0.091
3.712
0.111
0.021
0.027
0.142
0.051
0.158
0.364
0.055
0.046
0.094
0.116
0.047
0.001
0.046
0.109
0.776
0.058
0.088
0.105
0.029
0.058
0.008
0.034
0.152
0.191
0.204
0.08
0.299
0.19
0.214
0.087
0.059
0.057
0.336
0.125
0.044
1.323
0.142
1.106
0.213
0.083
0.114
0.168
0.09
0.077
0.095
0.845
0.092
0.1
0.206
0.329
0.187
0.123
0.116
0.417
2.174
0.31
2.434
0.136
0.085
0.11
0.031
2.729
0.275
0.34
1.804
2.194
0.279
0.613
0.153
0.118
11.631

Web:
25.17
24.303
36.696
1.85
1.65
75.327
0.073
5.172
21.063
54.296
148.885
1.299
15.656
33.748
31.424
67.47
46.329
115.118
17.198
35.115
1.306
66.995
12.868
17.465
71.116
40.768
148.951
4.309
34.075
11.095
0.056
15.471
35.014
18.961
18.855
6.634
24.495
0.361
1.261
1.307
130.023
8.602
293.157
14.044
13.785
52.142
153.766
124.641
0.043
0.038
16.762
54.187
0.034
0.05
24.98
94.741
53.251
79.103
106.14
20.12
51.03
0.512
24.424
69.325
0.072
25.597
12.422
11.403
12.673
28.389
20.117
48.824
19.079
0.164
79.121
165.37
47.377
41.761
28.231
58.851
17.29
27.715
1.997
36.417
31.068
43.999
16.666
99.461
53.737
20.851
0.057
17.705
6.579
4.006
27.099
176.993
14.652
22.888
56.793
78.565
37.62
29.868
38.189
17.242
62.39
25.201
4.279
150.547
72.087
22.621
12.025
4.223
7.688
23.99
27.7
63.421
19.889
4.497
129.623
2.381
86.881
15.982
75.159
11.202
22.445
0.171
7.141
62.349
37.429
74.011
115.252
21.927
0.096
112.746
32.621
22.854
11.743
13.584
24.428
0.151
42.749
31.578
16.543
30.266
79.085
0.432
2.57
5.212
7.176
63.05
156.434
19.607
77.715
52.959
14.695
25.231
17.804
12.554
9.67
119.627
91.042
50.544
99.404
11.377
57.474
32.104
8.714
17.971
15.41
74.785
7.414
18.361
61.567
48.668
106.347
14.939
27.898
5.588
21.937
39.458
5.466
15.557
78.521
0.062
95.697
34.496
25.528
117.956
28.115
5.713
9.225
2.786
40.047
0.036
1.611
13.868
29.438
4.849
23.438
32.25
31.395
49.265
29.765
153.217
153.01
40.292
16.735
0.055
54.468
65.505
11.962
25.839
14.139
105.928
14.63
85.805
39.105
6.455
5.751
56.443
30.605
58.094
35.362
16.67
108.359
26.366
20.934
21.766
44.599
70.82
28.682
42.128
12.011
59.736
137.132
28.295
33.829
19.73
93.867
6.73
57.554
49.218
33.795
5.347
27.98
19.944
30.683
41.108
13.884
0.886
37.445
58.446
31.041
86.85
13.681
6.6
101.245
2.932
31.33
46.088
0.091
21.916
30.094
14.692
106.297
0.046
21.999
8.256
85.017
29.059
22.004
0.069
63.896
70.715
0.657
25.529
198.284
30.741
157.674
7.156
25.614
25.247
12.558
17.531
38.956
23.02
34.761
1.232
8.29
27.471
15.311
29.436
45.202
46.168
42.342
8.389
10.291
176.797
3.794
6.43
103.836
31.239
34.392
85.906
9.595
38.515
58.396
61.467
10.317
10.61
7.95
28.126
6.162
6.849
92.63
31.421
5.614
23.558
27.251
0.818
7.339
1.721
63.035
118.044
126.589
63.937
75.533
12.735
27.018
31.133
41.937
27.041
13.536
10.129
12.361
25.584
16.108
113.418
65.039
36.704
32.851
46.755
0.075
10.31
61.091
0.064
5.754
25.819
155.788

App:
24.94425
25.157
36.56775
2.612
0.0505
73.71925
0.00075
5.1955
21.23875
54.2645
148.70775
1.5885
15.36825
33.75475
31.4945
67.47725
46.546
115.19625
17.50325
36.392
2.487
7.24775
57.28525
126.8875
12.96075
15.805
72.93375
40.85225
148.6475
3.51475
33.27875
11.02325
0.5065
15.09025
34.92725
18.988
19.042
6.4205
24.81925
0.038
1.2885
1.4925
129.84275
8.59875
293.25225
13.96575
0.05225
13.703
52.27325
152.011
124.56875
2.27525
0.001
14.46175
54.2825
3.84675
1.20525
19.812
94.856
53.158
20.963
39.97
18.361
106.153
20.021
45.63075
5.76625
0.7735
23.674
69.52025
0.5295
24.968
12.24775
11.05325
10.84375
30.3485
20.713
46.29725
19.14775
0.363
79.36575
164.81025
47.443
41.709
28.246
58.7735
17.34075
27.6985
1.978
36.37025
31.204
44.3005
16.84225
98.88475
53.73125
21.126
0.00025
16.656
8.0965
2.93375
26.01275
47.0185
131.767
12.9215
22.8125
56.88875
80.8685
35.222
29.89125
38.09975
10.29825
7.00175
62.422
25.21475
4.2305
150.49125
72.0955
22.62575
12.017
4.23525
7.63175
23.8255
26.04475
65.1775
18.19125
6.078
128.0045
2.3175
87.1035
15.82375
75.294
10.9935
22.4675
0.20225
7.181
62.288
37.49825
74.01475
115.13475
22.03575
0.8715
111.87625
32.661
22.8125
11.057
12.05025
25.86575
0.02575
41.2445
31.5655
18.159
29.21775
78.65675
1.26575
2.33275
4.37075
7.339
62.9495
156.414
19.64025
77.7695
52.86725
14.725
25.27575
17.73725
12.6755
9.55925
119.95725
89.40025
52.16475
99.372
11.3305
56.1185
31.94875
8.655
17.9585
15.537
74.66825
9.11825
16.7035
61.54075
48.70125
106.308
15.02125
27.7815
5.625
22.12675
39.28025
5.40125
15.592
78.514
0.66
96.628
36.324
21.081
119.4415
27.4065
4.67725
12.4775
1.03125
38.647
0.962
0.69425
13.955
29.25225
4.92275
23.455
32.41375
31.12925
49.36225
29.76525
0.9875
23.97125
128.17425
153.12975
40.19525
15.38575
1.17625
54.0325
65.33
11.387
24.43625
14.11475
105.8885
14.581
85.85125
39.05975
6.41
5.77225
56.629
30.435
58.181
35.3245
16.57225
109.27425
25.61225
20.94425
21.7685
44.4865
70.7585
30.28325
41.0725
12.48425
57.17925
137.18325
29.914
32.1275
20.02
93.93475
6.63225
57.647
48.88825
34.11925
5.026
28.24325
19.7365
30.94375
41.35175
13.37825
0.751
37.5605
58.49075
30.95675
87.23375
13.74975
6.75025
101.227
2.57725
29.762
46.5165
0.22675
21.23525
30.0795
14.63875
106.3985
1.20125
20.9465
8.009
85.439
28.75625
22.102
0.6285
63.17025
70.65925
0.735
25.44275
198.359
30.8875
156.4585
6.173
22.90675
27.068
13.1405
15.53875
40.989
20.6665
34.57275
1.11125
8.4675
27.71675
15.069
29.416
45.255
46.05325
42.30025
8.39875
11.11525
176.00475
4.14075
6.192
104.05025
36.54225
31.903
33.63475
84.8295
9.401
38.47525
58.83475
63.396
7.92
12.01375
6.511
28.6015
5.92625
7.11225
92.16525
31.538
6.9295
22.1835
27.95825
2.1595
5.2695
2.06775
62.66275
118.2055
127.6865
63.11425
76.49475
11.84275
27.4155
29.193
42.39175
26.50075
13.5805
10.1665
12.28025
25.79975
15.84125
113.50475
64.9985
37.25275
32.5745
46.5565
0.54525
10.33425
60.46825
1.8205
3.97025
25.99925
155.7665

Diff:
41.24325
21.0215
18.8885
0.96375
-7.69725
0.77425
0.84475
0.72975
16.12125
0.96575
0.92775
0.945
20.9445
1.01625
0.9415