1554315211162878.0
1554315211163430.0
1554315211163531.0
1554315211163599.0
1554315211163784.0
1554315211163854.0
1554315211164057.0
1554315211164199.0
1554315211164464.0
1554315211164663.0
1554315211165028.0
1554315211165641.0
1554315211165767.0
1554315211166036.0
1554315211166244.0
1554315211167261.0
1554315211167450.0
1554315211167755.0
1554315211168134.0
1554315211170436.0
1554315211170440.0
1554315211170856.0
1554315211171522.0
1554315211172102.0
1554315211172385.0

1554315212188131.0
1554315212216813.0
1554315212258941.0
1554315212270952.0
1554315212330688.0
1554315212467820.0
1554315212496115.0
1554315212529944.0
1554315212549674.0
1554315212643541.0
1554315212650271.0
1554315212707825.0
1554315212757043.0
1554315212790838.0
1554315212796185.0
1554315212824165.0
1554315212844109.0
1554315212874792.0
1554315212915900.0
1554315212929784.0
1554315212930670.0
1554315212968115.0
1554315213026561.0
1554315213057602.0
1554315213144452.0

1554315212190034.2
1554315212220317.5
1554315212261390.0
1554315212273874.2
1554315212331053.5
1554315212468236.8
1554315212498150.8
1554315212530278.2
1554315212550298.2
1554315212644233.0
1554315212650865.2
1554315212708512.2
1554315212757400.5
1554315212791519.8
1554315212796545.8
1554315212824789.0
1554315212844525.5
1554315212875469.2
1554315212916821.0
1554315212930199.2
1554315212930950.2
1554315212968510.8
1554315213027001.5
1554315213057958.2
1554315213145192.0

25
25
24
