Time-differences (millis):

0.71
0.397
0.037
0.244
0.428
0.183
0.113
0.131
0.364
0.275
0.053
0.201
0.228
0.114
0.534
0.232
0.176
0.097
0.041
1.059
0.006
0.732
3.035
0.343

7.688
23.99
27.7
63.421
19.889
4.497
129.623
2.381
86.881
15.982
75.159
11.202
22.445
0.171
7.141
62.349
37.429
74.011
115.252
21.927
0.096
112.746
32.621
22.854

7.63175
23.8255
26.04475
65.1775
18.19125
6.078
128.0045
2.3175
87.1035
15.82375
75.294
10.9935
22.4675
0.20225
7.181
62.288
37.49825
74.01475
115.13475
22.03575
0.8715
111.87625
32.661
22.8125

Test:	RTW2_s_6
Requests:	25
Success:	24
Used:   	23

Local times (milisec):
min:	0.006
max:	3.035
mean:	0.4055416666666667
median:	0.23
stdev:	0.615228906086229

Web server times (milisec):
min:	0.096
max:	129.623
mean:	40.727291666666666
median:	23.421999999999997
stdev:	39.452448885780775

App server times (milisec):
min:	0.20225
max:	128.0045
mean:	40.64704166666667
median:	23.319000000000003
stdev:	39.260606639332586
diff:	0.77425