1554278854593493.0
1554278854593794.0
1554278854593996.0
1554278854594071.0
1554278854594125.0
1554278854594174.0
1554278854594272.0
1554278854594452.0
1554278854594591.0
1554278854594643.0
1554278854594740.0
1554278854594887.0
1554278854594995.0
1554278854595067.0
1554278854595462.0
1554278854595613.0
1554278854595695.0
1554278854595888.0
1554278854595973.0
1554278854595995.0
1554278854596053.0
1554278854596094.0
1554278854596115.0
1554278854596143.0
1554278854596218.0

1554278865702103.0
1554278865702160.0
1554278865719865.0
1554278865726444.0
1554278865730450.0
1554278865757549.0
1554278865934542.0
1554278865949194.0
1554278865972082.0
1554278866028875.0
1554278866107440.0
1554278866145060.0
1554278866174928.0
1554278866213117.0
1554278866230359.0
1554278866292749.0
1554278866317950.0
1554278866322229.0
1554278866472776.0
1554278866544863.0
1554278866567484.0
1554278866579509.0
1554278866583732.0

1554278865704242.2
1554278865704242.5
1554278865720898.5
1554278865728995.0
1554278865731928.8
1554278865757941.5
1554278865804960.0
1554278865936727.0
1554278865949648.5
1554278865972461.0
1554278866029349.8
1554278866110218.2
1554278866145440.2
1554278866175331.5
1554278866213431.2
1554278866223729.5
1554278866230731.2
1554278866293153.2
1554278866318368.0
1554278866322598.5
1554278866473089.8
1554278866545185.2
1554278866567811.0
1554278866579828.0
1554278866584063.2

25
12
11
