Time-differences (millis):

0.301
0.202
0.075
0.054
0.049
0.098
0.18
0.139
0.052
0.097
0.147
0.108
0.072
0.395
0.151
0.082
0.193
0.085
0.022
0.058
0.041
0.021
0.028
0.075

0.057
17.705
6.579
4.006
27.099
176.993
14.652
22.888
56.793
78.565
37.62
29.868
38.189
17.242
62.39
25.201
4.279
150.547
72.087
22.621
12.025
4.223

0.00025
16.656
8.0965
2.93375
26.01275
47.0185
131.767
12.9215
22.8125
56.88875
80.8685
35.222
29.89125
38.09975
10.29825
7.00175
62.422
25.21475
4.2305
150.49125
72.0955
22.62575
12.017
4.23525

Test:	RTW2_s_5
Requests:	25
Success:	12
Used:   	11

Local times (milisec):
min:	0.021
max:	0.395
mean:	0.11354166666666667
median:	0.0835
stdev:	0.0902277211652088

Web server times (milisec):
min:	0.057
max:	176.993
mean:	40.074045454545455
median:	24.0445
stdev:	45.97293392491393

App server times (milisec):
min:	0.00025
max:	150.49125
mean:	36.65920833333333
median:	24.013624999999998
stdev:	39.35456742370425
diff:	-7.69725