Time-differences (millis):

0.109
0.136
0.303
0.391
0.095
0.055
0.053
0.119
0.084
0.158
0.056
0.051
0.115
0.098
1.698
0.12
0.125
0.12
0.699
0.097
0.053
0.082
0.064
0.668

25.17
24.303
36.696
1.85
1.65
75.327
0.073
5.172
21.063
54.296
148.885
1.299
15.656
33.748
31.424
67.47
46.329
115.118
17.198
35.115
1.306
66.995

24.94425
25.157
36.56775
2.612
0.0505
73.71925
0.00075
5.1955
21.23875
54.2645
148.70775
1.5885
15.36825
33.75475
31.4945
67.47725
46.546
115.19625
17.50325
36.392
2.487
7.24775
57.28525
126.8875

Test:	RTW2_s_1
Requests:	25
Success:	20
Used:   	19

Local times (milisec):
min:	0.051
max:	1.698
mean:	0.23120833333333332
median:	0.112
stdev:	0.3591771972967814

Web server times (milisec):
min:	0.073
max:	148.885
mean:	37.55195454545454
median:	28.297
stdev:	38.51763762038085

App server times (milisec):
min:	0.00075
max:	148.70775
mean:	39.65359375
median:	28.32575
stdev:	41.317405892543626
diff:	41.24325