Time-differences (millis):

0.074
0.004
0.111
0.066
0.017
0.053
0.02
0.072
0.006
0.063
0.089
0.053
0.131
0.004
0.066
0.038
0.048
0.031
0.073
0.078
0.326
0.093
0.132
1.084

91.042
50.544
99.404
11.377
57.474
32.104
8.714
17.971
15.41
74.785
7.414
18.361
61.567
48.668
106.347
14.939
27.898
5.588
21.937
39.458
5.466
15.557
78.521
0.062

89.40025
52.16475
99.372
11.3305
56.1185
31.94875
8.655
17.9585
15.537
74.66825
9.11825
16.7035
61.54075
48.70125
106.308
15.02125
27.7815
5.625
22.12675
39.28025
5.40125
15.592
78.514
0.66

Test:	RTW2_s_8
Requests:	25
Success:	24
Used:   	24

Local times (milisec):
min:	0.004
max:	1.084
mean:	0.11383333333333334
median:	0.066
stdev:	0.21665975462776266

Web server times (milisec):
min:	0.062
max:	106.347
mean:	37.942
median:	24.9175
stdev:	32.461272507137004

App server times (milisec):
min:	0.66
max:	106.308
mean:	37.89696875
median:	24.954125
stdev:	32.27193634596478
diff:	0.72975