1554315385405377.0
1554315385405568.0
1554315385405772.0
1554315385405852.0
1554315385406151.0
1554315385406341.0
1554315385406555.0
1554315385406642.0
1554315385406701.0
1554315385406758.0
1554315385407094.0
1554315385407219.0
1554315385407263.0
1554315385408586.0
1554315385408728.0
1554315385409834.0
1554315385410047.0
1554315385410130.0
1554315385410244.0
1554315385410412.0
1554315385410502.0
1554315385410579.0
1554315385410674.0
1554315385411519.0
1554315385411611.0

1554315386474706.0
1554315386505945.0
1554315386540337.0
1554315386626243.0
1554315386635838.0
1554315386674353.0
1554315386732749.0
1554315386794216.0
1554315386804533.0
1554315386815143.0
1554315386823093.0
1554315386851219.0
1554315386857381.0
1554315386864230.0
1554315386956860.0
1554315386988281.0
1554315386993895.0
1554315387017453.0
1554315387044704.0
1554315387045522.0
1554315387052861.0
1554315387054582.0
1554315387117617.0
1554315387235661.0
1554315387362250.0

1554315386476476.5
1554315386508379.5
1554315386542014.2
1554315386626843.8
1554315386636244.8
1554315386674720.0
1554315386733554.8
1554315386796950.8
1554315386804870.8
1554315386816884.5
1554315386823395.5
1554315386851997.0
1554315386857923.2
1554315386865035.5
1554315386957200.8
1554315386988738.8
1554315386995668.2
1554315387017851.8
1554315387045810.0
1554315387047969.5
1554315387053239.0
1554315387055306.8
1554315387117969.5
1554315387236175.0
1554315387363861.5

25
25
25
