Time-differences (millis):

0.16
0.099
0.057
0.063
0.116
0.084
0.124
0.051
0.082
0.105
0.091
0.118
0.05
0.07
0.042
0.021
0.071
0.119
0.066
0.087
0.121
0.054
0.217
1.707

16.735
0.055
54.468
65.505
11.962
25.839
14.139
105.928
14.63
85.805
39.105
6.455
5.751
56.443
30.605
58.094
35.362
16.67
108.359
26.366
20.934
21.766
44.599
70.82

15.38575
1.17625
54.0325
65.33
11.387
24.43625
14.11475
105.8885
14.581
85.85125
39.05975
6.41
5.77225
56.629
30.435
58.181
35.3245
16.57225
109.27425
25.61225
20.94425
21.7685
44.4865
70.7585

Test:	RTW2_s_10
Requests:	25
Success:	24
Used:   	24

Local times (milisec):
min:	0.021
max:	1.707
mean:	0.15729166666666666
median:	0.08549999999999999
stdev:	0.3327430761265288

Web server times (milisec):
min:	0.055
max:	108.359
mean:	39.01645833333333
median:	28.485500000000002
stdev:	30.78248503116408

App server times (milisec):
min:	1.17625
max:	109.27425
mean:	38.89213541666667
median:	28.023625
stdev:	30.91403941981518
diff:	0.96575