Time-differences (millis):

0.058
1.577
0.887
0.091
0.045
0.151
0.042
0.179
0.515
0.273
1.242
0.29
0.511
0.109
1.8
0.235
0.098
0.15
0.133
0.161
0.874
0.111
0.091
3.712

13.681
6.6
101.245
2.932
31.33
46.088
0.091
21.916
30.094
14.692
106.297
0.046
21.999
8.256
85.017
29.059
22.004
0.069
63.896
70.715
0.657
25.529
198.284
30.741

13.74975
6.75025
101.227
2.57725
29.762
46.5165
0.22675
21.23525
30.0795
14.63875
106.3985
1.20125
20.9465
8.009
85.439
28.75625
22.102
0.6285
63.17025
70.65925
0.735
25.44275
198.359
30.8875

Test:	RTW2_s_12
Requests:	25
Success:	21
Used:   	21

Local times (milisec):
min:	0.042
max:	3.712
mean:	0.555625
median:	0.16999999999999998
stdev:	0.8368807412051015

Web server times (milisec):
min:	0.046
max:	198.284
mean:	38.80158333333333
median:	23.7665
stdev:	46.37679184764412

App server times (milisec):
min:	0.22675
max:	198.359
mean:	38.72907291666667
median:	23.772375
stdev:	46.382735398955944
diff:	0.945