Time-differences (millis):

0.111
0.021
0.027
0.142
0.051
0.158
0.364
0.055
0.046
0.094
0.116
0.047
0.001
0.046
0.109
0.776
0.058
0.088
0.105
0.029
0.058
0.008
0.034
0.152

157.674
7.156
25.614
25.247
12.558
17.531
38.956
23.02
34.761
1.232
8.29
27.471
15.311
29.436
45.202
46.168
42.342
8.389
10.291
176.797
3.794
6.43
103.836

156.4585
6.173
22.90675
27.068
13.1405
15.53875
40.989
20.6665
34.57275
1.11125
8.4675
27.71675
15.069
29.416
45.255
46.05325
42.30025
8.39875
11.11525
176.00475
4.14075
6.192
104.05025
36.54225

Test:	RTW2_s_13
Requests:	25
Success:	18
Used:   	14

Local times (milisec):
min:	0.001
max:	0.776
mean:	0.11233333333333333
median:	0.058
stdev:	0.15980196077228426

Web server times (milisec):
min:	1.232
max:	176.797
mean:	37.717652173913045
median:	25.247
stdev:	46.40279177005771

App server times (milisec):
min:	1.11125
max:	176.00475
mean:	37.47278125
median:	24.987375
stdev:	45.23904400162592
diff:	20.9445