1554315418460498.0
1554315418460598.0
1554315418460804.0
1554315418461133.0
1554315418461320.0
1554315418461443.0
1554315418461559.0
1554315418461976.0
1554315418464150.0
1554315418464460.0
1554315418466894.0
1554315418467030.0
1554315418467115.0
1554315418467225.0
1554315418467256.0
1554315418469985.0
1554315418470260.0
1554315418470600.0
1554315418472404.0
1554315418474598.0
1554315418474877.0
1554315418475490.0
1554315418475643.0
1554315418475761.0
1554315418487392.0

1554315419571701.0
1554315419635638.0
1554315419711171.0
1554315419723906.0
1554315419750924.0
1554315419782057.0
1554315419823994.0
1554315419851035.0
1554315419864571.0
1554315419874700.0
1554315419887061.0
1554315419912645.0
1554315419928753.0
1554315420042171.0
1554315420107210.0
1554315420143914.0
1554315420176765.0
1554315420223520.0
1554315420223595.0
1554315420233905.0
1554315420294996.0
1554315420295060.0
1554315420300814.0
1554315420326633.0
1554315420482421.0

1554315419574432.5
1554315419637546.8
1554315419714041.5
1554315419725884.2
1554315419753299.8
1554315419782492.8
1554315419824884.5
1554315419851385.2
1554315419864965.8
1554315419875132.2
1554315419887412.5
1554315419913212.2
1554315419929053.5
1554315420042558.2
1554315420107556.8
1554315420144809.5
1554315420177384.0
1554315420223940.5
1554315420224485.8
1554315420234820.0
1554315420295288.2
1554315420297108.8
1554315420301079.0
1554315420327078.2
1554315420482844.8

25
21
21
