1554279068904671.0
1554279068904831.0
1554279068904930.0
1554279068904987.0
1554279068905050.0
1554279068905166.0
1554279068905250.0
1554279068905374.0
1554279068905425.0
1554279068905507.0
1554279068905612.0
1554279068905703.0
1554279068905821.0
1554279068905871.0
1554279068905941.0
1554279068905983.0
1554279068906004.0
1554279068906075.0
1554279068906194.0
1554279068906260.0
1554279068906347.0
1554279068906468.0
1554279068906522.0
1554279068906739.0
1554279068908446.0

1554279079968433.0
1554279079985168.0
1554279079985223.0
1554279080039691.0
1554279080105196.0
1554279080117158.0
1554279080142997.0
1554279080157136.0
1554279080263064.0
1554279080277694.0
1554279080363499.0
1554279080402604.0
1554279080409059.0
1554279080414810.0
1554279080471253.0
1554279080501858.0
1554279080559952.0
1554279080595314.0
1554279080611984.0
1554279080720343.0
1554279080746709.0
1554279080767643.0
1554279080789409.0
1554279080834008.0
1554279080904828.0

1554279079971740.0
1554279079987125.8
1554279079988302.0
1554279080042334.5
1554279080107664.5
1554279080119051.5
1554279080143487.8
1554279080157602.5
1554279080263491.0
1554279080278072.0
1554279080363923.2
1554279080402983.0
1554279080409393.0
1554279080415165.2
1554279080471794.2
1554279080502229.2
1554279080560410.2
1554279080595734.8
1554279080612307.0
1554279080721581.2
1554279080747193.5
1554279080768137.8
1554279080789906.2
1554279080834392.8
1554279080905151.2

25
24
24
