1554279028506958.0
1554279028507054.0
1554279028507073.0
1554279028507102.0
1554279028507149.0
1554279028507227.0
1554279028507361.0
1554279028507464.0
1554279028507511.0
1554279028507590.0
1554279028507604.0
1554279028507683.0
1554279028507709.0
1554279028507806.0
1554279028507822.0
1554279028507869.0
1554279028507900.0
1554279028507997.0
1554279028508855.0
1554279028508940.0
1554279028508973.0
1554279028509051.0
1554279028509054.0
1554279028509136.0
1554279028509412.0

1554279039573981.0
1554279039669678.0
1554279039704174.0
1554279039729702.0
1554279039847658.0
1554279039875773.0
1554279039881486.0
1554279039890711.0
1554279039893497.0
1554279039933544.0
1554279039933580.0
1554279039935191.0
1554279039949059.0
1554279039978497.0
1554279039983346.0
1554279040006784.0
1554279040039034.0
1554279040070429.0
1554279040119694.0
1554279040149459.0
1554279040302676.0
1554279040455686.0
1554279040495978.0

1554279039576246.0
1554279039672874.0
1554279039709198.0
1554279039730279.0
1554279039849720.5
1554279039877127.0
1554279039881804.2
1554279039894281.8
1554279039895313.0
1554279039933960.0
1554279039934922.0
1554279039935616.2
1554279039949571.2
1554279039978823.5
1554279039983746.2
1554279040007201.2
1554279040039615.0
1554279040070744.2
1554279040120106.5
1554279040149871.8
1554279040150859.2
1554279040174830.5
1554279040303004.8
1554279040456134.5
1554279040496329.8

25
19
17
