1554278733486487.0
1554278733486820.0
1554278733486940.0
1554278733486973.0
1554278733487012.0
1554278733487082.0
1554278733487124.0
1554278733487141.0
1554278733487184.0
1554278733487225.0
1554278733487230.0
1554278733487322.0
1554278733487343.0
1554278733487384.0
1554278733487444.0
1554278733487452.0
1554278733487538.0
1554278733487564.0
1554278733487627.0
1554278733487679.0
1554278733488177.0
1554278733488258.0
1554278733488320.0
1554278733488335.0
1554278733501478.0

1554278744548488.0
1554278744600630.0
1554278744754396.0
1554278744879037.0
1554278744879080.0
1554278744879118.0
1554278744895880.0
1554278744950067.0
1554278744950101.0
1554278744950151.0
1554278744975131.0
1554278745069872.0
1554278745123123.0
1554278745202226.0
1554278745308366.0
1554278745328486.0
1554278745379516.0
1554278745380028.0
1554278745404452.0
1554278745473777.0
1554278745473849.0
1554278745499446.0

1554278744550712.5
1554278744602985.8
1554278744754996.8
1554278744879565.5
1554278744881840.8
1554278744881841.8
1554278744896303.5
1554278744950586.0
1554278744954432.8
1554278744955638.0
1554278744975450.0
1554278745070306.0
1554278745123464.0
1554278745144427.0
1554278745184397.0
1554278745202758.0
1554278745308911.0
1554278745328932.0
1554278745374562.8
1554278745380329.0
1554278745381102.5
1554278745404776.5
1554278745474296.8
1554278745474826.2
1554278745499794.2

25
16
11
