Time-differences (millis):

0.331
0.832
0.32
1.087
0.143
0.092
0.043
0.09
0.003
0.043
0.007
0.088
0.08
0.083
0.101
0.103
0.077
0.04
0.05
0.13
0.09
0.035
0.037
0.052

12.422
11.403
12.673
28.389
20.117
48.824
19.079
0.164
79.121
165.37
47.377
41.761
28.231
58.851
17.29
27.715
1.997
36.417
31.068
43.999
16.666
99.461
53.737
20.851

12.24775
11.05325
10.84375
30.3485
20.713
46.29725
19.14775
0.363
79.36575
164.81025
47.443
41.709
28.246
58.7735
17.34075
27.6985
1.978
36.37025
31.204
44.3005
16.84225
98.88475
53.73125
21.126

Test:	RTW2_s_4
Requests:	25
Success:	25
Used:   	25

Local times (milisec):
min:	0.003
max:	1.087
mean:	0.164875
median:	0.08549999999999999
stdev:	0.260123935762401

Web server times (milisec):
min:	0.164
max:	165.37
mean:	38.457625
median:	28.310000000000002
stdev:	35.84694038100529

App server times (milisec):
min:	0.363
max:	164.81025
mean:	38.36825
median:	29.29725
stdev:	35.721823866936504
diff:	0.96375