1554220683025638.0
1554220683025654.0
1554220683025663.0
1554220683025672.0
1554220683025681.0
1554220683025690.0
1554220683025700.0
1554220683025710.0
1554220683025720.0
1554220683025729.0
1554220683025738.0
1554220683025747.0
1554220683025757.0
1554220683025766.0
1554220683025774.0
1554220683025784.0
1554220683025809.0
1554220683025824.0
1554220683025833.0
1554220683025842.0
1554220683025850.0
1554220683025858.0
1554220683025866.0
1554220683025874.0
1554220683025882.0

1554220688137383.0
1554220688137509.0
1554220688141633.0
1554220688142270.0
1554220688146418.0
1554220688147480.0
1554220688149025.0
1554220688150962.0
1554220688158624.0
1554220688165119.0
1554220688167245.0
1554220688178597.0
1554220688182631.0
1554220688188067.0
1554220688193488.0
1554220688193527.0
1554220688195812.0
1554220688197617.0
1554220688204848.0
1554220688207391.0
1554220688215499.0
1554220688218337.0
1554220688227536.0

1554220688140224.0
1554220688140267.0
1554220688141998.0
1554220688144579.2
1554220688147012.2
1554220688148990.2
1554220688153643.2
1554220688160961.2
1554220688165876.8
1554220688175570.0
1554220688179148.5
1554220688183082.8
1554220688188514.2
1554220688190479.5
1554220688194154.0
1554220688196644.8
1554220688198314.0
1554220688198447.8
1554220688200013.8
1554220688205415.0
1554220688208441.0
1554220688215925.8
1554220688219382.8
1554220688226195.2
1554220688227816.0

25
11
9
