1554293065029679.0
1554293065029697.0
1554293065029707.0
1554293065029716.0
1554293065029726.0
1554293065029735.0
1554293065029745.0
1554293065029755.0
1554293065029765.0
1554293065029775.0
1554293065029784.0
1554293065029794.0
1554293065029804.0
1554293065029814.0
1554293065029830.0
1554293065029839.0
1554293065029848.0
1554293065029858.0
1554293065029867.0
1554293065029876.0
1554293065029886.0
1554293065029895.0
1554293065029904.0
1554293065029915.0
1554293065029925.0

1554293070089905.0
1554293070089933.0
1554293070091985.0
1554293070099278.0
1554293070106951.0
1554293070107076.0
1554293070108842.0
1554293070109659.0
1554293070114951.0
1554293070121897.0
1554293070125552.0
1554293070129739.0
1554293070130796.0
1554293070135977.0
1554293070136649.0
1554293070143625.0
1554293070153130.0
1554293070153379.0
1554293070155149.0
1554293070158048.0
1554293070163651.0
1554293070166447.0
1554293070176606.0
1554293070185204.0

1554293070092801.2
1554293070094859.5
1554293070095170.0
1554293070102734.2
1554293070107405.5
1554293070107420.2
1554293070109331.8
1554293070113075.2
1554293070115349.8
1554293070122383.2
1554293070126088.5
1554293070130001.2
1554293070131101.0
1554293070136718.8
1554293070136979.2
1554293070143969.8
1554293070153773.2
1554293070153898.8
1554293070155403.2
1554293070158403.0
1554293070164054.5
1554293070166796.0
1554293070167845.8
1554293070177332.0
1554293070187597.0

25
12
10
