1554220104034570.0
1554220104034907.0
1554220104034921.0
1554220104034931.0
1554220104034941.0
1554220104034950.0
1554220104034959.0
1554220104034968.0
1554220104034978.0
1554220104034987.0
1554220104034998.0
1554220104035007.0
1554220104035016.0
1554220104035025.0
1554220104035034.0
1554220104035043.0
1554220104035053.0
1554220104035061.0
1554220104035071.0
1554220104035079.0
1554220104035088.0
1554220104035097.0
1554220104035106.0
1554220104035115.0
1554220104035124.0

1554220109146830.0
1554220109152237.0
1554220109152251.0
1554220109156303.0
1554220109158627.0
1554220109164298.0
1554220109166474.0
1554220109178914.0
1554220109178969.0
1554220109180454.0
1554220109194304.0
1554220109194378.0
1554220109195885.0
1554220109201207.0
1554220109205743.0
1554220109207684.0
1554220109207905.0
1554220109208831.0
1554220109212440.0
1554220109214850.0
1554220109216543.0
1554220109219785.0
1554220109228500.0

1554220109149654.8
1554220109155219.8
1554220109155258.2
1554220109156697.8
1554220109159312.5
1554220109167348.0
1554220109168158.5
1554220109179840.5
1554220109180113.8
1554220109180726.2
1554220109194610.2
1554220109194645.0
1554220109197576.8
1554220109201482.8
1554220109206335.8
1554220109208197.5
1554220109208205.2
1554220109209112.8
1554220109212795.0
1554220109215484.2
1554220109216927.2
1554220109220069.8
1554220109229069.2
1554220109233699.5
1554220109234378.8

25
13
11
