Time-differences (millis):

0.015
0.008
0.009
0.009
0.008
0.012
0.081
0.083
0.01
0.027
0.056
0.007
0.019
0.011
0.056
0.022
0.027
0.019
0.02
0.041
0.018
0.02
0.01
0.027

5.073
4.962
5.193
8.563
0.004
11.142
0.074
0.248
4.713
0.074
2.72
0.935
0.058
2.928
0.027
4.304
3.813
3.988
13.258
0.008
3.126
1.261
0.635
4.528

5.594
3.356
4.82375
8.704
1.734
12.01775
0.66975
2.47525
1.72
1.52025
1.389
0.86325
1.30475
1.32875
1.9605
1.76075
3.08575
2.7385
13.2535
1.10775
1.9785
1.67525
1.5165
3.22425

Test:	CR2_n+_15
Requests:	25
Success:	15
Used:   	13

Local times (milisec):
min:	0.007
max:	0.083
mean:	0.025625000000000002
median:	0.019
stdev:	0.02205686819978323

Web server times (milisec):
min:	0.004
max:	13.258
mean:	3.4014583333333333
median:	3.027
stdev:	3.570775156122226

App server times (milisec):
min:	0.66975
max:	13.2535
mean:	3.3250729166666666
median:	1.860625
stdev:	3.3745952249050544
diff:	2.35875