1554220319036269.0
1554220319036282.0
1554220319036289.0
1554220319036296.0
1554220319036303.0
1554220319036312.0
1554220319036324.0
1554220319036333.0
1554220319036343.0
1554220319036354.0
1554220319036364.0
1554220319036380.0
1554220319036407.0
1554220319036431.0
1554220319036444.0
1554220319036454.0
1554220319036463.0
1554220319036473.0
1554220319036482.0
1554220319036492.0
1554220319036501.0
1554220319036509.0
1554220319036519.0
1554220319036528.0
1554220319036537.0

1554220324139751.0
1554220324142984.0
1554220324143043.0
1554220324143122.0
1554220324144360.0
1554220324145048.0
1554220324154288.0
1554220324161744.0
1554220324164124.0
1554220324164194.0
1554220324166922.0
1554220324170227.0
1554220324171925.0
1554220324175569.0
1554220324179617.0
1554220324190654.0
1554220324193745.0
1554220324198149.0
1554220324204093.0
1554220324210602.0
1554220324212416.0

1554220324141764.0
1554220324145502.8
1554220324146551.8
1554220324147826.5
1554220324147975.2
1554220324155162.2
1554220324156027.0
1554220324165860.8
1554220324167576.0
1554220324168802.8
1554220324171211.2
1554220324171914.2
1554220324172147.5
1554220324176155.0
1554220324179853.2
1554220324190830.8
1554220324190911.2
1554220324194009.5
1554220324201580.5
1554220324204497.0
1554220324211044.5
1554220324212663.0
1554220324216351.5
1554220324216874.8
1554220324225830.0

25
12
6
