1554220264027670.0
1554220264027683.0
1554220264027689.0
1554220264027696.0
1554220264027702.0
1554220264027710.0
1554220264027732.0
1554220264027745.0
1554220264027853.0
1554220264027870.0
1554220264027953.0
1554220264027976.0
1554220264027988.0
1554220264028018.0
1554220264028079.0
1554220264028111.0
1554220264028167.0
1554220264028180.0
1554220264028260.0
1554220264028279.0
1554220264028344.0
1554220264028358.0
1554220264028431.0
1554220264028443.0
1554220264028487.0

1554220269148292.0
1554220269148327.0
1554220269153627.0
1554220269154172.0
1554220269159214.0
1554220269166198.0
1554220269169018.0
1554220269177336.0
1554220269183414.0
1554220269184207.0
1554220269184216.0
1554220269188321.0
1554220269190301.0
1554220269193332.0
1554220269195326.0
1554220269201185.0
1554220269201216.0
1554220269202990.0
1554220269207875.0
1554220269211040.0
1554220269212061.0
1554220269221100.0
1554220269222314.0
1554220269233003.0

1554220269150418.5
1554220269150482.8
1554220269154487.2
1554220269156535.5
1554220269160968.5
1554220269166483.5
1554220269169374.8
1554220269177597.5
1554220269183799.2
1554220269184486.5
1554220269185248.8
1554220269188656.5
1554220269190934.2
1554220269193691.5
1554220269197053.0
1554220269201963.0
1554220269203203.0
1554220269205471.0
1554220269208140.2
1554220269211378.2
1554220269212311.8
1554220269221404.5
1554220269223037.2
1554220269227533.5
1554220269233319.8

25
13
11
