Time-differences (millis):

0.019
0.009
0.008
0.01
0.451
0.014
0.01
0.011
0.009
0.01
0.009
0.009
0.01
0.009
0.01
0.008
0.01
0.011
0.01
0.034
0.012
0.01
0.009
0.912

0.091
3.596
0.074
1.547
3.018
0.044
2.676
18.037
0.127
0.036
1.189
0.455
9.924
5.842
4.744
1.889
2.231
5.641
4.415
3.859
13.064
5.03
4.821

0.002
5.3435
3.00075
0.4725
3.28675
0.202
4.62475
10.484
0.07825
0.863
0.2785
0.82075
9.7005
6.031
5.0745
2.1
1.6295
5.6755
4.2405
1.86925
2.035
13.20275
5.95975
4.08175

Test:	CR2_n+_9
Requests:	25
Success:	14
Used:   	10

Local times (milisec):
min:	0.008
max:	0.912
mean:	0.06725
median:	0.01
stdev:	0.201096613164138

Web server times (milisec):
min:	0.036
max:	18.037
mean:	4.015217391304348
median:	3.018
stdev:	4.456137819768897

App server times (milisec):
min:	0.002
max:	13.20275
mean:	3.79403125
median:	3.14375
stdev:	3.511259123467414
diff:	3.2225