1554220015029279.0
1554220015029293.0
1554220015029300.0
1554220015029308.0
1554220015029317.0
1554220015029326.0
1554220015029336.0
1554220015029345.0
1554220015029355.0
1554220015029366.0
1554220015029493.0
1554220015029537.0
1554220015029585.0
1554220015029620.0
1554220015029654.0
1554220015029667.0
1554220015029689.0
1554220015029738.0
1554220015029747.0
1554220015029767.0
1554220015029790.0
1554220015029835.0
1554220015029849.0
1554220015029859.0
1554220015030858.0

1554220020139211.0
1554220020142730.0
1554220020142862.0
1554220020143052.0
1554220020149144.0
1554220020149713.0
1554220020150609.0
1554220020152914.0
1554220020154900.0
1554220020156873.0
1554220020157731.0
1554220020173734.0
1554220020176202.0
1554220020176543.0
1554220020192189.0
1554220020193837.0
1554220020200046.0
1554220020222459.0

1554220020141750.8
1554220020144923.5
1554220020145013.5
1554220020147351.2
1554220020153024.2
1554220020153196.8
1554220020155131.8
1554220020157194.2
1554220020157995.5
1554220020159936.5
1554220020162017.5
1554220020174058.8
1554220020176986.2
1554220020177442.8
1554220020192467.8
1554220020194200.8
1554220020195634.2
1554220020200276.8
1554220020200300.0
1554220020205877.5
1554220020208876.8
1554220020210174.2
1554220020222717.2
1554220020225027.5
1554220020233196.5

25
9
6
