Time-differences (millis):

0.018
0.01
0.009
0.01
0.009
0.01
0.01
0.01
0.01
0.009
0.01
0.01
0.01
0.016
0.009
0.009
0.01
0.009
0.009
0.01
0.009
0.009
0.011
0.01

0.028
2.052
7.293
7.673
0.125
1.766
0.817
5.292
6.946
3.655
4.187
1.057
5.181
0.672
6.976
9.505
0.249
1.77
2.899
5.603
2.796
10.159
8.598

2.05825
0.3105
7.56425
4.67125
0.01475
1.9115
3.7435
2.2745
7.0335
3.70525
3.91275
1.09975
5.61775
0.2605
6.9905
9.8035
0.1255
1.5045
2.99975
5.6515
2.7415
1.04975
9.48625
10.265

Test:	CR2_n+_11
Requests:	25
Success:	12
Used:   	10

Local times (milisec):
min:	0.009
max:	0.018
mean:	0.01025
median:	0.01
stdev:	0.0021719556405110636

Web server times (milisec):
min:	0.028
max:	10.159
mean:	4.143434782608696
median:	3.655
stdev:	3.217251266448185

App server times (milisec):
min:	0.01475
max:	10.265
mean:	3.9498229166666667
median:	3.3525
stdev:	3.198511535175017
diff:	2.58525