1554293310025726.0
1554293310025741.0
1554293310025749.0
1554293310025758.0
1554293310025767.0
1554293310025775.0
1554293310025787.0
1554293310025868.0
1554293310025951.0
1554293310025961.0
1554293310025988.0
1554293310026044.0
1554293310026051.0
1554293310026070.0
1554293310026081.0
1554293310026137.0
1554293310026159.0
1554293310026186.0
1554293310026205.0
1554293310026225.0
1554293310026266.0
1554293310026284.0
1554293310026304.0
1554293310026314.0
1554293310026341.0

1554293315096878.0
1554293315101951.0
1554293315106913.0
1554293315112106.0
1554293315120669.0
1554293315120673.0
1554293315131815.0
1554293315131889.0
1554293315132137.0
1554293315136850.0
1554293315136924.0
1554293315139644.0
1554293315140579.0
1554293315140637.0
1554293315143565.0
1554293315143592.0
1554293315147896.0
1554293315151709.0
1554293315155697.0
1554293315168955.0
1554293315168963.0
1554293315172089.0
1554293315173350.0
1554293315173985.0
1554293315178513.0

1554293315098984.8
1554293315104578.8
1554293315107934.8
1554293315112758.5
1554293315121462.5
1554293315123196.5
1554293315135214.2
1554293315135884.0
1554293315138359.2
1554293315140079.2
1554293315141599.5
1554293315142988.5
1554293315143851.8
1554293315145156.5
1554293315146485.2
1554293315148445.8
1554293315150206.5
1554293315153292.2
1554293315156030.8
1554293315169284.2
1554293315170392.0
1554293315172370.5
1554293315174045.8
1554293315175562.2
1554293315178786.5

25
15
13
