1554220627023613.0
1554220627023632.0
1554220627023641.0
1554220627023649.0
1554220627023659.0
1554220627024110.0
1554220627024124.0
1554220627024134.0
1554220627024145.0
1554220627024154.0
1554220627024164.0
1554220627024173.0
1554220627024182.0
1554220627024192.0
1554220627024201.0
1554220627024211.0
1554220627024219.0
1554220627024229.0
1554220627024240.0
1554220627024250.0
1554220627024284.0
1554220627024296.0
1554220627024306.0
1554220627024315.0
1554220627025227.0

1554220632138471.0
1554220632138562.0
1554220632142158.0
1554220632142232.0
1554220632143779.0
1554220632146797.0
1554220632146841.0
1554220632149517.0
1554220632167554.0
1554220632167681.0
1554220632167717.0
1554220632168906.0
1554220632169361.0
1554220632179285.0
1554220632185127.0
1554220632189871.0
1554220632191760.0
1554220632193991.0
1554220632199632.0
1554220632204047.0
1554220632207906.0
1554220632220970.0
1554220632226000.0
1554220632230821.0

1554220632140517.8
1554220632140519.8
1554220632145863.2
1554220632148864.0
1554220632149336.5
1554220632152623.2
1554220632152825.2
1554220632157450.0
1554220632167934.0
1554220632168012.2
1554220632168875.2
1554220632169153.8
1554220632169974.5
1554220632179675.0
1554220632185706.0
1554220632190780.5
1554220632192880.5
1554220632194510.0
1554220632200185.5
1554220632204426.0
1554220632206295.2
1554220632208330.2
1554220632221533.0
1554220632227492.8
1554220632231574.5

25
14
10
