1554293235028941.0
1554293235028981.0
1554293235029008.0
1554293235029033.0
1554293235029056.0
1554293235029066.0
1554293235029076.0
1554293235036362.0
1554293235036384.0
1554293235036393.0
1554293235036403.0
1554293235036411.0
1554293235036420.0
1554293235036452.0
1554293235036527.0
1554293235036544.0
1554293235036554.0
1554293235036589.0
1554293235036616.0
1554293235036625.0
1554293235036634.0
1554293235036643.0
1554293235036652.0
1554293235036687.0
1554293235036732.0

1554293240087733.0
1554293240092220.0
1554293240096283.0
1554293240096435.0
1554293240104830.0
1554293240111311.0
1554293240111362.0
1554293240125274.0
1554293240125314.0
1554293240130277.0
1554293240131498.0
1554293240136478.0
1554293240141388.0
1554293240142285.0
1554293240144534.0
1554293240145646.0
1554293240146323.0
1554293240151069.0
1554293240162726.0
1554293240168209.0
1554293240177483.0
1554293240177916.0
1554293240181193.0

1554293240090581.8
1554293240094180.2
1554293240097182.2
1554293240098676.0
1554293240105287.0
1554293240111639.8
1554293240112378.5
1554293240127555.2
1554293240129481.0
1554293240134909.2
1554293240136722.8
1554293240137123.0
1554293240141649.5
1554293240142533.0
1554293240144898.2
1554293240146224.5
1554293240146889.2
1554293240151416.0
1554293240163091.2
1554293240168527.2
1554293240177843.2
1554293240178173.2
1554293240181156.5
1554293240181447.8
1554293240181646.0

25
14
10
