Time-differences (millis):

0.016
0.009
0.009
0.009
0.009
0.01
0.01
0.01
0.009
0.009
0.009
0.01
0.009
0.008
0.01
0.025
0.015
0.009
0.009
0.008
0.008
0.008
0.008
0.008

0.126
4.124
0.637
4.148
1.062
1.545
1.937
7.662
6.495
2.126
11.352
4.034
5.436
5.421
0.039
2.285
1.805
7.231
2.543
8.108
2.838
9.199

0.043
1.731
2.58125
2.433
1.978
4.653
7.318
4.9155
9.69325
3.5785
3.93425
5.4315
1.96525
3.6745
2.49075
1.66925
0.13375
1.566
5.40125
3.026
7.48475
3.457
6.8125
1.62075

Test:	CR2_n+_10
Requests:	25
Success:	11
Used:   	9

Local times (milisec):
min:	0.008
max:	0.025
mean:	0.010166666666666666
median:	0.009
stdev:	0.0037261317704845726

Web server times (milisec):
min:	0.039
max:	11.352
mean:	4.097863636363637
median:	3.436
stdev:	3.144209300186078

App server times (milisec):
min:	0.043
max:	9.69325
mean:	3.6496666666666666
median:	3.2415
stdev:	2.4234857056685337
diff:	6.08675