Time-differences (millis):

0.013
0.006
0.007
0.006
0.008
0.022
0.013
0.108
0.017
0.083
0.023
0.012
0.03
0.061
0.032
0.056
0.013
0.08
0.019
0.065
0.014
0.073
0.012
0.044

0.035
5.3
0.545
5.042
6.984
2.82
8.318
6.078
0.793
0.009
4.105
1.98
3.031
1.994
5.859
0.031
1.774
4.885
3.165
1.021
9.039
1.214
10.689

0.06425
4.0045
2.04825
4.433
5.515
2.89125
8.22275
6.20175
0.68725
0.76225
3.40775
2.27775
2.75725
3.3615
4.91
1.24
2.268
2.66925
3.238
0.9335
9.09275
1.63275
4.49625
5.78625

Test:	CR2_n+_5
Requests:	25
Success:	13
Used:   	11

Local times (milisec):
min:	0.006
max:	0.108
mean:	0.034041666666666665
median:	0.020499999999999997
stdev:	0.02967282341260033

Web server times (milisec):
min:	0.009
max:	10.689
mean:	3.683086956521739
median:	3.031
stdev:	3.082694348559441

App server times (milisec):
min:	0.06425
max:	9.09275
mean:	3.45421875
median:	3.064625
stdev:	2.316721371840353
diff:	2.48225