1554293187028419.0
1554293187028475.0
1554293187028489.0
1554293187028499.0
1554293187028508.0
1554293187028519.0
1554293187028527.0
1554293187028533.0
1554293187028540.0
1554293187028547.0
1554293187028555.0
1554293187028561.0
1554293187028568.0
1554293187028574.0
1554293187028582.0
1554293187028591.0
1554293187028598.0
1554293187028605.0
1554293187028612.0
1554293187028619.0
1554293187028625.0
1554293187028632.0
1554293187028638.0
1554293187028644.0
1554293187028651.0

1554293192086224.0
1554293192086234.0
1554293192087558.0
1554293192090398.0
1554293192095367.0
1554293192100795.0
1554293192103686.0
1554293192104609.0
1554293192104706.0
1554293192113174.0
1554293192113284.0
1554293192119556.0
1554293192124302.0
1554293192124683.0
1554293192127108.0
1554293192148082.0
1554293192150296.0
1554293192150777.0
1554293192152839.0
1554293192155870.0
1554293192165276.0
1554293192180342.0

1554293192088400.8
1554293192089646.0
1554293192090792.5
1554293192092133.5
1554293192095818.2
1554293192101351.5
1554293192104187.2
1554293192106796.5
1554293192111294.2
1554293192120047.0
1554293192120170.2
1554293192124983.0
1554293192124983.2
1554293192125494.5
1554293192126258.8
1554293192127593.8
1554293192146876.8
1554293192148964.8
1554293192151345.0
1554293192152791.0
1554293192153644.0
1554293192156121.2
1554293192165648.8
1554293192180898.2
1554293192181529.0

25
13
9
