Time-differences (millis):

0.04
0.027
0.025
0.023
0.01
0.01
7.286
0.022
0.009
0.01
0.008
0.009
0.032
0.075
0.017
0.01
0.035
0.027
0.009
0.009
0.009
0.009
0.035
0.045

4.487
4.063
0.152
8.395
6.481
0.051
13.912
0.04
4.963
1.221
4.98
4.91
0.897
2.249
1.112
0.677
4.746
11.657
5.483
9.274
0.433
3.277

3.5985
3.002
1.49375
6.611
6.35275
0.73875
15.17675
1.92575
5.42825
1.8135
0.40025
4.5265
0.8835
2.36525
1.32625
0.66475
4.52675
11.67525
5.436
9.316
0.33
2.98325
0.29125
0.19825

Test:	CR2_n+_13
Requests:	25
Success:	14
Used:   	10

Local times (milisec):
min:	0.008
max:	7.286
mean:	0.324625
median:	0.0195
stdev:	1.4828542046982582

Web server times (milisec):
min:	0.04
max:	13.912
mean:	4.248181818181818
median:	4.275
stdev:	3.864684064415734

App server times (milisec):
min:	0.19825
max:	15.17675
mean:	3.79434375
median:	2.67425
stdev:	3.853670021531494
diff:	4.997