1554220179031553.0
1554220179031567.0
1554220179031574.0
1554220179031582.0
1554220179031592.0
1554220179031603.0
1554220179031629.0
1554220179031664.0
1554220179031765.0
1554220179031779.0
1554220179031853.0
1554220179031870.0
1554220179031888.0
1554220179031900.0
1554220179031934.0
1554220179031948.0
1554220179031962.0
1554220179031974.0
1554220179032004.0
1554220179032044.0
1554220179032084.0
1554220179032100.0
1554220179032127.0
1554220179032158.0
1554220179032925.0

1554220184137863.0
1554220184141595.0
1554220184142694.0
1554220184146813.0
1554220184147082.0
1554220184148470.0
1554220184151090.0
1554220184153964.0
1554220184159153.0
1554220184167225.0
1554220184172668.0
1554220184173137.0
1554220184184735.0
1554220184185141.0
1554220184192882.0
1554220184194587.0
1554220184196496.0
1554220184199875.0
1554220184205406.0
1554220184208400.0
1554220184212611.0
1554220184228465.0

1554220184140044.2
1554220184144777.5
1554220184147370.2
1554220184148742.8
1554220184148777.2
1554220184150065.0
1554220184154281.2
1554220184160264.2
1554220184161306.0
1554220184167518.5
1554220184173047.2
1554220184174553.2
1554220184185363.2
1554220184186036.2
1554220184193190.0
1554220184194893.2
1554220184196741.5
1554220184200142.2
1554220184205680.2
1554220184208686.2
1554220184212876.0
1554220184219267.2
1554220184222171.0
1554220184226338.5
1554220184228771.0

25
14
13
