\Success codes:
13
9
13
14
13
12
19
8
14
11
12
13
14
16
15

Vouchers used:
9
6
11
13
11
6
16
2
10
9
10
9
10
15
13

Ratio:
1.4444444444444444
1.5
1.1818181818181819
1.0769230769230769
1.1818181818181819
2.0
1.1875
4.0
1.4
1.2222222222222223
1.2
1.4444444444444444
1.4
1.0666666666666667
1.1538461538461537

Local:
0.021
0.01
0.01
0.01
0.01
0.047
0.029
0.048
0.012
0.01
0.01
0.009
0.011
0.01
0.01
0.01
0.01
0.01
0.01
0.01
0.01
0.011
0.01
4.159
0.014
0.007
0.008
0.009
0.009
0.01
0.009
0.01
0.011
0.127
0.044
0.048
0.035
0.034
0.013
0.022
0.049
0.009
0.02
0.023
0.045
0.014
0.01
0.999
0.337
0.014
0.01
0.01
0.009
0.009
0.009
0.01
0.009
0.011
0.009
0.009
0.009
0.009
0.009
0.01
0.008
0.01
0.008
0.009
0.009
0.009
0.009
0.009
0.014
0.007
0.008
0.01
0.011
0.026
0.035
0.101
0.014
0.074
0.017
0.018
0.012
0.034
0.014
0.014
0.012
0.03
0.04
0.04
0.016
0.027
0.031
0.767
0.013
0.006
0.007
0.006
0.008
0.022
0.013
0.108
0.017
0.083
0.023
0.012
0.03
0.061
0.032
0.056
0.013
0.08
0.019
0.065
0.014
0.073
0.012
0.044
0.013
0.007
0.007
0.007
0.009
0.012
0.009
0.01
0.011
0.01
0.016
0.027
0.024
0.013
0.01
0.009
0.01
0.009
0.01
0.009
0.008
0.01
0.009
0.009
0.017
0.009
0.009
0.009
0.008
0.009
0.009
0.009
0.009
0.008
0.009
0.009
0.008
0.009
0.008
0.009
0.009
0.013
0.01
0.009
0.009
0.01
0.011
0.01
0.07
0.017
0.011
0.009
0.011
0.011
0.025
0.027
0.01
0.009
0.009
0.008
0.008
0.008
0.009
0.009
0.008
0.008
0.009
0.029
0.011
0.01
0.01
0.008
0.019
0.009
0.008
0.01
0.451
0.014
0.01
0.011
0.009
0.01
0.009
0.009
0.01
0.009
0.01
0.008
0.01
0.011
0.01
0.034
0.012
0.01
0.009
0.912
0.016
0.009
0.009
0.009
0.009
0.01
0.01
0.01
0.009
0.009
0.009
0.01
0.009
0.008
0.01
0.025
0.015
0.009
0.009
0.008
0.008
0.008
0.008
0.008
0.018
0.01
0.009
0.01
0.009
0.01
0.01
0.01
0.01
0.009
0.01
0.01
0.01
0.016
0.009
0.009
0.01
0.009
0.009
0.01
0.009
0.009
0.011
0.01
0.056
0.014
0.01
0.009
0.011
0.008
0.006
0.007
0.007
0.008
0.006
0.007
0.006
0.008
0.009
0.007
0.007
0.007
0.007
0.006
0.007
0.006
0.006
0.007
0.04
0.027
0.025
0.023
0.01
0.01
7.286
0.022
0.009
0.01
0.008
0.009
0.032
0.075
0.017
0.01
0.035
0.027
0.009
0.009
0.009
0.009
0.035
0.045
0.108
0.043
0.014
0.097
0.033
0.014
0.065
0.024
0.013
0.03
0.01
0.018
0.012
0.042
0.008
0.008
0.009
0.015
0.052
0.011
0.016
0.017
0.039
0.018
0.015
0.008
0.009
0.009
0.008
0.012
0.081
0.083
0.01
0.027
0.056
0.007
0.019
0.011
0.056
0.022
0.027
0.019
0.02
0.041
0.018
0.02
0.01
0.027

Web:
8.408
0.087
0.152
4.445
0.055
2.032
1.686
3.086
2.79
3.458
2.062
3.234
2.856
0.468
1.116
0.495
0.305
3.88
24.052
8.323
2.557
11.035
3.519
0.132
0.19
6.092
0.569
0.896
2.305
1.986
1.973
0.858
16.003
2.468
0.341
15.646
1.648
6.209
22.413
5.407
0.014
4.052
2.324
5.671
2.176
12.44
0.055
1.485
13.85
0.074
1.507
5.322
4.536
1.941
0.221
0.926
3.609
2.41
1.693
3.242
8.715
3.732
1.099
4.119
0.269
1.388
2.62
2.874
5.189
8.072
5.443
0.469
11.598
0.406
7.741
1.705
1.909
3.379
5.531
2.994
4.211
15.854
0.035
5.3
0.545
5.042
6.984
2.82
8.318
6.078
0.793
0.009
4.105
1.98
3.031
1.994
5.859
0.031
1.774
4.885
3.165
1.021
9.039
1.214
10.689
3.233
0.059
0.079
1.238
0.688
9.24
7.456
2.38
0.07
2.728
3.305
1.698
3.644
4.048
11.037
3.091
4.404
5.944
6.509
1.814
0.133
5.623
5.212
0.786
1.097
3.829
4.029
0.871
1.713
9.891
3.146
6.509
10.132
1.164
16.666
0.26
0.048
4.493
1.252
4.154
11.34
0.008
3.648
0.037
7.468
0.084
1.138
2.196
3.694
1.397
4.369
10.289
0.049
2.458
4.979
9.611
7.523
7.833
0.68
1.542
0.291
9.959
6.515
0.47
0.756
14.04
0.091
3.596
0.074
1.547
3.018
0.044
2.676
18.037
0.127
0.036
1.189
0.455
9.924
5.842
4.744
1.889
2.231
5.641
4.415
3.859
13.064
5.03
4.821
0.126
4.124
0.637
4.148
1.062
1.545
1.937
7.662
6.495
2.126
11.352
4.034
5.436
5.421
0.039
2.285
1.805
7.231
2.543
8.108
2.838
9.199
0.028
2.052
7.293
7.673
0.125
1.766
0.817
5.292
6.946
3.655
4.187
1.057
5.181
0.672
6.976
9.505
0.249
1.77
2.899
5.603
2.796
10.159
8.598
0.01
1.324
2.84
4.969
5.428
2.891
0.923
0.097
8.468
0.11
6.272
4.746
0.381
2.425
20.974
2.214
0.481
2.062
3.031
9.406
15.066
4.487
4.063
0.152
8.395
6.481
0.051
13.912
0.04
4.963
1.221
4.98
4.91
0.897
2.249
1.112
0.677
4.746
11.657
5.483
9.274
0.433
3.277
0.018
3.994
5.741
0.062
0.5
3.789
0.045
6.937
1.94
1.256
4.262
17.815
2.43
2.013
5.952
0.655
3.82
1.065
1.206
3.21
0.372
8.233
4.827
8.992
5.073
4.962
5.193
8.563
0.004
11.142
0.074
0.248
4.713
0.074
2.72
0.935
0.058
2.928
0.027
4.304
3.813
3.988
13.258
0.008
3.126
1.261
0.635
4.528

App:
8.25275
0.0575
1.6885
3.42425
2.5715
3.17
1.47425
0.51325
3.25525
0.16975
1.409
3.1925
3.26
0.00025
1.33725
0.62675
4.05125
0.04525
23.8835
0.1895
8.2785
2.37125
11.162
3.0145
3.17275
0.09
2.33775
5.673
0.1725
1.935
2.0625
0.80125
1.941
2.081
12.04125
2.9275
0.4565
15.025
1.733
1.4335
4.6425
0.02325
5.5775
2.99925
1.2975
12.543
2.31025
8.169
5.565
0.0385
1.4395
2.61475
8.0355
0.8105
11.682
0.27325
0.6125
13.884
0.03475
2.93175
3.906
4.853
1.86175
0.00775
0.9075
3.68225
2.68925
1.443
3.1425
8.9995
4.63025
0.67925
4.73325
2.59275
1.3725
0.0345
1.28775
4.21625
5.983
1.04175
6.2125
5.52875
1.506
10.81
0.673
7.15375
1.70325
1.84825
3.40075
5.538
3.006
4.18975
6.39125
2.90375
4.1675
2.4325
0.06425
4.0045
2.04825
4.433
5.515
2.89125
8.22275
6.20175
0.68725
0.76225
3.40775
2.27775
2.75725
3.3615
4.91
1.24
2.268
2.66925
3.238
0.9335
9.09275
1.63275
4.49625
5.78625
3.73875
1.049
1.27475
0.14875
7.187
0.86475
9.83375
1.71525
1.22675
2.4085
0.703
0.23325
4.0075
3.69825
10.9775
0.0805
3.09825
7.571
2.9165
6.5475
1.6185
3.6885
0.52325
8.95525
0.174
6.45825
3.016
1.09175
2.54625
5.337
0.83325
3.58525
0.29275
7.77275
3.16575
6.759
0.18625
9.63575
0.02775
3.25025
14.85625
0.14225
0.542
3.77175
1.3095
4.162
11.32025
0.02825
3.7615
0.06
7.451
0.184
1.05775
1.7275
1.93825
1.6555
4.23275
12.677
1.86025
3.1895
9.5705
0.9635
6.82225
8.1625
0.083
2.62575
2.11125
7.0365
6.73925
0.1865
0.6565
14.4615
0.002
5.3435
3.00075
0.4725
3.28675
0.202
4.62475
10.484
0.07825
0.863
0.2785
0.82075
9.7005
6.031
5.0745
2.1
1.6295
5.6755
4.2405
1.86925
2.035
13.20275
5.95975
4.08175
0.043
1.731
2.58125
2.433
1.978
4.653
7.318
4.9155
9.69325
3.5785
3.93425
5.4315
1.96525
3.6745
2.49075
1.66925
0.13375
1.566
5.40125
3.026
7.48475
3.457
6.8125
1.62075
2.05825
0.3105
7.56425
4.67125
0.01475
1.9115
3.7435
2.2745
7.0335
3.70525
3.91275
1.09975
5.61775
0.2605
6.9905
9.8035
0.1255
1.5045
2.99975
5.6515
2.7415
1.04975
9.48625
10.265
1.24525
1.1465
1.341
3.68475
5.53325
2.83575
2.60925
4.49775
8.75275
0.12325
4.81275
0.00025
0.51125
0.76425
1.335
19.283
2.088
2.38025
1.446
0.853
2.47725
9.5275
15.2495
0.63075
3.5985
3.002
1.49375
6.611
6.35275
0.73875
15.17675
1.92575
5.42825
1.8135
0.40025
4.5265
0.8835
2.36525
1.32625
0.66475
4.52675
11.67525
5.436
9.316
0.33
2.98325
0.29125
0.19825
4.75125
1.085
3.03375
0.6365
1.91675
0.07075
7.18375
1.83775
1.454
2.9845
0.96325
17.908
2.3045
2.086
5.9475
0.531
4.1045
1.015
1.105
3.436
0.821
7.51675
4.85775
8.93675
5.594
3.356
4.82375
8.704
1.734
12.01775
0.66975
2.47525
1.72
1.52025
1.389
0.86325
1.30475
1.32875
1.9605
1.76075
3.08575
2.7385
13.2535
1.10775
1.9785
1.67525
1.5165
3.22425

Diff:
5.69225
14.52725
4.55275
7.02025
2.48225
8.84375
1.82
2.03475
3.2225
6.08675
2.58525
5.45775
4.997
1.8615
2.35875