Time-differences (millis):

0.108
0.043
0.014
0.097
0.033
0.014
0.065
0.024
0.013
0.03
0.01
0.018
0.012
0.042
0.008
0.008
0.009
0.015
0.052
0.011
0.016
0.017
0.039
0.018

0.018
3.994
5.741
0.062
0.5
3.789
0.045
6.937
1.94
1.256
4.262
17.815
2.43
2.013
5.952
0.655
3.82
1.065
1.206
3.21
0.372
8.233
4.827
8.992

4.75125
1.085
3.03375
0.6365
1.91675
0.07075
7.18375
1.83775
1.454
2.9845
0.96325
17.908
2.3045
2.086
5.9475
0.531
4.1045
1.015
1.105
3.436
0.821
7.51675
4.85775
8.93675

Test:	CR2_n+_14
Requests:	25
Success:	16
Used:   	15

Local times (milisec):
min:	0.008
max:	0.108
mean:	0.029833333333333333
median:	0.0175
stdev:	0.02710152677660778

Web server times (milisec):
min:	0.018
max:	17.815
mean:	3.713916666666667
median:	2.8200000000000003
stdev:	3.9938201274149705

App server times (milisec):
min:	0.07075
max:	17.908
mean:	3.603625
median:	2.1952499999999997
stdev:	3.90017703332866
diff:	1.8615