Time-differences (millis):

0.337
0.014
0.01
0.01
0.009
0.009
0.009
0.01
0.009
0.011
0.009
0.009
0.009
0.009
0.009
0.01
0.008
0.01
0.008
0.009
0.009
0.009
0.009
0.009

5.407
0.014
4.052
2.324
5.671
2.176
12.44
0.055
1.485
13.85
0.074
1.507
5.322
4.536
1.941
0.221
0.926
3.609
2.41
1.693
3.242
8.715

5.565
0.0385
1.4395
2.61475
8.0355
0.8105
11.682
0.27325
0.6125
13.884
0.03475
2.93175
3.906
4.853
1.86175
0.00775
0.9075
3.68225
2.68925
1.443
3.1425
8.9995
4.63025
0.67925

Test:	CR2_n+_3
Requests:	25
Success:	13
Used:   	11

Local times (milisec):
min:	0.008
max:	0.337
mean:	0.023083333333333334
median:	0.009
stdev:	0.06687426012051773

Web server times (milisec):
min:	0.014
max:	13.85
mean:	3.7122727272727274
median:	2.367
stdev:	3.7642687291072967

App server times (milisec):
min:	0.00775
max:	13.884
mean:	3.5301666666666667
median:	2.652
stdev:	3.7476673235165396
diff:	4.55275