1554293278027250.0
1554293278027358.0
1554293278027401.0
1554293278027415.0
1554293278027512.0
1554293278027545.0
1554293278027559.0
1554293278027624.0
1554293278027648.0
1554293278027661.0
1554293278027691.0
1554293278027701.0
1554293278027719.0
1554293278027731.0
1554293278027773.0
1554293278027781.0
1554293278027789.0
1554293278027798.0
1554293278027813.0
1554293278027865.0
1554293278027876.0
1554293278027892.0
1554293278027909.0
1554293278027948.0
1554293278027966.0

1554293283088831.0
1554293283088849.0
1554293283092843.0
1554293283098584.0
1554293283098646.0
1554293283099146.0
1554293283102935.0
1554293283102980.0
1554293283109917.0
1554293283111857.0
1554293283113113.0
1554293283117375.0
1554293283135190.0
1554293283137620.0
1554293283139633.0
1554293283145585.0
1554293283146240.0
1554293283150060.0
1554293283151125.0
1554293283152331.0
1554293283155541.0
1554293283155913.0
1554293283164146.0
1554293283168973.0
1554293283177965.0

1554293283091808.0
1554293283096559.2
1554293283097644.2
1554293283100678.0
1554293283101314.5
1554293283103231.2
1554293283103302.0
1554293283110485.8
1554293283112323.5
1554293283113777.5
1554293283116762.0
1554293283117725.2
1554293283135633.2
1554293283137937.8
1554293283140023.8
1554293283145971.2
1554293283146502.2
1554293283150606.8
1554293283151621.8
1554293283152726.8
1554293283156162.8
1554293283156983.8
1554293283164500.5
1554293283169358.2
1554293283178295.0

25
16
15
