Time-differences (millis):

0.017
0.009
0.009
0.009
0.008
0.009
0.009
0.009
0.009
0.008
0.009
0.009
0.008
0.009
0.008
0.009
0.009
0.013
0.01
0.009
0.009
0.01
0.011
0.01

0.133
5.623
5.212
0.786
1.097
3.829
4.029
0.871
1.713
9.891
3.146
6.509
10.132
1.164
16.666
0.26
0.048
4.493
1.252
4.154
11.34
0.008

0.174
6.45825
3.016
1.09175
2.54625
5.337
0.83325
3.58525
0.29275
7.77275
3.16575
6.759
0.18625
9.63575
0.02775
3.25025
14.85625
0.14225
0.542
3.77175
1.3095
4.162
11.32025
0.02825

Test:	CR2_n+_7
Requests:	25
Success:	19
Used:   	16

Local times (milisec):
min:	0.008
max:	0.017
mean:	0.009541666666666667
median:	0.009
stdev:	0.0019105921382756134

Web server times (milisec):
min:	0.008
max:	16.666
mean:	4.198
median:	3.4875
stdev:	4.402588859599164

App server times (milisec):
min:	0.02775
max:	14.85625
mean:	3.7610104166666667
median:	3.090875
stdev:	3.9735361253624824
diff:	1.82