1554220369025505.0
1554220369025522.0
1554220369025531.0
1554220369025540.0
1554220369025549.0
1554220369025557.0
1554220369025566.0
1554220369025575.0
1554220369025584.0
1554220369025593.0
1554220369025601.0
1554220369025610.0
1554220369025619.0
1554220369025627.0
1554220369025636.0
1554220369025644.0
1554220369025653.0
1554220369025662.0
1554220369025675.0
1554220369025685.0
1554220369025694.0
1554220369025703.0
1554220369025713.0
1554220369025724.0
1554220369025734.0

1554220374137797.0
1554220374137930.0
1554220374143553.0
1554220374148765.0
1554220374149551.0
1554220374150648.0
1554220374154477.0
1554220374158506.0
1554220374159377.0
1554220374161090.0
1554220374170981.0
1554220374174127.0
1554220374180636.0
1554220374190768.0
1554220374191932.0
1554220374208598.0
1554220374208858.0
1554220374208906.0
1554220374213399.0
1554220374214651.0
1554220374218805.0
1554220374230145.0
1554220374230153.0

1554220374140225.2
1554220374140399.2
1554220374146857.5
1554220374149873.5
1554220374150965.2
1554220374153511.5
1554220374158848.5
1554220374159681.8
1554220374163267.0
1554220374163559.8
1554220374171332.5
1554220374174498.2
1554220374181257.2
1554220374181443.5
1554220374191079.2
1554220374191107.0
1554220374194357.2
1554220374209213.5
1554220374209355.8
1554220374209897.8
1554220374213669.5
1554220374214979.0
1554220374219141.0
1554220374230461.2
1554220374230489.5

25
19
16
