Time-differences (millis):

0.07
0.017
0.011
0.009
0.011
0.011
0.025
0.027
0.01
0.009
0.009
0.008
0.008
0.008
0.009
0.009
0.008
0.008
0.009
0.029
0.011
0.01
0.01
0.008

3.648
0.037
7.468
0.084
1.138
2.196
3.694
1.397
4.369
10.289
0.049
2.458
4.979
9.611
7.523
7.833
0.68
1.542
0.291
9.959
6.515
0.47
0.756
14.04

3.7615
0.06
7.451
0.184
1.05775
1.7275
1.93825
1.6555
4.23275
12.677
1.86025
3.1895
9.5705
0.9635
6.82225
8.1625
0.083
2.62575
2.11125
7.0365
6.73925
0.1865
0.6565
14.4615

Test:	CR2_n+_8
Requests:	25
Success:	8
Used:   	2

Local times (milisec):
min:	0.008
max:	0.07
mean:	0.014333333333333333
median:	0.0095
stdev:	0.013363371960135194

Web server times (milisec):
min:	0.037
max:	14.04
mean:	4.209416666666667
median:	3.053
stdev:	4.033104014621198

App server times (milisec):
min:	0.06
max:	14.4615
mean:	4.133916666666667
median:	2.3685
stdev:	4.086029057672611
diff:	2.03475