Time-differences (millis):

0.021
0.01
0.01
0.01
0.01
0.047
0.029
0.048
0.012
0.01
0.01
0.009
0.011
0.01
0.01
0.01
0.01
0.01
0.01
0.01
0.01
0.011
0.01
4.159

8.408
0.087
0.152
4.445
0.055
2.032
1.686
3.086
2.79
3.458
2.062
3.234
2.856
0.468
1.116
0.495
0.305
3.88
24.052
8.323
2.557
11.035

8.25275
0.0575
1.6885
3.42425
2.5715
3.17
1.47425
0.51325
3.25525
0.16975
1.409
3.1925
3.26
0.00025
1.33725
0.62675
4.05125
0.04525
23.8835
0.1895
8.2785
2.37125
11.162
3.0145

Test:	CR2_n+_1
Requests:	25
Success:	13
Used:   	9

Local times (milisec):
min:	0.009
max:	4.159
mean:	0.18737499999999999
median:	0.01
stdev:	0.8460244015650366

Web server times (milisec):
min:	0.055
max:	24.052
mean:	3.9355454545454545
median:	2.6734999999999998
stdev:	5.353149689021744

App server times (milisec):
min:	0.00025
max:	23.8835
mean:	3.6416041666666668
median:	2.471375
stdev:	5.166079903056523
diff:	5.69225