1554220579034787.0
1554220579034857.0
1554220579034874.0
1554220579034885.0
1554220579034894.0
1554220579034905.0
1554220579034916.0
1554220579034941.0
1554220579034968.0
1554220579034978.0
1554220579034987.0
1554220579034996.0
1554220579035004.0
1554220579035012.0
1554220579035020.0
1554220579035029.0
1554220579035038.0
1554220579035046.0
1554220579035054.0
1554220579035063.0
1554220579035092.0
1554220579035103.0
1554220579035113.0
1554220579035123.0
1554220579035131.0

1554220584136869.0
1554220584140517.0
1554220584140554.0
1554220584148022.0
1554220584148106.0
1554220584149244.0
1554220584151440.0
1554220584155134.0
1554220584156531.0
1554220584160900.0
1554220584171189.0
1554220584171238.0
1554220584173696.0
1554220584178675.0
1554220584188286.0
1554220584195809.0
1554220584203642.0
1554220584204322.0
1554220584205864.0
1554220584206155.0
1554220584216114.0
1554220584222629.0
1554220584223099.0
1554220584223855.0
1554220584237895.0

1554220584139260.2
1554220584143021.8
1554220584143081.8
1554220584150532.8
1554220584150716.8
1554220584151774.5
1554220584153502.0
1554220584155440.2
1554220584157095.8
1554220584161328.5
1554220584174005.5
1554220584175865.8
1554220584179055.2
1554220584188625.8
1554220584189589.2
1554220584196411.5
1554220584204574.0
1554220584204657.0
1554220584207282.8
1554220584209394.0
1554220584216430.5
1554220584223169.8
1554220584223356.2
1554220584224012.8
1554220584238474.2

25
8
2
