1554219942083527.0
1554219942083548.0
1554219942083558.0
1554219942083568.0
1554219942083578.0
1554219942083588.0
1554219942083635.0
1554219942083664.0
1554219942083712.0
1554219942083724.0
1554219942083734.0
1554219942083744.0
1554219942083753.0
1554219942083764.0
1554219942083774.0
1554219942083784.0
1554219942083794.0
1554219942083804.0
1554219942083814.0
1554219942083824.0
1554219942083834.0
1554219942083844.0
1554219942083855.0
1554219942083865.0
1554219942088024.0

1554219947152543.0
1554219947160951.0
1554219947161038.0
1554219947161190.0
1554219947165635.0
1554219947165690.0
1554219947167722.0
1554219947169408.0
1554219947172494.0
1554219947175284.0
1554219947178742.0
1554219947180804.0
1554219947184038.0
1554219947186894.0
1554219947187362.0
1554219947188478.0
1554219947188973.0
1554219947189278.0
1554219947193158.0
1554219947217210.0
1554219947225533.0
1554219947228090.0
1554219947239125.0

1554219947155148.5
1554219947163401.2
1554219947163458.8
1554219947165147.2
1554219947168571.5
1554219947171143.0
1554219947174313.0
1554219947175787.2
1554219947176300.5
1554219947179555.8
1554219947179725.5
1554219947181134.5
1554219947184327.0
1554219947187587.0
1554219947187587.2
1554219947188924.5
1554219947189551.2
1554219947193602.5
1554219947193647.8
1554219947217531.2
1554219947217720.8
1554219947225999.2
1554219947228370.5
1554219947239532.5
1554219947242547.0

25
13
9
