1554284320115777.0
1554284320115778.0
1554284320115792.0
1554284320116381.0
1554284320116395.0
1554284320116442.0
1554284320116489.0
1554284320116646.0
1554284320116713.0
1554284320116742.0
1554284320116864.0
1554284320116965.0
1554284320116991.0
1554284320117105.0
1554284320117157.0
1554284320117416.0
1554284320117745.0
1554284320118036.0
1554284320118446.0
1554284320118637.0
1554284320119190.0
1554284320119450.0
1554284320119505.0
1554284320119678.0
1554284320119697.0
1554284325126249.0

1554284320204451.0
1554284320214073.0
1554284320214098.0
1554284320216909.0
1554284320219227.0
1554284320236812.0
1554284320236876.0
1554284320237404.0
1554284320247541.0
1554284320247581.0
1554284320250037.0
1554284320252179.0
1554284320253315.0
1554284320253432.0
1554284320254421.0
1554284320257582.0
1554284320262598.0
1554284320270434.0
1554284320276569.0
1554284320280362.0
1554284320281057.0
1554284320282223.0
1554284320283066.0
1554284320284881.0
1554284325242211.0

1554284320206824.0
1554284320221626.5
1554284320223662.8
1554284320228744.2
1554284320240112.2
1554284320244844.8
1554284320249691.8
1554284320250446.8
1554284320250677.5
1554284320253788.2
1554284320254756.2
1554284320257867.5
1554284320258018.0
1554284320258191.0
1554284320258407.8
1554284320263057.5
1554284320263604.0
1554284320276917.2
1554284320280734.5
1554284320281401.8
1554284320282627.2
1554284320283817.5
1554284320285155.8
1554284320288571.8
1554284320292105.2
1554284325242615.2

25
14
10
