1554317291822518.0
1554317291822519.0
1554317291822520.0
1554317291822849.0
1554317291823644.0
1554317291823646.0
1554317291823777.0
1554317291823934.0
1554317291823981.0
1554317291824115.0
1554317291824507.0
1554317291824787.0
1554317291826616.0
1554317291828073.0
1554317291828074.0
1554317291828208.0
1554317291828227.0
1554317291828230.0
1554317291828362.0
1554317291828403.0
1554317291828493.0
1554317291828540.0
1554317291828585.0
1554317291832607.0
1554317291832608.0
1554317296837233.0

1554317292039026.0
1554317292048584.0
1554317292054150.0
1554317292063465.0
1554317292066294.0
1554317292079428.0
1554317292081194.0
1554317292083054.0
1554317292089060.0
1554317292094663.0
1554317292094732.0
1554317292094784.0
1554317292097981.0
1554317292099317.0
1554317292107091.0
1554317292112208.0
1554317292117415.0
1554317292118036.0
1554317292118106.0
1554317292130957.0
1554317292133947.0
1554317292139837.0
1554317292148716.0
1554317292152375.0
1554317292163595.0

1554317292041393.2
1554317292051033.2
1554317292054679.5
1554317292064596.2
1554317292071082.0
1554317292080067.8
1554317292085572.2
1554317292089512.8
1554317292091601.0
1554317292095109.5
1554317292095124.8
1554317292096668.5
1554317292098712.2
1554317292100901.5
1554317292107521.0
1554317292117780.2
1554317292119002.0
1554317292119002.0
1554317292125588.2
1554317292133502.2
1554317292134264.8
1554317292140087.2
1554317292149060.5
1554317292152735.8
1554317292164048.5
1554317297053220.0
1554317302111329.0

25
14
12
