Time-differences (millis):

0.069
1.125
0.014
1.37
0.001
0.001
0.216
0.004
0.164
0.183
0.038
0.044
0.019
0.773
0.027
0.025
0.116
0.044
0.26
0.065
0.504
0.084
0.172
0.226

22.908
0.501
6.199
0.022
9.158
9.287
1.043
1.86
5.998
1.177
0.079
6.877
0.057
1.319
0.108
4.045
0.023
13.941
3.041
2.294
5.582
8.575
2.942
10.963

22.79225
0.054
4.69875
2.1745
7.01475
10.082
3.00375
5.1795
6.50725
1.69575
0.5585
0.57925
0.00575
4.155
2.82975
6.82725
1.0445
3.1215
6.57075
12.16725
4.7145
0.84725
7.2975
1.86425

Test:	TI2_n_1
Requests:	25
Success:	15
Used:   	12

Local times (milisec):
min:	0.001
max:	1.37
mean:	0.231
median:	0.07650000000000001
stdev:	0.3614854618521121

Web server times (milisec):
min:	0.022
max:	22.908
mean:	4.916625
median:	2.9915000000000003
stdev:	5.529113104542725

App server times (milisec):
min:	0.00575
max:	22.79225
mean:	4.824395833333333
median:	3.63825
stdev:	4.995125131672763
diff:	5.11275