1554284070375951.0
1554284070376020.0
1554284070377145.0
1554284070377159.0
1554284070378529.0
1554284070378530.0
1554284070378531.0
1554284070378747.0
1554284070378751.0
1554284070378915.0
1554284070379098.0
1554284070379136.0
1554284070379180.0
1554284070379199.0
1554284070379972.0
1554284070379999.0
1554284070380024.0
1554284070380140.0
1554284070380184.0
1554284070380444.0
1554284070380509.0
1554284070381013.0
1554284070381097.0
1554284070381269.0
1554284070381495.0

1554284070465564.0
1554284070488472.0
1554284070488973.0
1554284070495172.0
1554284070495194.0
1554284070504352.0
1554284070513639.0
1554284070514682.0
1554284070516542.0
1554284070522540.0
1554284070523717.0
1554284070523796.0
1554284070530673.0
1554284070530730.0
1554284070532049.0
1554284070532157.0
1554284070536202.0
1554284070536225.0
1554284070550166.0
1554284070553207.0
1554284070555501.0
1554284070561083.0
1554284070569658.0
1554284070572600.0
1554284070583563.0

1554284070468170.5
1554284070490962.8
1554284070491016.8
1554284070495715.5
1554284070497890.0
1554284070504904.8
1554284070514986.8
1554284070517990.5
1554284070523170.0
1554284070529677.2
1554284070531373.0
1554284070531931.5
1554284070532510.8
1554284070532516.5
1554284070536671.5
1554284070539501.2
1554284070546328.5
1554284070547373.0
1554284070550494.5
1554284070557065.2
1554284070569232.5
1554284070573947.0
1554284070574794.2
1554284070582091.8
1554284070583956.0

25
15
12
