1554317319428866.0
1554317319428867.0
1554317319429270.0
1554317319429408.0
1554317319429534.0
1554317319431469.0
1554317319431470.0
1554317319431624.0
1554317319437129.0
1554317319437130.0
1554317319437272.0
1554317319437312.0
1554317319437423.0
1554317319437555.0
1554317319437704.0
1554317319437757.0
1554317319437958.0
1554317319438169.0
1554317319438478.0
1554317319438741.0
1554317319439102.0
1554317319439103.0
1554317319439260.0
1554317319439272.0
1554317319439364.0
1554317324446496.0

1554317319655468.0
1554317319658927.0
1554317319666615.0
1554317319677083.0
1554317319691707.0
1554317319691884.0
1554317319694306.0
1554317319697019.0
1554317319699856.0
1554317319704394.0
1554317319707284.0
1554317319710332.0
1554317319712756.0
1554317319712838.0
1554317319712852.0
1554317319712876.0
1554317319714120.0
1554317319715474.0
1554317319719081.0
1554317319730970.0
1554317319731133.0
1554317319731798.0
1554317319732771.0
1554317319740862.0
1554317319740991.0
1554317324697131.0

1554317319658629.8
1554317319662684.2
1554317319669224.2
1554317319677472.0
1554317319692226.0
1554317319694677.2
1554317319698517.2
1554317319700151.0
1554317319703288.5
1554317319707585.2
1554317319708325.0
1554317319711305.5
1554317319713204.2
1554317319713204.2
1554317319713760.8
1554317319716975.5
1554317319716978.0
1554317319719417.0
1554317319719456.0
1554317319731331.5
1554317319731430.2
1554317319733139.0
1554317319734059.0
1554317319741350.0
1554317319741475.5
1554317324697669.8

25
18
14
