Time-differences (millis):

0.002
0.358
0.033
0.303
0.067
0.044
0.087
0.729
0.001
0.037
0.175
0.045
0.052
1.672
0.933
0.001
0.001
0.156
0.048
1.873
0.002
0.013
0.189
0.015

0.136
20.558
0.15
3.51
6.042
3.14
0.746
0.983
2.476
3.187
1.542
0.184
1.551
7.924
7.199
1.404
10.713
3.304
1.562
11.946
3.255
4.489
7.314
0.227

0.54925
18.34075
1.777
1.787
7.99275
3.26125
5.23425
1.896
1.8735
3.38775
5.5345
5.7555
1.29675
1.9785
8.104
2.125
1.823
1.55825
12.4305
0.18425
2.8335
4.8115
7.28075
0.92425

Test:	TI2_n_2
Requests:	25
Success:	15
Used:   	8

Local times (milisec):
min:	0.001
max:	1.873
mean:	0.2848333333333333
median:	0.05
stdev:	0.5146998844127447

Web server times (milisec):
min:	0.136
max:	20.558
mean:	4.31425
median:	3.1635
stdev:	4.7957849722438555

App server times (milisec):
min:	0.18425
max:	18.34075
mean:	4.280822916666667
median:	2.47925
stdev:	4.21494520664213
diff:	5.94675