Time-differences (millis):

0.001
0.003
0.224
0.495
0.011
0.034
0.011
0.086
0.05
0.046
0.08
0.345
0.043
0.009
2.361
0.637
0.004
0.031
0.008
1.695
0.007
0.061
0.035
2.54

4.239
7.351
16.994
0.111
2.349
1.9
0.522
0.032
1.309
1.397
10.161
3.223
0.931
3.293
12.421
3.735
14.435
12.265
18.418
2.156
1.214
19.629
23.896
17.063

4.3305
7.1565
17.86425
0.96725
1.951
1.549
9.9755
3.32725
0.835
0.021
3.2515
6.69875
15.10375
6.265
2.48225
1.249
8.19175
2.7945
18.5745
14.96325
8.11675
29.2845
9.08175
2.474

Test:	TI2_n_3
Requests:	25
Success:	11
Used:   	10

Local times (milisec):
min:	0.001
max:	2.54
mean:	0.367375
median:	0.0445
stdev:	0.7374333168084627

Web server times (milisec):
min:	0.032
max:	23.896
mean:	7.460166666666667
median:	3.5140000000000002
stdev:	7.469839225711021

App server times (milisec):
min:	0.021
max:	29.2845
mean:	7.354520833333333
median:	5.29775
stdev:	7.210538276248366
diff:	11.30325