1554284347764737.0
1554284347767317.0
1554284347767361.0
1554284347767372.0
1554284347767388.0
1554284347767591.0
1554284347767596.0
1554284347767956.0
1554284347768278.0
1554284347768343.0
1554284347769584.0
1554284347769715.0
1554284347769726.0
1554284347769727.0
1554284347769778.0
1554284347769829.0
1554284347772138.0
1554284347772305.0
1554284347772306.0
1554284347772335.0
1554284347772336.0
1554284347772749.0
1554284347772904.0
1554284347773010.0
1554284347774350.0
1554284352800184.0

1554284347892184.0
1554284347892187.0
1554284347892331.0
1554284347898424.0
1554284347899194.0
1554284347909441.0
1554284347917262.0
1554284347921726.0
1554284347922784.0
1554284347923099.0
1554284347933896.0
1554284347936212.0
1554284347938168.0
1554284347950756.0
1554284347952633.0
1554284347956640.0
1554284347970275.0
1554284347976341.0
1554284347994779.0
1554284348001415.0
1554284348002412.0
1554284348005050.0
1554284348022294.0
1554284348025965.0
1554284352927268.0

1554284347894328.8
1554284347894343.5
1554284347897593.2
1554284347901715.0
1554284347905185.2
1554284347910954.2
1554284347919698.0
1554284347923485.8
1554284347924643.8
1554284347935255.2
1554284347935724.8
1554284347938119.2
1554284347939119.5
1554284347953017.2
1554284347953867.2
1554284347957078.8
1554284347970732.0
1554284347976977.8
1554284347995414.8
1554284348001928.5
1554284348002862.2
1554284348005369.0
1554284348021462.8
1554284348023427.2
1554284348026625.0
1554284352927672.8

25
14
11
