Time-differences (millis):

0.455
0.326
0.499
0.0
0.009
0.001
2.996
0.002
0.014
0.204
0.057
0.036
0.241
3.094
0.002
0.0
0.124
0.012
0.051
0.001
1.693
0.001
0.063
0.084
5005.909
4.793
1.333
1.406

8.76
16.518
1.178
1.888
0.774
5.451
0.672
12.698
3.258
1.977
1.846
3.382
9.939
0.115
0.343
7.043
1.281
25.236

8.7305
16.31025
3.67675
1.0945
2.77125
0.7325
0.12575
12.47125
3.57025
1.75975
0.80875
1.049
8.384
5.43725
2.409
4.64625
1.344
4.12675
5.14675
17.01725
3.3595
14.989
16.83475
12.12325
4865.865
22.065
37.294
12.92725

Test:	TI2_n_13
Requests:	25
Success:	8
Used:   	8

Local times (milisec):
min:	0.0
max:	5005.909
mean:	179.40735714285714
median:	0.07350000000000001
stdev:	945.9061452075587

Web server times (milisec):
min:	0.115
max:	25.236
mean:	5.6866111111111115
median:	2.6175
stdev:	6.777321283593228

App server times (milisec):
min:	0.12575
max:	4865.865
mean:	181.68105357142858
median:	4.8965
stdev:	918.0520781937118
diff:	705.201