Time-differences (millis):

0.002
1.372
1.987
0.001
0.001
0.331
2.059
0.645
0.157
0.264
0.286
0.002
0.185
0.154
0.073
0.059
0.712
0.184
0.001
0.111
0.195
0.141
0.015
0.136
5004.546

4.834
1.01
10.696
5.838
3.705
3.865
0.054
0.174
1.955
0.147
3.873
0.115
19.537
0.079
1.257
0.045
7.453
0.053
0.536
0.866
12.654
1.515
2.759
0.15

6.63375
0.0805
10.24175
8.9435
2.1815
2.528
1.10675
0.3425
2.027
0.1965
0.99925
5.48
12.96775
0.071
3.011
6.29375
1.337
1.24225
0.4975
7.745
2.83125
1.69525
3.379
1.36075
4906.89
5079.8065

Test:	TI2_n_6
Requests:	25
Success:	13
Used:   	8

Local times (milisec):
min:	0.001
max:	5004.546
mean:	200.54476000000003
median:	0.157
stdev:	1000.8337589917336

Web server times (milisec):
min:	0.045
max:	19.537
mean:	3.4654166666666666
median:	1.386
stdev:	4.855004221702966

App server times (milisec):
min:	0.071
max:	5079.8065
mean:	387.3034230769231
median:	2.35475
stdev:	1356.2076861332
diff:	557.89075