1554284261261036.0
1554284261261037.0
1554284261261038.0
1554284261261159.0
1554284261261172.0
1554284261261205.0
1554284261261246.0
1554284261261284.0
1554284261262027.0
1554284261262028.0
1554284261262070.0
1554284261262170.0
1554284261262171.0
1554284261262186.0
1554284261262258.0
1554284261262290.0
1554284261262291.0
1554284261262373.0
1554284261264697.0
1554284261264883.0
1554284261264890.0
1554284261266430.0
1554284261266585.0
1554284261266641.0
1554284261267483.0

1554284261367375.0
1554284261373116.0
1554284261375941.0
1554284261377071.0
1554284261381674.0
1554284261386827.0
1554284261391074.0
1554284261391182.0
1554284261391230.0
1554284261404322.0
1554284261409495.0
1554284261417752.0
1554284261424148.0
1554284261426209.0
1554284261443400.0
1554284261449947.0
1554284261451051.0
1554284261451379.0
1554284261479205.0
1554284261479993.0
1554284261487556.0
1554284261491412.0
1554284261498948.0
1554284261512069.0
1554284261521182.0

1554284261371083.8
1554284261379613.8
1554284261382546.8
1554284261384901.5
1554284261389005.2
1554284261394851.8
1554284261395272.2
1554284261402270.0
1554284261404902.5
1554284261405283.5
1554284261410745.8
1554284261424589.2
1554284261426593.0
1554284261436992.5
1554284261444707.2
1554284261452025.0
1554284261452380.5
1554284261485572.5
1554284261486743.5
1554284261491750.8
1554284261497918.8
1554284261510928.2
1554284261512493.5
1554284261520023.2
1554284261521628.2

25
14
7
