1554317197340864.0
1554317197340970.0
1554317197342573.0
1554317197342574.0
1554317197343739.0
1554317197343740.0
1554317197343749.0
1554317197343793.0
1554317197343901.0
1554317197343919.0
1554317197343959.0
1554317197344014.0
1554317197344015.0
1554317197344128.0
1554317197344167.0
1554317197344279.0
1554317197344280.0
1554317197344345.0
1554317197344392.0
1554317197344426.0
1554317197344433.0
1554317197344522.0
1554317197344531.0
1554317197344596.0
1554317197344659.0
1554317202349070.0

1554317197563461.0
1554317197572459.0
1554317197588637.0
1554317197590146.0
1554317197591608.0
1554317197597379.0
1554317197597823.0
1554317197605674.0
1554317197607484.0
1554317197608855.0
1554317197609167.0
1554317197621621.0
1554317197622607.0
1554317197625119.0
1554317197626309.0
1554317197630386.0
1554317197636950.0
1554317197641665.0
1554317197658872.0
1554317197660501.0
1554317197666191.0
1554317197667373.0
1554317197668653.0
1554317197673862.0
1554317197677673.0
1554317207628803.0

1554317197566288.5
1554317197574871.8
1554317197589248.2
1554317197592322.2
1554317197600130.8
1554317197602233.2
1554317197606105.8
1554317197606288.5
1554317197610459.0
1554317197615895.0
1554317197621977.2
1554317197623236.2
1554317197626713.5
1554317197632154.2
1554317197632582.5
1554317197637639.2
1554317197643144.0
1554317197656337.2
1554317197659519.0
1554317197660969.2
1554317197668271.5
1554317197670067.2
1554317197675584.2
1554317197679581.8
1554317197691128.0
1554317202570946.8
1554317207629188.8

25
12
9
