Time-differences (millis):

0.001
0.001
0.113
0.283
0.007
0.042
0.057
0.085
0.006
0.097
0.044
1.133
0.268
0.105
0.064
0.012
0.067
0.073
0.053
0.041
0.105
0.009
0.036
0.186
5015.162

4.462
0.12
3.148
0.918
0.814
2.294
16.502
0.037
5.28
1.425
1.513
0.085
0.155
2.604
21.458
4.564
4.419
11.727
1.021
17.008
17.45
35.974
1.339

4.153
0.2265
3.58125
0.39675
3.92075
1.3955
18.24
3.02475
2.599
0.618
1.78825
8.542
10.6985
4.72675
0.26525
4.6785
5.3975
5.447
1.1055
16.939
17.39625
36.3665
1.4635
2.48275
4844.36425
5057.94025

Test:	TI2_n_4
Requests:	25
Success:	11
Used:   	9

Local times (milisec):
min:	0.001
max:	5015.162
mean:	200.722
median:	0.064
stdev:	1003.0083582809768

Web server times (milisec):
min:	0.037
max:	35.974
mean:	6.709434782608695
median:	2.604
stdev:	9.149301616795611

App server times (milisec):
min:	0.2265
max:	5057.94025
mean:	386.8368173076923
median:	4.036875
stdev:	1344.0613925678963
diff:	563.1345