Time-differences (millis):

0.001
0.569
0.068
0.002
0.311
0.004
4.318
0.001
0.001
0.001
0.074
0.542
0.048
0.048
0.007
1.56
0.001
0.177
0.013
0.116
0.014
1.438
0.041
0.277
5015.135
0.015

12.392
7.623
4.389
14.281
0.134
2.872
5.02
0.628
2.486
0.798
4.295
0.195
7.336
1.36
2.574
5.6
2.646
1.8
3.807
1.109
0.815
5.525
6.771
0.169
5003.142
4969.785

14.28575
6.579
4.30275
12.89475
0.28675
7.49475
1.9365
5.6225
0.02475
0.62325
1.5095
2.68375
3.0105
4.48025
6.073
0.50325
2.539
11.48325
2.904
0.74075
1.83575
0.998
0.2715
15.899
4912.6535
74.53575
4969.94125

Test:	TI2_n_5
Requests:	25
Success:	14
Used:   	10

Local times (milisec):
min:	0.001
max:	5015.135
mean:	193.26084615384616
median:	0.048
stdev:	983.473628452688

Web server times (milisec):
min:	0.134
max:	5003.142
mean:	387.21353846153846
median:	3.3395
stdev:	1353.9954373828955

App server times (milisec):
min:	0.02475
max:	4969.94125
mean:	372.81899074074073
median:	3.0105
stdev:	1316.875708804832
diff:	162.328