Time-differences (millis):

0.001
0.001
0.001
0.674
1.336
0.181
0.001
0.01
0.043
2.297
0.001
0.058
0.003
0.044
0.055
0.013
0.065
0.043
0.079
2.874
2.933
0.019
0.124
0.001
5006.428

16.102
10.568
12.436
0.179
7.444
6.097
16.354
1.67
0.856
0.472
4.594
0.052
5.403
2.051
0.055
3.11
0.091
8.457
6.991
1.705
3.511
2.175
3.312
13.542

14.982
9.059
14.47725
4.1675
5.0815
4.03725
14.60525
1.83625
1.082
2.21325
3.04775
2.55025
2.45725
2.894
3.1955
2.069
6.0685
4.449
3.55925
3.79325
1.881
3.29625
11.63125
2.09375
4951.66475
4953.579

Test:	TI2_n_12
Requests:	25
Success:	12
Used:   	8

Local times (milisec):
min:	0.001
max:	5006.428
mean:	200.6914
median:	0.044
stdev:	1001.1955315469935

Web server times (milisec):
min:	0.052
max:	16.354
mean:	5.301125
median:	3.4115
stdev:	5.166303786052715

App server times (milisec):
min:	1.082
max:	4953.579
mean:	385.7604230769231
median:	3.67625
stdev:	1344.4541020004917
diff:	557.22575