Time-differences (millis):

0.001
0.001
0.329
0.795
0.002
0.131
0.157
0.047
0.134
0.392
0.28
1.829
1.457
0.001
0.134
0.019
0.003
0.132
0.041
0.09
0.047
0.045
4.022
0.001
5004.625

9.558
5.566
9.315
2.829
13.134
1.766
1.86
6.006
5.603
0.069
0.052
3.197
1.336
7.774
5.117
5.207
0.621
0.07
12.851
2.99
5.89
8.879
3.659
11.22

9.64
3.64625
9.91675
6.48575
8.98575
5.5045
3.9405
2.08825
3.5085
0.01525
1.54375
2.04375
2.18925
6.6195
10.25925
1.22175
0.0
6.58625
7.914
0.7625
5.8225
8.97325
3.67525
11.31275
4889.1715
5058.109

Test:	TI2_n_14
Requests:	25
Success:	14
Used:   	12

Local times (milisec):
min:	0.001
max:	5004.625
mean:	200.5886
median:	0.131
stdev:	1000.841301481492

Web server times (milisec):
min:	0.052
max:	13.134
mean:	5.190375
median:	5.162
stdev:	4.011523442723692

App server times (milisec):
min:	0.0
max:	5058.109
mean:	387.30522115384616
median:	5.6635
stdev:	1350.3960930950507
diff:	556.035