1554284137341209.0
1554284137341210.0
1554284137341213.0
1554284137341437.0
1554284137341932.0
1554284137341943.0
1554284137341977.0
1554284137341988.0
1554284137342074.0
1554284137342124.0
1554284137342170.0
1554284137342250.0
1554284137342595.0
1554284137342638.0
1554284137342647.0
1554284137345008.0
1554284137345645.0
1554284137345649.0
1554284137345680.0
1554284137345688.0
1554284137347383.0
1554284137347390.0
1554284137347451.0
1554284137347486.0
1554284137350026.0

1554284137443341.0
1554284137447580.0
1554284137454931.0
1554284137471925.0
1554284137472036.0
1554284137474385.0
1554284137476285.0
1554284137476807.0
1554284137476839.0
1554284137478148.0
1554284137479545.0
1554284137489706.0
1554284137492929.0
1554284137493860.0
1554284137497153.0
1554284137509574.0
1554284137513309.0
1554284137527744.0
1554284137540009.0
1554284137558427.0
1554284137560583.0
1554284137561797.0
1554284137581426.0
1554284137605322.0
1554284137622385.0

1554284137446295.0
1554284137450625.5
1554284137457782.0
1554284137475646.2
1554284137476613.5
1554284137478564.5
1554284137480113.5
1554284137490089.0
1554284137493416.2
1554284137494251.2
1554284137494272.2
1554284137497523.8
1554284137504222.5
1554284137519326.2
1554284137525591.2
1554284137528073.5
1554284137529322.5
1554284137537514.2
1554284137540308.8
1554284137558883.2
1554284137573846.5
1554284137581963.2
1554284137611247.8
1554284137620329.5
1554284137622803.5

25
11
10
