1554317256777541.0
1554317256777996.0
1554317256778322.0
1554317256778821.0
1554317256778821.0
1554317256778830.0
1554317256778831.0
1554317256781827.0
1554317256781829.0
1554317256781843.0
1554317256782047.0
1554317256782104.0
1554317256782140.0
1554317256782381.0
1554317256785475.0
1554317256785477.0
1554317256785477.0
1554317256785601.0
1554317256785613.0
1554317256785664.0
1554317256785665.0
1554317256787358.0
1554317256787359.0
1554317256787422.0
1554317256787506.0
1554317261793415.0
1554317261798208.0
1554317261799541.0
1554317261800947.0

1554317256995848.0
1554317257004608.0
1554317257021126.0
1554317257022304.0
1554317257024192.0
1554317257024966.0
1554317257030417.0
1554317257031089.0
1554317257043787.0
1554317257047045.0
1554317257049022.0
1554317257050868.0
1554317257054250.0
1554317257064189.0
1554317257064304.0
1554317257064647.0
1554317257071690.0
1554317257072971.0
1554317257098207.0

1554317256998155.2
1554317257006885.8
1554317257023196.0
1554317257026872.8
1554317257027967.2
1554317257030738.5
1554317257031471.0
1554317257031596.8
1554317257044068.0
1554317257047638.2
1554317257049398.0
1554317257050206.8
1554317257051255.8
1554317257059639.8
1554317257065077.0
1554317257067486.0
1554317257072132.2
1554317257073476.2
1554317257077603.0
1554317257082749.8
1554317257099767.0
1554317257103126.5
1554317257118115.5
1554317257134950.2
1554317257147073.5
1554317262012938.5
1554317262035003.5
1554317262072297.5
1554317262085224.8

25
8
8
