\Success codes:
15
15
11
11
14
13
14
14
14
14
12
12
8
14
18

Vouchers used:
12
8
10
9
10
8
7
8
10
11
9
8
8
12
14

Ratio:
1.25
1.875
1.1
1.2222222222222223
1.4
1.625
2.0
1.75
1.4
1.2727272727272727
1.3333333333333333
1.5
1.0
1.1666666666666667
1.2857142857142858

Local:
0.069
1.125
0.014
1.37
0.001
0.001
0.216
0.004
0.164
0.183
0.038
0.044
0.019
0.773
0.027
0.025
0.116
0.044
0.26
0.065
0.504
0.084
0.172
0.226
0.002
0.358
0.033
0.303
0.067
0.044
0.087
0.729
0.001
0.037
0.175
0.045
0.052
1.672
0.933
0.001
0.001
0.156
0.048
1.873
0.002
0.013
0.189
0.015
0.001
0.003
0.224
0.495
0.011
0.034
0.011
0.086
0.05
0.046
0.08
0.345
0.043
0.009
2.361
0.637
0.004
0.031
0.008
1.695
0.007
0.061
0.035
2.54
0.001
0.001
0.113
0.283
0.007
0.042
0.057
0.085
0.006
0.097
0.044
1.133
0.268
0.105
0.064
0.012
0.067
0.073
0.053
0.041
0.105
0.009
0.036
0.186
5015.162
0.001
0.569
0.068
0.002
0.311
0.004
4.318
0.001
0.001
0.001
0.074
0.542
0.048
0.048
0.007
1.56
0.001
0.177
0.013
0.116
0.014
1.438
0.041
0.277
5015.135
0.015
0.002
1.372
1.987
0.001
0.001
0.331
2.059
0.645
0.157
0.264
0.286
0.002
0.185
0.154
0.073
0.059
0.712
0.184
0.001
0.111
0.195
0.141
0.015
0.136
5004.546
0.001
0.001
0.121
0.013
0.033
0.041
0.038
0.743
0.001
0.042
0.1
0.001
0.015
0.072
0.032
0.001
0.082
2.324
0.186
0.007
1.54
0.155
0.056
0.842
0.002
0.016
0.056
0.015
1.175
0.067
0.345
0.01
2.605
0.09
0.034
0.152
0.085
0.012
0.08
1.158
0.078
0.108
0.001
0.637
0.001
0.06
2.742
0.152
0.001
0.014
0.589
0.014
0.047
0.047
0.157
0.067
0.029
0.122
0.101
0.026
0.114
0.052
0.259
0.329
0.291
0.41
0.191
0.553
0.26
0.055
0.173
0.019
5006.552
2.58
0.044
0.011
0.016
0.203
0.005
0.36
0.322
0.065
1.241
0.131
0.011
0.001
0.051
0.051
2.309
0.167
0.001
0.029
0.001
0.413
0.155
0.106
1.34
5025.834
0.106
1.603
0.001
1.165
0.001
0.009
0.044
0.108
0.018
0.04
0.055
0.001
0.113
0.039
0.112
0.001
0.065
0.047
0.034
0.007
0.089
0.009
0.065
0.063
5004.411
0.001
0.001
0.001
0.674
1.336
0.181
0.001
0.01
0.043
2.297
0.001
0.058
0.003
0.044
0.055
0.013
0.065
0.043
0.079
2.874
2.933
0.019
0.124
0.001
5006.428
0.455
0.326
0.499
0.0
0.009
0.001
2.996
0.002
0.014
0.204
0.057
0.036
0.241
3.094
0.002
0.0
0.124
0.012
0.051
0.001
1.693
0.001
0.063
0.084
5005.909
4.793
1.333
1.406
0.001
0.001
0.329
0.795
0.002
0.131
0.157
0.047
0.134
0.392
0.28
1.829
1.457
0.001
0.134
0.019
0.003
0.132
0.041
0.09
0.047
0.045
4.022
0.001
5004.625
0.001
0.403
0.138
0.126
1.935
0.001
0.154
5.505
0.001
0.142
0.04
0.111
0.132
0.149
0.053
0.201
0.211
0.309
0.263
0.361
0.001
0.157
0.012
0.092
5007.132

Web:
22.908
0.501
6.199
0.022
9.158
9.287
1.043
1.86
5.998
1.177
0.079
6.877
0.057
1.319
0.108
4.045
0.023
13.941
3.041
2.294
5.582
8.575
2.942
10.963
0.136
20.558
0.15
3.51
6.042
3.14
0.746
0.983
2.476
3.187
1.542
0.184
1.551
7.924
7.199
1.404
10.713
3.304
1.562
11.946
3.255
4.489
7.314
0.227
4.239
7.351
16.994
0.111
2.349
1.9
0.522
0.032
1.309
1.397
10.161
3.223
0.931
3.293
12.421
3.735
14.435
12.265
18.418
2.156
1.214
19.629
23.896
17.063
4.462
0.12
3.148
0.918
0.814
2.294
16.502
0.037
5.28
1.425
1.513
0.085
0.155
2.604
21.458
4.564
4.419
11.727
1.021
17.008
17.45
35.974
1.339
12.392
7.623
4.389
14.281
0.134
2.872
5.02
0.628
2.486
0.798
4.295
0.195
7.336
1.36
2.574
5.6
2.646
1.8
3.807
1.109
0.815
5.525
6.771
0.169
5003.142
4969.785
4.834
1.01
10.696
5.838
3.705
3.865
0.054
0.174
1.955
0.147
3.873
0.115
19.537
0.079
1.257
0.045
7.453
0.053
0.536
0.866
12.654
1.515
2.759
0.15
5.741
2.825
1.13
4.603
5.153
4.247
0.108
0.048
13.092
5.173
8.257
6.396
2.061
17.191
6.547
1.104
0.328
27.826
0.788
7.563
3.856
7.536
13.121
9.113
0.732
5.504
3.828
0.016
2.184
1.71
16.113
5.516
0.722
5.696
4.828
3.27
13.146
1.257
8.266
6.435
2.041
4.778
2.318
12.673
1.957
15.175
1.9
10.14
9.622
0.025
2.811
2.318
17.585
0.064
0.528
10.137
0.04
2.456
2.142
1.136
0.117
0.989
3.161
5.016
7.836
6.135
3.793
0.695
1.166
0.843
1.815
4957.33
0.003
0.144
6.093
0.77
10.247
7.821
4.464
1.058
0.315
10.797
2.316
1.956
12.588
1.877
4.007
13.635
6.066
18.438
6.636
0.997
2.638
17.244
3.671
4901.303
8.998
16.178
1.509
1.462
5.771
0.444
7.851
1.81
1.371
0.312
12.454
0.986
2.512
1.19
4.077
6.564
4.715
17.207
1.629
5.69
1.182
1.28
5.209
3.811
9951.13
16.102
10.568
12.436
0.179
7.444
6.097
16.354
1.67
0.856
0.472
4.594
0.052
5.403
2.051
0.055
3.11
0.091
8.457
6.991
1.705
3.511
2.175
3.312
13.542
8.76
16.518
1.178
1.888
0.774
5.451
0.672
12.698
3.258
1.977
1.846
3.382
9.939
0.115
0.343
7.043
1.281
25.236
9.558
5.566
9.315
2.829
13.134
1.766
1.86
6.006
5.603
0.069
0.052
3.197
1.336
7.774
5.117
5.207
0.621
0.07
12.851
2.99
5.89
8.879
3.659
11.22
3.459
7.688
10.468
14.624
0.177
2.422
2.713
2.837
4.538
2.89
3.048
2.424
0.082
0.014
0.024
1.244
1.354
3.607
11.889
0.163
0.665
0.973
8.091
0.129
4956.14

App:
22.79225
0.054
4.69875
2.1745
7.01475
10.082
3.00375
5.1795
6.50725
1.69575
0.5585
0.57925
0.00575
4.155
2.82975
6.82725
1.0445
3.1215
6.57075
12.16725
4.7145
0.84725
7.2975
1.86425
0.54925
18.34075
1.777
1.787
7.99275
3.26125
5.23425
1.896
1.8735
3.38775
5.5345
5.7555
1.29675
1.9785
8.104
2.125
1.823
1.55825
12.4305
0.18425
2.8335
4.8115
7.28075
0.92425
4.3305
7.1565
17.86425
0.96725
1.951
1.549
9.9755
3.32725
0.835
0.021
3.2515
6.69875
15.10375
6.265
2.48225
1.249
8.19175
2.7945
18.5745
14.96325
8.11675
29.2845
9.08175
2.474
4.153
0.2265
3.58125
0.39675
3.92075
1.3955
18.24
3.02475
2.599
0.618
1.78825
8.542
10.6985
4.72675
0.26525
4.6785
5.3975
5.447
1.1055
16.939
17.39625
36.3665
1.4635
2.48275
4844.36425
5057.94025
14.28575
6.579
4.30275
12.89475
0.28675
7.49475
1.9365
5.6225
0.02475
0.62325
1.5095
2.68375
3.0105
4.48025
6.073
0.50325
2.539
11.48325
2.904
0.74075
1.83575
0.998
0.2715
15.899
4912.6535
74.53575
4969.94125
6.63375
0.0805
10.24175
8.9435
2.1815
2.528
1.10675
0.3425
2.027
0.1965
0.99925
5.48
12.96775
0.071
3.011
6.29375
1.337
1.24225
0.4975
7.745
2.83125
1.69525
3.379
1.36075
4906.89
5079.8065
8.53
2.933
2.35475
4.10375
5.8465
0.4205
6.99775
2.6325
0.381
5.46225
13.8435
2.00375
10.3995
7.71475
7.31775
0.3555
33.192
1.171
5.00725
6.168
13.0095
1.56525
7.52975
1.605
0.09675
3.94075
6.57425
1.02525
5.6665
7.9955
5.44725
9.08825
7.61225
2.892
9.575
0.123
1.5315
15.91525
1.7525
2.30475
2.469
9.112
0.1885
3.36625
16.756
12.64425
9.35225
8.5665
14.8025
2.03625
5.0815
11.368
4.7325
4.847
0.755
0.23075
3.11075
0.968
3.11125
0.1505
0.173
0.21675
4.64975
0.5465
13.31325
3.81725
0.66725
1.2255
1.19025
1.33825
3.416
3.5335
4950.51
0.01475
3.24975
4.12175
3.47025
5.769
8.74375
3.78775
1.158
10.6115
0.4695
2.3945
1.00025
13.89775
0.85
3.2115
13.65325
6.24575
18.437
6.51375
0.93375
2.50675
16.09375
1.9645
3.19775
4901.04775
8.58325
14.3765
3.074
7.8085
2.1025
3.8725
0.18275
4.1705
5.436
6.08225
1.259
3.47725
5.44075
0.42825
5.05675
5.50475
13.19325
3.18175
1.45025
7.30225
1.79575
5.517
3.9975
11.54625
4879.81875
5058.242
14.982
9.059
14.47725
4.1675
5.0815
4.03725
14.60525
1.83625
1.082
2.21325
3.04775
2.55025
2.45725
2.894
3.1955
2.069
6.0685
4.449
3.55925
3.79325
1.881
3.29625
11.63125
2.09375
4951.66475
4953.579
8.7305
16.31025
3.67675
1.0945
2.77125
0.7325
0.12575
12.47125
3.57025
1.75975
0.80875
1.049
8.384
5.43725
2.409
4.64625
1.344
4.12675
5.14675
17.01725
3.3595
14.989
16.83475
12.12325
4865.865
22.065
37.294
12.92725
9.64
3.64625
9.91675
6.48575
8.98575
5.5045
3.9405
2.08825
3.5085
0.01525
1.54375
2.04375
2.18925
6.6195
10.25925
1.22175
0.0
6.58625
7.914
0.7625
5.8225
8.97325
3.67525
11.31275
4889.1715
5058.109
4.0545
6.54
8.24775
14.754
2.45125
3.84
1.63375
3.1375
4.29675
0.73975
2.9805
1.89875
0.0
0.5565
3.21475
0.0025
2.439
0.039
11.8755
0.09875
1.70875
0.92
7.291
0.1255
4956.19425

Diff:
5.11275
5.94675
11.30325
563.1345
162.328
557.89075
8.05075
10.904
-0.44025
-2.794
173.86675
557.22575
705.201
556.035
1.80825