Time-differences (millis):

0.002
0.016
0.056
0.015
1.175
0.067
0.345
0.01
2.605
0.09
0.034
0.152
0.085
0.012
0.08
1.158
0.078
0.108
0.001
0.637
0.001
0.06
2.742
0.152

0.732
5.504
3.828
0.016
2.184
1.71
16.113
5.516
0.722
5.696
4.828
3.27
13.146
1.257
8.266
6.435
2.041
4.778
2.318
12.673
1.957
15.175
1.9
10.14

0.09675
3.94075
6.57425
1.02525
5.6665
7.9955
5.44725
9.08825
7.61225
2.892
9.575
0.123
1.5315
15.91525
1.7525
2.30475
2.469
9.112
0.1885
3.36625
16.756
12.64425
9.35225
8.5665

Test:	TI2_n_8
Requests:	25
Success:	14
Used:   	8

Local times (milisec):
min:	0.001
max:	2.742
mean:	0.403375
median:	0.079
stdev:	0.7730428759412238

Web server times (milisec):
min:	0.016
max:	16.113
mean:	5.425208333333333
median:	4.303
stdev:	4.7615216418719015

App server times (milisec):
min:	0.09675
max:	16.756
mean:	5.9998125
median:	5.556875
stdev:	4.792122967892432
diff:	10.904