1554284108263343.0
1554284108263345.0
1554284108263703.0
1554284108263736.0
1554284108264039.0
1554284108264106.0
1554284108264150.0
1554284108264237.0
1554284108264966.0
1554284108264967.0
1554284108265004.0
1554284108265179.0
1554284108265224.0
1554284108265276.0
1554284108266948.0
1554284108267881.0
1554284108267882.0
1554284108267883.0
1554284108268039.0
1554284108268087.0
1554284108269960.0
1554284108269962.0
1554284108269975.0
1554284108270164.0
1554284108270179.0

1554284108360557.0
1554284108360693.0
1554284108381251.0
1554284108381401.0
1554284108384911.0
1554284108390953.0
1554284108394093.0
1554284108394839.0
1554284108395822.0
1554284108398298.0
1554284108401485.0
1554284108403027.0
1554284108403211.0
1554284108404762.0
1554284108412686.0
1554284108419885.0
1554284108421289.0
1554284108432002.0
1554284108435306.0
1554284108436868.0
1554284108448814.0
1554284108452069.0
1554284108456558.0
1554284108463872.0
1554284108464099.0

1554284108362987.0
1554284108363536.2
1554284108381877.0
1554284108383654.0
1554284108385441.0
1554284108393433.8
1554284108396695.0
1554284108401929.2
1554284108403825.2
1554284108405698.8
1554284108409086.5
1554284108414621.0
1554284108420376.5
1554284108421673.2
1554284108423651.8
1554284108431755.8
1554284108433880.8
1554284108435703.8
1554284108437262.0
1554284108449692.5
1554284108449876.8
1554284108452710.2
1554284108457521.8
1554284108464802.5
1554284108465726.8

25
15
8
