1554284291705357.0
1554284291705359.0
1554284291705375.0
1554284291705431.0
1554284291705446.0
1554284291706621.0
1554284291706688.0
1554284291707033.0
1554284291707043.0
1554284291709648.0
1554284291709738.0
1554284291709772.0
1554284291709924.0
1554284291710009.0
1554284291710021.0
1554284291710101.0
1554284291711259.0
1554284291711337.0
1554284291711445.0
1554284291711446.0
1554284291712083.0
1554284291712084.0
1554284291712144.0
1554284291714886.0
1554284291715038.0

1554284291806024.0
1554284291806756.0
1554284291812260.0
1554284291816088.0
1554284291816104.0
1554284291818288.0
1554284291819998.0
1554284291836111.0
1554284291841627.0
1554284291842349.0
1554284291848045.0
1554284291852873.0
1554284291856143.0
1554284291869289.0
1554284291870546.0
1554284291878812.0
1554284291885247.0
1554284291887288.0
1554284291892066.0
1554284291894384.0
1554284291907057.0
1554284291909014.0
1554284291924189.0
1554284291926089.0
1554284291936229.0

1554284291811291.8
1554284291811388.5
1554284291815329.2
1554284291821903.5
1554284291822928.8
1554284291828595.2
1554284291836590.8
1554284291842038.0
1554284291851126.2
1554284291858738.5
1554284291861630.5
1554284291871205.5
1554284291871328.5
1554284291872860.0
1554284291888775.2
1554284291890527.8
1554284291892832.5
1554284291895301.5
1554284291904413.5
1554284291904602.0
1554284291907968.2
1554284291924724.2
1554284291937368.5
1554284291946720.8
1554284291955287.2

25
14
8
