Time-differences (millis):

0.001
0.014
0.589
0.014
0.047
0.047
0.157
0.067
0.029
0.122
0.101
0.026
0.114
0.052
0.259
0.329
0.291
0.41
0.191
0.553
0.26
0.055
0.173
0.019
5006.552

9.622
0.025
2.811
2.318
17.585
0.064
0.528
10.137
0.04
2.456
2.142
1.136
0.117
0.989
3.161
5.016
7.836
6.135
3.793
0.695
1.166
0.843
1.815
4957.33

14.8025
2.03625
5.0815
11.368
4.7325
4.847
0.755
0.23075
3.11075
0.968
3.11125
0.1505
0.173
0.21675
4.64975
0.5465
13.31325
3.81725
0.66725
1.2255
1.19025
1.33825
3.416
3.5335
4950.51

Test:	TI2_n_9
Requests:	25
Success:	14
Used:   	10

Local times (milisec):
min:	0.001
max:	5006.552
mean:	200.41887999999997
median:	0.114
stdev:	1001.277746945385

Web server times (milisec):
min:	0.025
max:	4957.33
mean:	209.90666666666667
median:	2.23
stdev:	1011.2056253212179

App server times (milisec):
min:	0.1505
max:	4950.51
mean:	201.43165000000002
median:	3.11075
stdev:	989.3994344555874
diff:	-0.44025