1554284170189236.0
1554284170189237.0
1554284170189238.0
1554284170189351.0
1554284170189634.0
1554284170189641.0
1554284170189683.0
1554284170189740.0
1554284170189825.0
1554284170189831.0
1554284170189928.0
1554284170189972.0
1554284170191105.0
1554284170191373.0
1554284170191478.0
1554284170191542.0
1554284170191554.0
1554284170191621.0
1554284170191694.0
1554284170191747.0
1554284170191788.0
1554284170191893.0
1554284170191902.0
1554284170191938.0
1554284170192124.0
1554284175207286.0

1554284170306027.0
1554284170310489.0
1554284170310609.0
1554284170313757.0
1554284170314675.0
1554284170315489.0
1554284170317783.0
1554284170334285.0
1554284170334322.0
1554284170339602.0
1554284170341027.0
1554284170342540.0
1554284170342625.0
1554284170342780.0
1554284170345384.0
1554284170366842.0
1554284170371406.0
1554284170375825.0
1554284170387552.0
1554284170388573.0
1554284170405581.0
1554284170423031.0
1554284170459005.0
1554284170460344.0

1554284170308142.0
1554284170312295.0
1554284170312521.5
1554284170316102.8
1554284170316499.5
1554284170320420.2
1554284170321815.8
1554284170340055.8
1554284170343080.5
1554284170345679.5
1554284170346297.5
1554284170348085.8
1554284170356627.8
1554284170367326.2
1554284170372053.0
1554284170372318.2
1554284170376996.8
1554284170382394.2
1554284170387841.2
1554284170388946.8
1554284170405885.8
1554284170423282.0
1554284170459648.5
1554284170461112.0
1554284170463594.8
1554284175307959.0
1554284180365899.2

25
11
9
