Time-differences (millis):

0.001
0.403
0.138
0.126
1.935
0.001
0.154
5.505
0.001
0.142
0.04
0.111
0.132
0.149
0.053
0.201
0.211
0.309
0.263
0.361
0.001
0.157
0.012
0.092
5007.132

3.459
7.688
10.468
14.624
0.177
2.422
2.713
2.837
4.538
2.89
3.048
2.424
0.082
0.014
0.024
1.244
1.354
3.607
11.889
0.163
0.665
0.973
8.091
0.129
4956.14

4.0545
6.54
8.24775
14.754
2.45125
3.84
1.63375
3.1375
4.29675
0.73975
2.9805
1.89875
0.0
0.5565
3.21475
0.0025
2.439
0.039
11.8755
0.09875
1.70875
0.92
7.291
0.1255
4956.19425

Test:	TI2_n_15
Requests:	25
Success:	18
Used:   	14

Local times (milisec):
min:	0.001
max:	5007.132
mean:	200.7052
median:	0.142
stdev:	1001.3395443254166

Web server times (milisec):
min:	0.014
max:	4956.14
mean:	201.66652000000002
median:	2.713
stdev:	990.5232968684669

App server times (milisec):
min:	0.0
max:	4956.19425
mean:	201.56159999999997
median:	2.45125
stdev:	990.5555834353216
diff:	1.80825