Time-differences (millis):

0.106
1.603
0.001
1.165
0.001
0.009
0.044
0.108
0.018
0.04
0.055
0.001
0.113
0.039
0.112
0.001
0.065
0.047
0.034
0.007
0.089
0.009
0.065
0.063
5004.411

8.998
16.178
1.509
1.462
5.771
0.444
7.851
1.81
1.371
0.312
12.454
0.986
2.512
1.19
4.077
6.564
4.715
17.207
1.629
5.69
1.182
1.28
5.209
3.811
9951.13

8.58325
14.3765
3.074
7.8085
2.1025
3.8725
0.18275
4.1705
5.436
6.08225
1.259
3.47725
5.44075
0.42825
5.05675
5.50475
13.19325
3.18175
1.45025
7.30225
1.79575
5.517
3.9975
11.54625
4879.81875
5058.242

Test:	TI2_n_11
Requests:	25
Success:	12
Used:   	9

Local times (milisec):
min:	0.001
max:	5004.411
mean:	200.32824
median:	0.047
stdev:	1000.8506459248503

Web server times (milisec):
min:	0.312
max:	9951.13
mean:	402.61368
median:	3.811
stdev:	1989.279737076331

App server times (milisec):
min:	0.18275
max:	5058.242
mean:	387.034625
median:	5.2463750000000005
stdev:	1349.1438530828102
diff:	173.86675