Time-differences (millis):

0.001
0.001
0.121
0.013
0.033
0.041
0.038
0.743
0.001
0.042
0.1
0.001
0.015
0.072
0.032
0.001
0.082
2.324
0.186
0.007
1.54
0.155
0.056
0.842

5.741
2.825
1.13
4.603
5.153
4.247
0.108
0.048
13.092
5.173
8.257
6.396
2.061
17.191
6.547
1.104
0.328
27.826
0.788
7.563
3.856
7.536
13.121
9.113

8.53
2.933
2.35475
4.10375
5.8465
0.4205
6.99775
2.6325
0.381
5.46225
13.8435
2.00375
10.3995
7.71475
7.31775
0.3555
33.192
1.171
5.00725
6.168
13.0095
1.56525
7.52975
1.605

Test:	TI2_n_7
Requests:	25
Success:	14
Used:   	7

Local times (milisec):
min:	0.001
max:	2.324
mean:	0.268625
median:	0.0415
stdev:	0.5675086524910204

Web server times (milisec):
min:	0.048
max:	27.826
mean:	6.408625
median:	5.163
stdev:	6.367396285920684

App server times (milisec):
min:	0.3555
max:	33.192
mean:	6.2726875
median:	5.23475
stdev:	6.896237588056542
diff:	8.05075