1554284204534964.0
1554284204534965.0
1554284204535534.0
1554284204535602.0
1554284204535604.0
1554284204535915.0
1554284204535919.0
1554284204540237.0
1554284204540238.0
1554284204540239.0
1554284204540240.0
1554284204540314.0
1554284204540856.0
1554284204540904.0
1554284204540952.0
1554284204540959.0
1554284204542519.0
1554284204542520.0
1554284204542697.0
1554284204542710.0
1554284204542826.0
1554284204542840.0
1554284204544278.0
1554284204544319.0
1554284204544596.0
1554284209559731.0
1554284209559746.0

1554284204633814.0
1554284204646206.0
1554284204653829.0
1554284204658218.0
1554284204672499.0
1554284204672633.0
1554284204675505.0
1554284204680525.0
1554284204681153.0
1554284204683639.0
1554284204684437.0
1554284204688732.0
1554284204688927.0
1554284204696263.0
1554284204697623.0
1554284204700197.0
1554284204705797.0
1554284204708443.0
1554284204710243.0
1554284204714050.0
1554284204715159.0
1554284204715974.0
1554284204721499.0
1554284204728270.0
1554284204728439.0
1554284209731581.0
1554284214701366.0

1554284204635750.5
1554284204650036.2
1554284204656615.2
1554284204660918.0
1554284204673812.8
1554284204674099.5
1554284204681594.2
1554284204683530.8
1554284204689153.2
1554284204689178.0
1554284204689801.2
1554284204691310.8
1554284204693994.5
1554284204697005.0
1554284204701485.2
1554284204707558.2
1554284204708061.5
1554284204710600.5
1554284204722083.8
1554284204724987.8
1554284204725728.5
1554284204727564.2
1554284204728562.2
1554284204728833.8
1554284204744732.8
1554284209657386.2
1554284209731922.0
1554284214701863.2

25
14
10
