1554284232619091.0
1554284232619093.0
1554284232620465.0
1554284232622452.0
1554284232622453.0
1554284232622454.0
1554284232622785.0
1554284232624844.0
1554284232625489.0
1554284232625646.0
1554284232625910.0
1554284232626196.0
1554284232626198.0
1554284232626383.0
1554284232626537.0
1554284232626610.0
1554284232626669.0
1554284232627381.0
1554284232627565.0
1554284232627566.0
1554284232627677.0
1554284232627872.0
1554284232628013.0
1554284232628028.0
1554284232628164.0
1554284237632710.0

1554284232726182.0
1554284232731016.0
1554284232732026.0
1554284232742722.0
1554284232748560.0
1554284232752265.0
1554284232756130.0
1554284232756184.0
1554284232756358.0
1554284232758313.0
1554284232758460.0
1554284232762333.0
1554284232762448.0
1554284232781985.0
1554284232782064.0
1554284232783321.0
1554284232783366.0
1554284232790819.0
1554284232790872.0
1554284232791408.0
1554284232792274.0
1554284232804928.0
1554284232806443.0
1554284232809202.0
1554284232809352.0

1554284232728616.5
1554284232735250.2
1554284232735330.8
1554284232745572.5
1554284232754516.0
1554284232756697.5
1554284232759225.5
1554284232760332.2
1554284232760674.8
1554284232762701.8
1554284232762898.2
1554284232763897.5
1554284232769377.5
1554284232782345.2
1554284232782416.2
1554284232785427.2
1554284232791721.0
1554284232793058.0
1554284232794300.2
1554284232794797.8
1554284232802542.8
1554284232805374.0
1554284232807069.2
1554284232810448.2
1554284232811809.0
1554284237718699.0
1554284242798505.5

25
13
8
