Time-differences (millis):

2.58
0.044
0.011
0.016
0.203
0.005
0.36
0.322
0.065
1.241
0.131
0.011
0.001
0.051
0.051
2.309
0.167
0.001
0.029
0.001
0.413
0.155
0.106
1.34
5025.834

0.003
0.144
6.093
0.77
10.247
7.821
4.464
1.058
0.315
10.797
2.316
1.956
12.588
1.877
4.007
13.635
6.066
18.438
6.636
0.997
2.638
17.244
3.671
4901.303

0.01475
3.24975
4.12175
3.47025
5.769
8.74375
3.78775
1.158
10.6115
0.4695
2.3945
1.00025
13.89775
0.85
3.2115
13.65325
6.24575
18.437
6.51375
0.93375
2.50675
16.09375
1.9645
3.19775
4901.04775

Test:	TI2_n_10
Requests:	25
Success:	14
Used:   	11

Local times (milisec):
min:	0.001
max:	5025.834
mean:	201.41788
median:	0.106
stdev:	1005.0869406347525

Web server times (milisec):
min:	0.003
max:	4901.303
mean:	209.79516666666666
median:	4.2355
stdev:	999.3016943748733

App server times (milisec):
min:	0.01475
max:	4901.04775
mean:	201.33375999999998
median:	3.47025
stdev:	979.1208589433752
diff:	-2.794