1554317225399211.0
1554317225399212.0
1554317225399213.0
1554317225399214.0
1554317225399888.0
1554317225401224.0
1554317225401405.0
1554317225401406.0
1554317225401416.0
1554317225401459.0
1554317225403756.0
1554317225403757.0
1554317225403815.0
1554317225403818.0
1554317225403862.0
1554317225403917.0
1554317225403930.0
1554317225403995.0
1554317225404038.0
1554317225404117.0
1554317225406991.0
1554317225409924.0
1554317225409943.0
1554317225410067.0
1554317225410068.0
1554317230416496.0

1554317225612732.0
1554317225628834.0
1554317225639402.0
1554317225651838.0
1554317225652017.0
1554317225659461.0
1554317225665558.0
1554317225681912.0
1554317225683582.0
1554317225684438.0
1554317225684910.0
1554317225689504.0
1554317225689556.0
1554317225694959.0
1554317225697010.0
1554317225697065.0
1554317225700175.0
1554317225700266.0
1554317225708723.0
1554317225715714.0
1554317225717419.0
1554317225720930.0
1554317225723105.0
1554317225726417.0
1554317225739959.0

1554317225615942.8
1554317225630924.8
1554317225639983.8
1554317225654461.0
1554317225658628.5
1554317225663710.0
1554317225667747.2
1554317225682352.5
1554317225684188.8
1554317225685270.8
1554317225687484.0
1554317225690531.8
1554317225693082.0
1554317225695539.2
1554317225698433.2
1554317225701628.8
1554317225703697.8
1554317225709766.2
1554317225714215.2
1554317225717774.5
1554317225721567.8
1554317225723448.8
1554317225726745.0
1554317225738376.2
1554317225740470.0
1554317230692134.8
1554317235645713.8

25
12
8
