1554282645138209.0
1554282645138577.0
1554282645138813.0
1554282645138924.0
1554282645139103.0
1554282645139252.0
1554282645139352.0
1554282645139435.0
1554282645139525.0
1554282645139610.0
1554282645139690.0
1554282645139784.0
1554282645140046.0
1554282645140301.0
1554282645140539.0
1554282645140844.0
1554282645141073.0
1554282645141233.0
1554282645141402.0
1554282645141560.0
1554282645141733.0
1554282645141886.0
1554282645142020.0
1554282645142151.0
1554282645142277.0

1554282645236187.0
1554282645236877.0
1554282645244185.0
1554282645250548.0
1554282645252695.0
1554282645255082.0
1554282645256035.0
1554282645269043.0
1554282645276856.0
1554282645280201.0
1554282645280933.0
1554282645281776.0
1554282645282482.0
1554282645282502.0
1554282645290125.0
1554282645307614.0
1554282645307837.0
1554282645307877.0
1554282645316021.0
1554282645322371.0
1554282645324777.0

1554282645237208.8
1554282645238681.8
1554282645245317.5
1554282645250959.0
1554282645253129.5
1554282645256313.8
1554282645256832.0
1554282645273985.5
1554282645277149.5
1554282645281351.8
1554282645282749.0
1554282645286929.5
1554282645289032.8
1554282645289150.0
1554282645290872.2
1554282645292030.2
1554282645307249.0
1554282645308095.0
1554282645308197.5
1554282645317596.0
1554282645318122.2
1554282645319145.8
1554282645320773.0
1554282645323160.5
1554282645329157.8

25
9
6
