1554282912306314.0
1554282912306478.0
1554282912306633.0
1554282912306757.0
1554282912307110.0
1554282912307216.0
1554282912307300.0
1554282912307376.0
1554282912307455.0
1554282912307526.0
1554282912307683.0
1554282912307761.0
1554282912307836.0
1554282912307931.0
1554282912308004.0
1554282912308067.0
1554282912308130.0
1554282912308182.0
1554282912308237.0
1554282912308292.0
1554282912308354.0
1554282912308407.0
1554282912308469.0
1554282912308529.0
1554282912308589.0

1554282912398844.0
1554282912398852.0
1554282912402012.0
1554282912434548.0
1554282912434555.0
1554282912434614.0
1554282912436368.0
1554282912438181.0
1554282912443952.0
1554282912453622.0
1554282912454835.0
1554282912456094.0
1554282912459512.0
1554282912459576.0
1554282912460766.0
1554282912461172.0
1554282912461867.0
1554282912469017.0
1554282912472888.0
1554282912475315.0
1554282912476895.0
1554282912480108.0
1554282912481469.0
1554282912490253.0

1554282912400875.5
1554282912400877.8
1554282912404220.5
1554282912434922.8
1554282912436719.2
1554282912438076.8
1554282912440663.0
1554282912443384.0
1554282912445792.0
1554282912454045.5
1554282912455234.2
1554282912456490.5
1554282912459902.5
1554282912459902.8
1554282912461517.8
1554282912462385.0
1554282912462385.8
1554282912471678.2
1554282912473422.8
1554282912475694.5
1554282912477494.8
1554282912482802.2
1554282912484744.5
1554282912491294.2
1554282912492718.5

25
13
7
