1554282756275079.0
1554282756275570.0
1554282756275851.0
1554282756276091.0
1554282756276321.0
1554282756276451.0
1554282756276568.0
1554282756276669.0
1554282756276828.0
1554282756276994.0
1554282756277205.0
1554282756277396.0
1554282756277586.0
1554282756277751.0
1554282756277940.0
1554282756278125.0
1554282756278308.0
1554282756278476.0
1554282756278665.0
1554282756278838.0
1554282756279123.0
1554282756279378.0
1554282756280242.0
1554282756280985.0
1554282756281250.0

1554282756369260.0
1554282756372921.0
1554282756373020.0
1554282756374289.0
1554282756377114.0
1554282756378486.0
1554282756381630.0
1554282756395550.0
1554282756399204.0
1554282756403169.0
1554282756408029.0
1554282756412308.0
1554282756412412.0
1554282756413733.0
1554282756431538.0
1554282756431582.0
1554282756437369.0
1554282756446236.0
1554282756446391.0
1554282756446440.0
1554282756447603.0
1554282756451999.0
1554282756452646.0
1554282756454701.0

1554282756371162.2
1554282756375256.0
1554282756377480.8
1554282756379110.2
1554282756379572.8
1554282756381440.5
1554282756384294.2
1554282756395872.5
1554282756399639.2
1554282756403620.8
1554282756410103.2
1554282756412769.8
1554282756414327.5
1554282756415017.5
1554282756432169.8
1554282756433128.8
1554282756437865.8
1554282756446893.5
1554282756447900.5
1554282756448670.5
1554282756449129.2
1554282756452957.0
1554282756457170.5
1554282756462594.0
1554282756462702.8

25
12
10
