1554316692265052.0
1554316692265303.0
1554316692265520.0
1554316692265623.0
1554316692266347.0
1554316692266482.0
1554316692266697.0
1554316692266846.0
1554316692267200.0
1554316692267364.0
1554316692267535.0
1554316692267707.0
1554316692267874.0
1554316692268020.0
1554316692269085.0
1554316692269249.0
1554316692269380.0
1554316692269501.0
1554316692270052.0
1554316692270554.0
1554316692270906.0
1554316692271101.0
1554316692271210.0
1554316692271320.0
1554316692271447.0

1554316692490289.0
1554316692490326.0
1554316692492630.0
1554316692494104.0
1554316692494268.0
1554316692495860.0
1554316692501237.0
1554316692515965.0
1554316692520586.0
1554316692520608.0
1554316692523483.0
1554316692527218.0
1554316692533930.0
1554316692547336.0
1554316692583572.0
1554316692588998.0
1554316692592085.0
1554316692614207.0
1554316692619209.0
1554316692650411.0
1554316692665518.0
1554316692669202.0
1554316692673046.0
1554316692678203.0
1554316692682877.0

1554316692495183.8
1554316692498171.8
1554316692500575.0
1554316692501880.2
1554316692505323.8
1554316692506770.5
1554316692511368.8
1554316692517243.0
1554316692522518.2
1554316692523760.2
1554316692524396.0
1554316692529850.5
1554316692534961.0
1554316692547861.8
1554316692584770.0
1554316692590639.2
1554316692593527.8
1554316692615344.5
1554316692645264.5
1554316692650804.5
1554316692666089.0
1554316692677664.5
1554316692678485.8
1554316692685843.0
1554316692687742.8

25
12
4
