Time-differences (millis):

0.147
1.35
0.143
0.142
0.248
0.111
0.099
0.133
0.173
0.248
0.129
0.089
0.118
0.083
0.077
0.14
0.256
0.136
0.238
0.161
0.114
0.131
0.088
0.112

3.469
0.07
4.022
0.063
5.251
17.089
0.74
4.783
0.051
7.368
0.004
0.908
6.049
11.001
0.069
4.044
3.252
0.054
0.924
6.981
1.188
4.13
2.919

3.4865
0.03275
4.3075
4.4325
1.2825
15.32
0.058
4.59975
1.33525
5.965
0.01625
0.93625
6.13175
11.02725
0.88475
4.2635
2.164
0.914
5.849
1.2515
1.1995
4.58025
2.451
11.34825

Test:	SR2_n_9
Requests:	25
Success:	15
Used:   	10

Local times (milisec):
min:	0.077
max:	1.35
mean:	0.19441666666666668
median:	0.1345
stdev:	0.2517994227065708

Web server times (milisec):
min:	0.004
max:	17.089
mean:	3.670826086956522
median:	3.252
stdev:	4.142724813147786

App server times (milisec):
min:	0.01625
max:	15.32
mean:	3.909875
median:	2.96875
stdev:	3.9335705265008944
diff:	3.618