Time-differences (millis):

0.117
2.016
0.234
0.164
0.128
0.097
0.12
0.126
0.095
0.086
1.889
0.112
0.099
0.458
0.105
0.104
0.091
0.094
0.128
0.115
0.159
0.133
0.099
0.118

4.962
0.027
3.215
1.106
0.511
10.153
0.157
0.904
2.247
2.183
6.892
3.089
2.621
1.161
1.905
7.997
1.664
0.111
1.663
2.736
3.027
3.585

4.28425
0.11125
2.2185
0.46775
0.71225
9.893
1.08325
1.56325
1.1175
1.8345
6.463
3.52675
2.05125
1.18425
2.399
7.9675
1.43475
1.7735
2.9885
2.658
5.505
7.64025
15.4885
1.99875

Test:	SR2_n_7
Requests:	25
Success:	11
Used:   	8

Local times (milisec):
min:	0.086
max:	2.016
mean:	0.2869583333333333
median:	0.1175
stdev:	0.5188405534723902

Web server times (milisec):
min:	0.027
max:	10.153
mean:	2.814363636363636
median:	2.215
stdev:	2.616941190551518

App server times (milisec):
min:	0.11125
max:	15.4885
mean:	3.5985208333333336
median:	2.134875
stdev:	3.62452415161412
diff:	6.4565