1554316607599855.0
1554316607599987.0
1554316607600085.0
1554316607600188.0
1554316607600294.0
1554316607600387.0
1554316607600486.0
1554316607600576.0
1554316607600701.0
1554316607600830.0
1554316607600941.0
1554316607601032.0
1554316607601191.0
1554316607601409.0
1554316607601519.0
1554316607601748.0
1554316607601906.0
1554316607602130.0
1554316607602233.0
1554316607602621.0
1554316607602728.0
1554316607602849.0
1554316607602943.0
1554316607603061.0
1554316607603230.0

1554316607807561.0
1554316607811606.0
1554316607817854.0
1554316607819961.0
1554316607820000.0
1554316607827953.0
1554316607833883.0
1554316607837003.0
1554316607846085.0
1554316607846231.0
1554316607871178.0
1554316607872616.0
1554316607872816.0
1554316607872864.0
1554316607880210.0
1554316607880512.0
1554316607887140.0
1554316607887218.0
1554316607888602.0
1554316607895545.0
1554316607895572.0
1554316607897900.0
1554316607905944.0
1554316607908607.0
1554316607910575.0

1554316607812718.2
1554316607813835.2
1554316607824467.2
1554316607825950.2
1554316607826636.8
1554316607828297.0
1554316607836911.0
1554316607837478.5
1554316607847750.0
1554316607857527.8
1554316607871709.0
1554316607873003.0
1554316607873306.2
1554316607874526.0
1554316607880684.8
1554316607886812.2
1554316607887490.2
1554316607887502.2
1554316607891343.8
1554316607896823.2
1554316607904351.0
1554316607904682.2
1554316607906662.2
1554316607909296.5
1554316607911706.5

25
14
8
