1554316636465061.0
1554316636466116.0
1554316636466971.0
1554316636467245.0
1554316636469581.0
1554316636469824.0
1554316636469935.0
1554316636470018.0
1554316636470188.0
1554316636470321.0
1554316636470501.0
1554316636471500.0
1554316636471710.0
1554316636471922.0
1554316636472099.0
1554316636472297.0
1554316636472455.0
1554316636472616.0
1554316636472769.0
1554316636472920.0
1554316636473050.0
1554316636473200.0
1554316636473486.0
1554316636474845.0
1554316636476739.0

1554316636677424.0
1554316636680299.0
1554316636680449.0
1554316636683192.0
1554316636696739.0
1554316636697433.0
1554316636698247.0
1554316636703473.0
1554316636707557.0
1554316636712764.0
1554316636713231.0
1554316636731325.0
1554316636731955.0
1554316636732172.0
1554316636733179.0
1554316636748131.0
1554316636748234.0
1554316636748267.0
1554316636758583.0
1554316636761241.0
1554316636762388.0
1554316636763843.0
1554316636766519.0
1554316636766613.0
1554316636769812.0

1554316636679268.8
1554316636682482.2
1554316636682482.5
1554316636685270.0
1554316636698510.0
1554316636699530.2
1554316636699943.2
1554316636704105.2
1554316636708385.2
1554316636713357.2
1554316636713618.0
1554316636731626.5
1554316636732566.8
1554316636733614.2
1554316636734214.5
1554316636748413.2
1554316636748510.0
1554316636749181.5
1554316636758897.2
1554316636761625.5
1554316636762672.2
1554316636764118.8
1554316636766988.8
1554316636767275.0
1554316636773754.2

25
15
12
