1554282874236607.0
1554282874236754.0
1554282874238104.0
1554282874238247.0
1554282874238389.0
1554282874238637.0
1554282874238748.0
1554282874238847.0
1554282874238980.0
1554282874239153.0
1554282874239401.0
1554282874239530.0
1554282874239619.0
1554282874239737.0
1554282874239820.0
1554282874239897.0
1554282874240037.0
1554282874240293.0
1554282874240429.0
1554282874240667.0
1554282874240828.0
1554282874240942.0
1554282874241073.0
1554282874241161.0
1554282874241273.0

1554282874329906.0
1554282874333375.0
1554282874333445.0
1554282874337467.0
1554282874337530.0
1554282874342781.0
1554282874359870.0
1554282874360610.0
1554282874365393.0
1554282874365444.0
1554282874372812.0
1554282874372816.0
1554282874373724.0
1554282874379773.0
1554282874390774.0
1554282874390843.0
1554282874394887.0
1554282874398139.0
1554282874398193.0
1554282874399117.0
1554282874406098.0
1554282874407286.0
1554282874411416.0
1554282874414335.0

1554282874332282.0
1554282874335768.5
1554282874335801.2
1554282874340108.8
1554282874344541.2
1554282874345823.8
1554282874361143.8
1554282874361201.8
1554282874365801.5
1554282874367136.8
1554282874373101.8
1554282874373118.0
1554282874374054.2
1554282874380186.0
1554282874391213.2
1554282874392098.0
1554282874396361.5
1554282874398525.5
1554282874399439.5
1554282874405288.5
1554282874406540.0
1554282874407739.5
1554282874412319.8
1554282874414770.8
1554282874426119.0

25
15
10
