1554282783874314.0
1554282783874440.0
1554282783874592.0
1554282783874718.0
1554282783874849.0
1554282783875314.0
1554282783875539.0
1554282783875675.0
1554282783875790.0
1554282783875881.0
1554282783875973.0
1554282783876103.0
1554282783876187.0
1554282783876275.0
1554282783876357.0
1554282783876444.0
1554282783876568.0
1554282783876658.0
1554282783876737.0
1554282783876822.0
1554282783876905.0
1554282783877016.0
1554282783877104.0
1554282783877233.0
1554282783877327.0

1554282783966749.0
1554282783971703.0
1554282783974939.0
1554282783974984.0
1554282783978366.0
1554282783979263.0
1554282783982196.0
1554282783983126.0
1554282783987138.0
1554282783990338.0
1554282783992190.0
1554282784010885.0
1554282784022460.0
1554282784032021.0
1554282784033496.0
1554282784035369.0
1554282784035489.0
1554282784037032.0
1554282784037712.0
1554282784039759.0
1554282784045729.0
1554282784062763.0
1554282784067553.0

1554282783968871.2
1554282783973927.2
1554282783977580.5
1554282783978776.8
1554282783980654.5
1554282783982710.8
1554282783984748.2
1554282783987423.8
1554282783990038.0
1554282783990642.5
1554282783992540.8
1554282784011496.5
1554282784022904.5
1554282784032745.2
1554282784033284.0
1554282784033890.0
1554282784035716.5
1554282784035729.2
1554282784037903.8
1554282784038088.5
1554282784038454.0
1554282784040407.2
1554282784046786.0
1554282784065825.2
1554282784067970.0

25
15
8
