Time-differences (millis):

0.565
0.114
0.096
0.088
0.094
0.096
0.175
0.09
0.063
0.061
0.053
0.055
0.06
0.095
0.082
0.058
0.062
0.051
0.055
0.05
0.124
0.094
0.131
0.086

3.606
5.387
4.738
12.143
0.746
3.191
1.203
6.968
4.409
6.738
5.061
1.169
4.906
4.113
0.13
18.428
0.06
0.015
1.772
1.853
0.087
1.106

5.79325
1.1905
7.22475
9.60725
0.88975
4.36075
2.43675
5.1735
5.605
5.214
6.55325
0.749
3.444
4.24575
0.594
17.77
0.73125
1.61325
1.47275
0.962
5.8965
1.9455
0.7875
0.95975

Test:	SR2_n_4
Requests:	25
Success:	17
Used:   	16

Local times (milisec):
min:	0.05
max:	0.565
mean:	0.10408333333333333
median:	0.087
stdev:	0.10277324836605169

Web server times (milisec):
min:	0.015
max:	18.428
mean:	3.992227272727273
median:	3.3985
stdev:	4.3766268695664765

App server times (milisec):
min:	0.594
max:	17.77
mean:	3.9675000000000002
median:	2.940375
stdev:	3.893408417915548
diff:	5.692