Time-differences (millis):

1.408
0.445
0.259
0.575
1.647
0.754
0.829
0.169
0.133
0.131
0.106
0.11
0.118
0.139
0.161
0.137
0.148
0.127
0.126
0.13
0.112
0.121
0.108
0.117

0.175
3.941
0.124
0.1
5.601
9.972
3.648
14.845
4.081
8.777
1.119
6.423
0.091
0.141
8.56
0.537
8.462
3.941
0.078
3.464
2.376
0.039
4.351
1.139

0.00225
3.473
3.944
1.9365
5.17275
8.02875
1.8095
11.573
4.4125
8.778
0.90575
6.4685
0.07525
0.777
7.7825
0.40275
8.66725
3.88375
0.25275
3.2835
3.9285
2.77775
1.22275
0.6

Test:	SR2_n_2
Requests:	25
Success:	16
Used:   	14

Local times (milisec):
min:	0.106
max:	1.647
mean:	0.33791666666666664
median:	0.135
stdev:	0.42190488487816535

Web server times (milisec):
min:	0.039
max:	14.845
mean:	3.832708333333333
median:	3.556
stdev:	3.969092300997872

App server times (milisec):
min:	0.00225
max:	11.573
mean:	3.75659375
median:	3.37825
stdev:	3.281596307449765
diff:	2.115