Time-differences (millis):

1.055
0.855
0.274
2.336
0.243
0.111
0.083
0.17
0.133
0.18
0.999
0.21
0.212
0.177
0.198
0.158
0.161
0.153
0.151
0.13
0.15
0.286
1.359
1.894

2.875
0.15
2.743
13.547
0.694
0.814
5.226
4.084
5.207
0.467
18.094
0.63
0.217
1.007
14.952
0.103
0.033
10.316
2.658
1.147
1.455
2.676
0.094
3.199

3.2135
0.00025
2.7875
13.24
1.02025
0.413
4.162
4.28
4.972
0.26075
18.0085
0.94025
1.0475
0.60025
14.19875
0.09675
0.6715
9.71575
2.72825
1.04675
1.4465
2.87
0.28625
6.47925

Test:	SR2_n_12
Requests:	25
Success:	15
Used:   	12

Local times (milisec):
min:	0.083
max:	2.336
mean:	0.4865833333333333
median:	0.189
stdev:	0.6136468263881366

Web server times (milisec):
min:	0.033
max:	18.094
mean:	3.8495
median:	2.0564999999999998
stdev:	5.119854031546977

App server times (milisec):
min:	0.00025
max:	18.0085
mean:	3.9368958333333333
median:	2.0873749999999998
stdev:	4.965510838861542
diff:	1.09375