1554279519549389.0
1554279519550797.0
1554279519551242.0
1554279519551501.0
1554279519552076.0
1554279519553723.0
1554279519554477.0
1554279519555306.0
1554279519555475.0
1554279519555608.0
1554279519555739.0
1554279519555845.0
1554279519555955.0
1554279519556073.0
1554279519556212.0
1554279519556373.0
1554279519556510.0
1554279519556658.0
1554279519556785.0
1554279519556911.0
1554279519557041.0
1554279519557153.0
1554279519557274.0
1554279519557382.0
1554279519557499.0

1554279529763750.0
1554279529763925.0
1554279529767866.0
1554279529767990.0
1554279529768090.0
1554279529773691.0
1554279529783663.0
1554279529787311.0
1554279529802156.0
1554279529806237.0
1554279529815014.0
1554279529816133.0
1554279529822556.0
1554279529822647.0
1554279529822788.0
1554279529831348.0
1554279529831885.0
1554279529840347.0
1554279529844288.0
1554279529844366.0
1554279529847830.0
1554279529850206.0
1554279529850245.0
1554279529854596.0
1554279529855735.0

1554279529766534.5
1554279529766536.8
1554279529770009.8
1554279529773953.8
1554279529775890.2
1554279529781063.0
1554279529789091.8
1554279529790901.2
1554279529802474.2
1554279529806886.8
1554279529815664.8
1554279529816570.5
1554279529823039.0
1554279529823114.2
1554279529823891.2
1554279529831673.8
1554279529832076.5
1554279529840743.8
1554279529844627.5
1554279529844880.2
1554279529848163.8
1554279529852092.2
1554279529854870.0
1554279529856092.8
1554279529856692.8

25
16
14
