Time-differences (millis):

4.332
0.578
0.542
0.174
0.118
0.22
1.633
1.598
0.858
1.101
0.195
0.25
1.312
1.99
0.305
0.117
0.153
0.16
0.128
0.097
0.125
0.084
0.113
0.079

10.666
5.987
5.819
0.569
6.08
4.785
0.669
2.055
1.725
2.323
3.875
15.763
0.616
0.77
4.372
0.056
8.062
0.132
1.924
0.099
2.169
3.379
6.377
0.214

11.179
5.78525
4.5765
1.71925
9.00175
1.88775
2.3375
0.61375
1.60325
2.04425
4.18025
13.53725
0.781
1.482
5.18025
2.3165
6.6525
3.046
1.812
1.0935
0.5295
5.70575
3.9355
11.056

Test:	SR2_n_1
Requests:	25
Success:	11
Used:   	9

Local times (milisec):
min:	0.079
max:	4.332
mean:	0.6775833333333333
median:	0.20750000000000002
stdev:	0.970021197288186

Web server times (milisec):
min:	0.056
max:	15.763
mean:	3.686916666666667
median:	2.246
stdev:	3.8425169843947753

App server times (milisec):
min:	0.5295
max:	13.53725
mean:	4.25234375
median:	2.69175
stdev:	3.67043075662767
diff:	3.95125