1554316727425131.0
1554316727425295.0
1554316727425407.0
1554316727425745.0
1554316727425871.0
1554316727426008.0
1554316727426112.0
1554316727426225.0
1554316727426322.0
1554316727426513.0
1554316727426785.0
1554316727426935.0
1554316727426998.0
1554316727427057.0
1554316727427109.0
1554316727427244.0
1554316727427337.0
1554316727427512.0
1554316727427621.0
1554316727427727.0
1554316727427856.0
1554316727428030.0
1554316727428330.0
1554316727428441.0
1554316727428628.0

1554316727633144.0
1554316727633780.0
1554316727643322.0
1554316727643349.0
1554316727660986.0
1554316727661081.0
1554316727671571.0
1554316727673442.0
1554316727674389.0
1554316727692163.0
1554316727693607.0
1554316727696459.0
1554316727696902.0
1554316727698569.0
1554316727702929.0
1554316727714162.0
1554316727722555.0
1554316727728420.0

1554316727636376.5
1554316727636547.5
1554316727645555.5
1554316727646128.5
1554316727664047.2
1554316727665886.8
1554316727672087.0
1554316727676148.5
1554316727679967.2
1554316727692581.8
1554316727693372.8
1554316727694748.8
1554316727697960.2
1554316727701168.2
1554316727703304.2
1554316727705368.8
1554316727706607.2
1554316727714785.8
1554316727714961.8
1554316727723129.0
1554316727727053.5
1554316727727228.0
1554316727729642.0
1554316727729818.2
1554316727730464.5

25
10
9
