Time-differences (millis):

0.251
0.217
0.103
0.724
0.135
0.215
0.149
0.354
0.164
0.171
0.172
0.167
0.146
1.065
0.164
0.131
0.121
0.551
0.502
0.352
0.195
0.109
0.11
0.127

0.037
2.304
1.474
0.164
1.592
5.377
14.728
4.621
0.022
2.875
3.735
6.712
13.406
36.236
5.426
3.087
22.122
5.002
31.202
15.107
3.684
3.844
5.157
4.674

2.988
2.40325
1.30525
3.4435
1.44675
4.59825
5.87425
5.27525
1.242
0.63575
5.4545
5.1105
12.90075
36.90825
5.86925
2.8885
21.81675
29.92
5.54
15.2845
11.5755
0.82125
7.35725
1.89975

Test:	SR2_n_14
Requests:	25
Success:	12
Used:   	4

Local times (milisec):
min:	0.103
max:	1.065
mean:	0.26645833333333335
median:	0.169
stdev:	0.23203578793810659

Web server times (milisec):
min:	0.022
max:	36.236
mean:	8.0245
median:	4.647500000000001
stdev:	9.609294146814323

App server times (milisec):
min:	0.63575
max:	36.90825
mean:	8.023291666666667
median:	5.192875
stdev:	9.385522704012613
diff:	5.23475