1554282677142296.0
1554282677142861.0
1554282677142975.0
1554282677143071.0
1554282677143159.0
1554282677143253.0
1554282677143349.0
1554282677143524.0
1554282677143614.0
1554282677143677.0
1554282677143738.0
1554282677143791.0
1554282677143846.0
1554282677143906.0
1554282677144001.0
1554282677144083.0
1554282677144141.0
1554282677144203.0
1554282677144254.0
1554282677144309.0
1554282677144359.0
1554282677144483.0
1554282677144577.0
1554282677144708.0
1554282677144794.0

1554282677247333.0
1554282677250939.0
1554282677256326.0
1554282677261064.0
1554282677273207.0
1554282677273953.0
1554282677277144.0
1554282677278347.0
1554282677285315.0
1554282677289724.0
1554282677296462.0
1554282677301523.0
1554282677302692.0
1554282677307598.0
1554282677311711.0
1554282677311841.0
1554282677330269.0
1554282677330329.0
1554282677330344.0
1554282677332116.0
1554282677333969.0
1554282677334056.0
1554282677335162.0

1554282677249756.2
1554282677255549.5
1554282677256740.0
1554282677263964.8
1554282677273572.0
1554282677274461.8
1554282677278822.5
1554282677281259.2
1554282677286432.8
1554282677292037.8
1554282677297251.8
1554282677303805.0
1554282677304554.0
1554282677307998.0
1554282677312243.8
1554282677312837.8
1554282677330607.8
1554282677331339.0
1554282677332952.2
1554282677334425.0
1554282677335387.0
1554282677341283.5
1554282677343229.0
1554282677344016.5
1554282677344976.2

25
17
16
