1554279489480449.0
1554279489484781.0
1554279489485359.0
1554279489485901.0
1554279489486075.0
1554279489486193.0
1554279489486413.0
1554279489488046.0
1554279489489644.0
1554279489490502.0
1554279489491603.0
1554279489491798.0
1554279489492048.0
1554279489493360.0
1554279489495350.0
1554279489495655.0
1554279489495772.0
1554279489495925.0
1554279489496085.0
1554279489496213.0
1554279489496310.0
1554279489496435.0
1554279489496519.0
1554279489496632.0
1554279489496711.0

1554279499717605.0
1554279499728271.0
1554279499734258.0
1554279499740077.0
1554279499740646.0
1554279499746726.0
1554279499751511.0
1554279499752180.0
1554279499754235.0
1554279499755960.0
1554279499758283.0
1554279499762158.0
1554279499777921.0
1554279499778537.0
1554279499779307.0
1554279499783679.0
1554279499783735.0
1554279499791797.0
1554279499791929.0
1554279499793853.0
1554279499793952.0
1554279499796121.0
1554279499799500.0
1554279499805877.0
1554279499806091.0

1554279499719929.5
1554279499731108.5
1554279499736893.8
1554279499741470.2
1554279499743189.5
1554279499752191.2
1554279499754079.0
1554279499756416.5
1554279499757030.2
1554279499758633.5
1554279499760677.8
1554279499764858.0
1554279499778395.2
1554279499779176.2
1554279499780658.2
1554279499785838.5
1554279499788155.0
1554279499794807.5
1554279499797853.5
1554279499799665.5
1554279499800759.0
1554279499801288.5
1554279499806994.2
1554279499810929.8
1554279499821985.8

25
11
9
