Time-differences (millis):

0.491
0.281
0.24
0.23
0.13
0.117
0.101
0.159
0.166
0.211
0.191
0.19
0.165
0.189
0.185
0.183
0.168
0.189
0.173
0.285
0.255
0.864
0.743
0.265

3.661
0.099
1.269
2.825
1.372
3.144
13.92
3.654
3.965
4.86
4.279
0.104
1.321
17.805
0.044
5.787
8.867
0.155
0.049
1.163
4.396
0.647
2.055

4.09375
2.22475
1.6295
0.4625
1.86775
2.85375
11.57825
3.76675
3.9815
6.4825
2.6665
1.55775
0.69
17.15225
0.959
4.737
9.02775
1.007
0.77
0.45875
3.82775
4.2135
5.4235
0.10875

Test:	SR2_n_5
Requests:	25
Success:	12
Used:   	10

Local times (milisec):
min:	0.101
max:	0.864
mean:	0.257125
median:	0.1895
stdev:	0.18581274175900855

Web server times (milisec):
min:	0.044
max:	17.805
mean:	3.714826086956522
median:	2.825
stdev:	4.463872530480619

App server times (milisec):
min:	0.10875
max:	17.15225
mean:	3.8141875
median:	2.760125
stdev:	3.9885553266502396
diff:	3.9995