Time-differences (millis):

0.127
1.362
0.217
0.113
0.094
0.077
0.081
0.078
0.075
0.074
0.072
0.072
0.081
0.11
0.078
0.076
0.078
0.071
0.076
0.076
0.097
0.073
0.123
0.09

0.11
4.665
0.192
8.579
6.531
0.028
7.783
0.088
2.005
2.143
5.478
0.949
7.135
0.911
7.16
4.752
6.193
5.909
2.812
5.311
4.477
2.774
3.195
2.488

0.17775
3.6355
0.90375
14.165
0.13
5.81175
2.68525
0.19825
2.33625
7.59325
1.84375
6.30925
1.9455
0.9685
4.79125
2.8335
6.5385
5.451
3.11225
9.41325
1.36275
3.0325
4.28725
5.06175

Test:	SR2_n_13
Requests:	25
Success:	11
Used:   	9

Local times (milisec):
min:	0.071
max:	1.362
mean:	0.144625
median:	0.078
stdev:	0.2611913861852862

Web server times (milisec):
min:	0.028
max:	8.579
mean:	3.8195
median:	3.8360000000000003
stdev:	2.6958039859075034

App server times (milisec):
min:	0.13
max:	14.165
mean:	3.94115625
median:	3.072375
stdev:	3.30227589406196
diff:	3.52075