Time-differences (millis):

0.126
0.152
0.126
0.131
0.465
0.225
0.136
0.115
0.091
0.092
0.13
0.084
0.088
0.082
0.087
0.124
0.09
0.079
0.085
0.083
0.111
0.088
0.129
0.094

4.954
3.236
0.045
3.382
0.897
2.933
0.93
4.012
3.2
1.852
18.695
11.575
9.561
1.475
1.873
0.12
1.543
0.68
2.047
5.97
17.034
4.79

5.056
3.65325
1.19625
1.87775
2.05625
2.0375
2.6755
2.61425
0.6045
1.89825
18.95575
11.408
9.84075
0.53875
0.606
1.8265
0.01275
2.1745
0.18475
0.3655
1.95325
6.37875
19.03925
2.14475

Test:	SR2_n_6
Requests:	25
Success:	15
Used:   	8

Local times (milisec):
min:	0.079
max:	0.465
mean:	0.12554166666666666
median:	0.10250000000000001
stdev:	0.07924698823884437

Web server times (milisec):
min:	0.045
max:	18.695
mean:	4.582
median:	3.0665
stdev:	5.168485169987522

App server times (milisec):
min:	0.01275
max:	19.03925
mean:	4.129114583333333
median:	2.046875
stdev:	5.388421653728022
diff:	3.475