1554316662505863.0
1554316662505990.0
1554316662507352.0
1554316662507569.0
1554316662507682.0
1554316662507776.0
1554316662507853.0
1554316662507934.0
1554316662508012.0
1554316662508087.0
1554316662508161.0
1554316662508233.0
1554316662508305.0
1554316662508386.0
1554316662508496.0
1554316662508574.0
1554316662508650.0
1554316662508728.0
1554316662508799.0
1554316662508875.0
1554316662508951.0
1554316662509048.0
1554316662509121.0
1554316662509244.0
1554316662509334.0

1554316662714453.0
1554316662714563.0
1554316662719228.0
1554316662719420.0
1554316662727999.0
1554316662734530.0
1554316662734558.0
1554316662742341.0
1554316662742429.0
1554316662744434.0
1554316662746577.0
1554316662752055.0
1554316662753004.0
1554316662760139.0
1554316662761050.0
1554316662768210.0
1554316662772962.0
1554316662779155.0
1554316662785064.0
1554316662787876.0
1554316662793187.0
1554316662797664.0
1554316662800438.0
1554316662803633.0
1554316662806121.0

1554316662717129.2
1554316662717307.0
1554316662720942.5
1554316662721846.2
1554316662736011.2
1554316662736141.2
1554316662741953.0
1554316662744638.2
1554316662744836.5
1554316662747172.8
1554316662754766.0
1554316662756609.8
1554316662762919.0
1554316662764864.5
1554316662765833.0
1554316662770624.2
1554316662773457.8
1554316662779996.2
1554316662785447.2
1554316662788559.5
1554316662797972.8
1554316662799335.5
1554316662802368.0
1554316662806655.2
1554316662811717.0

25
11
9
