1554282812621914.0
1554282812622031.0
1554282812624047.0
1554282812624281.0
1554282812624445.0
1554282812624573.0
1554282812624670.0
1554282812624790.0
1554282812624916.0
1554282812625011.0
1554282812625097.0
1554282812626986.0
1554282812627098.0
1554282812627197.0
1554282812627655.0
1554282812627760.0
1554282812627864.0
1554282812627955.0
1554282812628049.0
1554282812628177.0
1554282812628292.0
1554282812628451.0
1554282812628584.0
1554282812628683.0
1554282812628801.0

1554282812720468.0
1554282812725430.0
1554282812725457.0
1554282812728672.0
1554282812729778.0
1554282812730289.0
1554282812740442.0
1554282812740599.0
1554282812741503.0
1554282812743750.0
1554282812745933.0
1554282812752825.0
1554282812755914.0
1554282812758535.0
1554282812759696.0
1554282812761601.0
1554282812769598.0
1554282812771262.0
1554282812771373.0
1554282812773036.0
1554282812775772.0
1554282812778799.0
1554282812782384.0

1554282812723480.5
1554282812727764.8
1554282812727876.0
1554282812730094.5
1554282812730562.2
1554282812731274.5
1554282812741167.5
1554282812742250.8
1554282812743814.0
1554282812744931.5
1554282812746766.0
1554282812753229.0
1554282812756755.8
1554282812758807.0
1554282812759991.2
1554282812762390.2
1554282812770357.8
1554282812771792.5
1554282812773566.0
1554282812776554.5
1554282812779212.5
1554282812784717.5
1554282812792357.8
1554282812807846.2
1554282812809845.0

25
11
8
