Success codes:
11
16
9
17
12
15
11
12
15
13
14
15
11
12
10

Vouchers used:
9
14
6
16
10
8
8
6
10
7
8
12
9
4
9

Ratio:
1.2222222222222223
1.1428571428571428
1.5
1.0625
1.2
1.875
1.375
2.0
1.5
1.8571428571428572
1.75
1.25
1.2222222222222223
3.0
1.1111111111111112

Local:
4.332
0.578
0.542
0.174
0.118
0.22
1.633
1.598
0.858
1.101
0.195
0.25
1.312
1.99
0.305
0.117
0.153
0.16
0.128
0.097
0.125
0.084
0.113
0.079
1.408
0.445
0.259
0.575
1.647
0.754
0.829
0.169
0.133
0.131
0.106
0.11
0.118
0.139
0.161
0.137
0.148
0.127
0.126
0.13
0.112
0.121
0.108
0.117
0.368
0.236
0.111
0.179
0.149
0.1
0.083
0.09
0.085
0.08
0.094
0.262
0.255
0.238
0.305
0.229
0.16
0.169
0.158
0.173
0.153
0.134
0.131
0.126
0.565
0.114
0.096
0.088
0.094
0.096
0.175
0.09
0.063
0.061
0.053
0.055
0.06
0.095
0.082
0.058
0.062
0.051
0.055
0.05
0.124
0.094
0.131
0.086
0.491
0.281
0.24
0.23
0.13
0.117
0.101
0.159
0.166
0.211
0.191
0.19
0.165
0.189
0.185
0.183
0.168
0.189
0.173
0.285
0.255
0.864
0.743
0.265
0.126
0.152
0.126
0.131
0.465
0.225
0.136
0.115
0.091
0.092
0.13
0.084
0.088
0.082
0.087
0.124
0.09
0.079
0.085
0.083
0.111
0.088
0.129
0.094
0.117
2.016
0.234
0.164
0.128
0.097
0.12
0.126
0.095
0.086
1.889
0.112
0.099
0.458
0.105
0.104
0.091
0.094
0.128
0.115
0.159
0.133
0.099
0.118
0.143
0.132
0.207
0.155
0.102
0.129
0.674
0.17
0.1
0.107
0.094
0.094
0.091
0.092
0.091
0.085
0.103
0.101
0.085
0.088
0.076
0.085
0.076
0.11
0.147
1.35
0.143
0.142
0.248
0.111
0.099
0.133
0.173
0.248
0.129
0.089
0.118
0.083
0.077
0.14
0.256
0.136
0.238
0.161
0.114
0.131
0.088
0.112
0.164
0.155
0.124
0.353
0.106
0.084
0.076
0.079
0.071
0.157
0.078
0.075
0.095
0.073
0.063
0.063
0.052
0.055
0.055
0.062
0.053
0.062
0.06
0.06
0.132
0.098
0.103
0.106
0.093
0.099
0.09
0.125
0.129
0.111
0.091
0.159
0.218
0.11
0.229
0.158
0.224
0.103
0.388
0.107
0.121
0.094
0.118
0.169
1.055
0.855
0.274
2.336
0.243
0.111
0.083
0.17
0.133
0.18
0.999
0.21
0.212
0.177
0.198
0.158
0.161
0.153
0.151
0.13
0.15
0.286
1.359
1.894
0.127
1.362
0.217
0.113
0.094
0.077
0.081
0.078
0.075
0.074
0.072
0.072
0.081
0.11
0.078
0.076
0.078
0.071
0.076
0.076
0.097
0.073
0.123
0.09
0.251
0.217
0.103
0.724
0.135
0.215
0.149
0.354
0.164
0.171
0.172
0.167
0.146
1.065
0.164
0.131
0.121
0.551
0.502
0.352
0.195
0.109
0.11
0.127
0.164
0.112
0.338
0.126
0.137
0.104
0.113
0.097
0.191
0.272
0.15
0.063
0.059
0.052
0.135
0.093
0.175
0.109
0.106
0.129
0.174
0.3
0.111
0.187

Web:
10.666
5.987
5.819
0.569
6.08
4.785
0.669
2.055
1.725
2.323
3.875
15.763
0.616
0.77
4.372
0.056
8.062
0.132
1.924
0.099
2.169
3.379
6.377
0.214
0.175
3.941
0.124
0.1
5.601
9.972
3.648
14.845
4.081
8.777
1.119
6.423
0.091
0.141
8.56
0.537
8.462
3.941
0.078
3.464
2.376
0.039
4.351
1.139
0.69
7.308
6.363
2.147
2.387
0.953
13.008
7.813
3.345
0.732
0.843
0.706
0.02
7.623
17.489
0.223
0.04
8.144
6.35
2.406
3.606
5.387
4.738
12.143
0.746
3.191
1.203
6.968
4.409
6.738
5.061
1.169
4.906
4.113
0.13
18.428
0.06
0.015
1.772
1.853
0.087
1.106
3.661
0.099
1.269
2.825
1.372
3.144
13.92
3.654
3.965
4.86
4.279
0.104
1.321
17.805
0.044
5.787
8.867
0.155
0.049
1.163
4.396
0.647
2.055
4.954
3.236
0.045
3.382
0.897
2.933
0.93
4.012
3.2
1.852
18.695
11.575
9.561
1.475
1.873
0.12
1.543
0.68
2.047
5.97
17.034
4.79
4.962
0.027
3.215
1.106
0.511
10.153
0.157
0.904
2.247
2.183
6.892
3.089
2.621
1.161
1.905
7.997
1.664
0.111
1.663
2.736
3.027
3.585
0.039
3.508
0.096
1.916
0.987
20.082
0.096
7.859
1.91
19.152
0.558
9.189
0.471
1.935
2.112
0.264
0.684
9.968
0.187
5.024
7.706
3.469
0.07
4.022
0.063
5.251
17.089
0.74
4.783
0.051
7.368
0.004
0.908
6.049
11.001
0.069
4.044
3.252
0.054
0.924
6.981
1.188
4.13
2.919
0.008
3.16
32.536
0.007
0.059
1.754
1.813
5.771
9.67
1.213
1.259
3.418
0.064
1.19
0.406
0.695
7.15
3.871
2.427
1.58
3.213
1.361
8.784
4.045
6.248
2.107
0.039
7.953
5.93
3.12
9.082
0.146
24.947
1.438
0.2
0.048
7.346
0.302
6.628
0.078
1.384
6.943
0.027
2.328
8.044
2.663
1.968
2.875
0.15
2.743
13.547
0.694
0.814
5.226
4.084
5.207
0.467
18.094
0.63
0.217
1.007
14.952
0.103
0.033
10.316
2.658
1.147
1.455
2.676
0.094
3.199
0.11
4.665
0.192
8.579
6.531
0.028
7.783
0.088
2.005
2.143
5.478
0.949
7.135
0.911
7.16
4.752
6.193
5.909
2.812
5.311
4.477
2.774
3.195
2.488
0.037
2.304
1.474
0.164
1.592
5.377
14.728
4.621
0.022
2.875
3.735
6.712
13.406
36.236
5.426
3.087
22.122
5.002
31.202
15.107
3.684
3.844
5.157
4.674
0.636
9.542
0.027
17.637
0.095
10.49
1.871
0.947
17.774
1.444
2.852
0.443
1.667
4.36
11.233
8.393
5.865

App:
11.179
5.78525
4.5765
1.71925
9.00175
1.88775
2.3375
0.61375
1.60325
2.04425
4.18025
13.53725
0.781
1.482
5.18025
2.3165
6.6525
3.046
1.812
1.0935
0.5295
5.70575
3.9355
11.056
0.00225
3.473
3.944
1.9365
5.17275
8.02875
1.8095
11.573
4.4125
8.778
0.90575
6.4685
0.07525
0.777
7.7825
0.40275
8.66725
3.88375
0.25275
3.2835
3.9285
2.77775
1.22275
0.6
1.473
6.63575
5.6415
2.1705
3.18425
0.51825
17.1535
3.164
4.20225
1.39725
4.1805
2.10325
0.11725
1.72225
1.158
15.21875
0.846
0.1025
9.3985
0.52625
1.0235
1.62725
2.3875
5.99725
5.79325
1.1905
7.22475
9.60725
0.88975
4.36075
2.43675
5.1735
5.605
5.214
6.55325
0.749
3.444
4.24575
0.594
17.77
0.73125
1.61325
1.47275
0.962
5.8965
1.9455
0.7875
0.95975
4.09375
2.22475
1.6295
0.4625
1.86775
2.85375
11.57825
3.76675
3.9815
6.4825
2.6665
1.55775
0.69
17.15225
0.959
4.737
9.02775
1.007
0.77
0.45875
3.82775
4.2135
5.4235
0.10875
5.056
3.65325
1.19625
1.87775
2.05625
2.0375
2.6755
2.61425
0.6045
1.89825
18.95575
11.408
9.84075
0.53875
0.606
1.8265
0.01275
2.1745
0.18475
0.3655
1.95325
6.37875
19.03925
2.14475
4.28425
0.11125
2.2185
0.46775
0.71225
9.893
1.08325
1.56325
1.1175
1.8345
6.463
3.52675
2.05125
1.18425
2.399
7.9675
1.43475
1.7735
2.9885
2.658
5.505
7.64025
15.4885
1.99875
1.031
2.46475
0.75775
1.72325
2.81825
13.4225
0.0915
7.8465
3.22125
18.257
1.85225
7.97725
1.886
0.762
1.35525
0.39375
0.684
10.3365
0.4205
0.8705
3.40975
4.938
2.8055
9.97725
3.4865
0.03275
4.3075
4.4325
1.2825
15.32
0.058
4.59975
1.33525
5.965
0.01625
0.93625
6.13175
11.02725
0.88475
4.2635
2.164
0.914
5.849
1.2515
1.1995
4.58025
2.451
11.34825
0.00225
3.34275
30.70225
1.7965
1.3575
2.58625
2.721
2.408
8.2535
1.18875
1.25625
3.412
0.00025
1.615
0.86725
0.00075
9.2925
1.7445
2.27175
1.80025
5.3075
1.94225
6.54975
1.42425
1.117
10.632
1.483
0.6865
1.66025
8.614
0.5675
10.2715
9.77775
14.18125
1.294
0.30325
1.21975
6.15875
6.1275
0.678
0.012
3.8415
5.4795
7.52775
0.33125
1.98
2.63425
2.41
3.2135
0.00025
2.7875
13.24
1.02025
0.413
4.162
4.28
4.972
0.26075
18.0085
0.94025
1.0475
0.60025
14.19875
0.09675
0.6715
9.71575
2.72825
1.04675
1.4465
2.87
0.28625
6.47925
0.17775
3.6355
0.90375
14.165
0.13
5.81175
2.68525
0.19825
2.33625
7.59325
1.84375
6.30925
1.9455
0.9685
4.79125
2.8335
6.5385
5.451
3.11225
9.41325
1.36275
3.0325
4.28725
5.06175
2.988
2.40325
1.30525
3.4435
1.44675
4.59825
5.87425
5.27525
1.242
0.63575
5.4545
5.1105
12.90075
36.90825
5.86925
2.8885
21.81675
29.92
5.54
15.2845
11.5755
0.82125
7.35725
1.89975
0.171
9.008
0.573
17.91875
1.8395
6.20025
4.0615
3.81875
12.6145
0.791
1.376
3.2115
3.208
2.136
2.0645
1.2385
8.1785
0.176
8.16725
3.9245
0.1745
2.414
0.17625
0.64625

Diff:
3.95125
2.115
6.9835
5.692
3.9995
3.475
6.4565
7.455
3.618
3.21825
3.04125
1.09375
3.52075
5.23475
12.5515