Time-differences (millis):

0.132
0.098
0.103
0.106
0.093
0.099
0.09
0.125
0.129
0.111
0.091
0.159
0.218
0.11
0.229
0.158
0.224
0.103
0.388
0.107
0.121
0.094
0.118
0.169

4.045
6.248
2.107
0.039
7.953
5.93
3.12
9.082
0.146
24.947
1.438
0.2
0.048
7.346
0.302
6.628
0.078
1.384
6.943
0.027
2.328
8.044
2.663
1.968

1.117
10.632
1.483
0.6865
1.66025
8.614
0.5675
10.2715
9.77775
14.18125
1.294
0.30325
1.21975
6.15875
6.1275
0.678
0.012
3.8415
5.4795
7.52775
0.33125
1.98
2.63425
2.41

Test:	SR2_n_11
Requests:	25
Success:	14
Used:   	8

Local times (milisec):
min:	0.09
max:	0.388
mean:	0.140625
median:	0.11449999999999999
stdev:	0.06747998898224183

Web server times (milisec):
min:	0.027
max:	24.947
mean:	4.29225
median:	2.4955
stdev:	5.364934857175726

App server times (milisec):
min:	0.012
max:	14.18125
mean:	4.124510416666666
median:	2.1950000000000003
stdev:	4.094493076920755
diff:	3.04125