1554282843992279.0
1554282843992422.0
1554282843992554.0
1554282843992761.0
1554282843992916.0
1554282843993018.0
1554282843993147.0
1554282843993821.0
1554282843993991.0
1554282843994091.0
1554282843994198.0
1554282843994292.0
1554282843994386.0
1554282843994477.0
1554282843994569.0
1554282843994660.0
1554282843994745.0
1554282843994848.0
1554282843994949.0
1554282843995034.0
1554282843995122.0
1554282843995198.0
1554282843995283.0
1554282843995359.0
1554282843995469.0

1554282844087177.0
1554282844087216.0
1554282844090724.0
1554282844090820.0
1554282844092736.0
1554282844093723.0
1554282844113805.0
1554282844113901.0
1554282844121760.0
1554282844123670.0
1554282844142822.0
1554282844143380.0
1554282844152569.0
1554282844153040.0
1554282844154975.0
1554282844157087.0
1554282844157351.0
1554282844158035.0
1554282844168003.0
1554282844168190.0
1554282844173214.0
1554282844180920.0

1554282844091910.8
1554282844092941.8
1554282844095406.5
1554282844096164.2
1554282844097887.5
1554282844100705.8
1554282844114128.2
1554282844114219.8
1554282844122066.2
1554282844125287.5
1554282844143544.5
1554282844145396.8
1554282844153374.0
1554282844155260.0
1554282844156022.0
1554282844157377.2
1554282844157771.0
1554282844158455.0
1554282844168791.5
1554282844169212.0
1554282844170082.5
1554282844173492.2
1554282844178430.2
1554282844181235.8
1554282844191213.0

25
12
6
