Time-differences (millis):

0.164
0.155
0.124
0.353
0.106
0.084
0.076
0.079
0.071
0.157
0.078
0.075
0.095
0.073
0.063
0.063
0.052
0.055
0.055
0.062
0.053
0.062
0.06
0.06

0.008
3.16
32.536
0.007
0.059
1.754
1.813
5.771
9.67
1.213
1.259
3.418
0.064
1.19
0.406
0.695
7.15
3.871
2.427
1.58
3.213
1.361
8.784

0.00225
3.34275
30.70225
1.7965
1.3575
2.58625
2.721
2.408
8.2535
1.18875
1.25625
3.412
0.00025
1.615
0.86725
0.00075
9.2925
1.7445
2.27175
1.80025
5.3075
1.94225
6.54975
1.42425

Test:	SR2_n_10
Requests:	25
Success:	13
Used:   	7

Local times (milisec):
min:	0.052
max:	0.353
mean:	0.09479166666666666
median:	0.074
stdev:	0.06450681067289256

Web server times (milisec):
min:	0.007
max:	32.536
mean:	3.974304347826087
median:	1.754
stdev:	6.806098792024578

App server times (milisec):
min:	0.00025
max:	30.70225
mean:	3.826791666666667
median:	1.8712499999999999
stdev:	6.213863033339361
diff:	3.21825