Time-differences (millis):

0.013
0.006
0.007
0.009
0.011
0.009
0.009
0.01
0.009
0.008
0.009
0.113
0.008
0.011
0.022
0.11
0.012
0.008
0.011
0.023
0.046
0.01
0.011
0.056

0.217
8.576
1.6
0.1
8.94
1.494
1.915
3.457
2.441
1.46
0.97
2.968
4.875
0.114
0.082
0.923
3.266
0.041
1.255
1.97
2.716
5.677
0.258

2.5075
6.74375
0.91375
1.003
7.03125
0.05825
1.944
5.8575
1.628
0.817
1.74875
1.23925
4.9565
0.0685
0.862
3.5895
1.02575
0.2795
2.02775
2.593
4.91375
1.30075
0.99025
2.7035

Test:	CR2_n_8
Requests:	25
Success:	13
Used:   	11

Local times (milisec):
min:	0.006
max:	0.113
mean:	0.022541666666666668
median:	0.010499999999999999
stdev:	0.029940490493886248

Web server times (milisec):
min:	0.041
max:	8.94
mean:	2.405
median:	1.6
stdev:	2.5152190398018655

App server times (milisec):
min:	0.05825
max:	7.03125
mean:	2.36678125
median:	1.688375
stdev:	2.073657499591341
diff:	3.1935