Time-differences (millis):

0.012
0.006
0.007
0.007
0.01
0.01
0.009
0.009
0.009
0.009
0.01
0.014
0.014
0.009
0.009
0.007
0.007
0.009
0.009
0.01
0.008
0.01
0.008
0.009

25.429
7.739
1.894
3.932
14.437
4.426
3.857
3.777
1.266
1.43
0.307
3.979
1.287
1.771
4.217
3.67
5.562
2.043
14.763
7.747
13.86
4.523
9.159
16.345

24.658
5.7785
1.611
6.33125
12.104
6.8645
3.70525
2.926
1.307
0.16925
4.46375
1.26075
0.0905
1.216
4.33325
3.75025
8.88925
0.268
12.96575
7.889
14.042
4.378
9.137
16.318

Test:	CR2_n_14
Requests:	25
Success:	18
Used:   	17

Local times (milisec):
min:	0.006
max:	0.014
mean:	0.009208333333333334
median:	0.009
stdev:	0.00197768346407052

Web server times (milisec):
min:	0.307
max:	25.429
mean:	6.559166666666666
median:	4.098
stdev:	6.194257787356922

App server times (milisec):
min:	0.0905
max:	24.658
mean:	6.435677083333333
median:	4.4208750000000006
stdev:	6.040083161714767
diff:	1.513