Time-differences (millis):

0.043
0.027
0.027
0.026
0.011
0.009
0.01
0.01
0.009
0.009
0.01
0.009
0.01
0.031
0.013
0.01
0.01
0.01
0.01
0.011
0.01
0.011
0.043
1.048

12.689
11.325
4.837
7.047
8.687
1.497
0.036
3.755
2.492
3.641
1.154
2.666
5.799
1.244
0.096
5.943
0.944
3.041
1.32
4.936
0.564
1.941

10.34275
13.5945
4.52275
7.68875
6.03175
4.359
0.85475
0.0935
5.10825
0.98175
4.4695
0.6315
4.5675
1.69475
1.04675
5.1525
0.98875
2.30425
1.717
0.59375
2.78625
1.14025
0.56475
1.97875

Test:	CR2_n_3
Requests:	25
Success:	16
Used:   	14

Local times (milisec):
min:	0.009
max:	1.048
mean:	0.059041666666666666
median:	0.01
stdev:	0.21091838091024004

Web server times (milisec):
min:	0.036
max:	12.689
mean:	3.8933636363636364
median:	2.8535
stdev:	3.5145192930857356

App server times (milisec):
min:	0.0935
max:	13.5945
mean:	3.46725
median:	2.1415
stdev:	3.3663976650316334
diff:	3.54225