1554219353028523.0
1554219353028553.0
1554219353028569.0
1554219353028598.0
1554219353028693.0
1554219353028722.0
1554219353028759.0
1554219353028825.0
1554219353028837.0
1554219353028846.0
1554219353028857.0
1554219353028936.0
1554219353028953.0
1554219353028978.0
1554219353029015.0
1554219353029046.0
1554219353029076.0
1554219353029089.0
1554219353029097.0
1554219353029106.0
1554219353029114.0
1554219353029161.0
1554219353029180.0
1554219353029200.0
1554219353029239.0

1554219354209914.0
1554219354218894.0
1554219354226164.0
1554219354226235.0
1554219354231638.0
1554219354235565.0
1554219354240031.0
1554219354242053.0
1554219354242757.0
1554219354245591.0
1554219354254918.0
1554219354260954.0
1554219354262165.0
1554219354267189.0
1554219354268261.0
1554219354272290.0
1554219354276274.0
1554219354277036.0
1554219354278733.0
1554219354282493.0
1554219354284755.0
1554219354288197.0
1554219354296650.0

1554219354212100.2
1554219354221050.5
1554219354228087.8
1554219354230154.8
1554219354231928.8
1554219354237291.2
1554219354240614.5
1554219354249495.0
1554219354254118.5
1554219354257794.8
1554219354261367.5
1554219354262614.2
1554219354262661.8
1554219354267508.8
1554219354268793.5
1554219354273461.5
1554219354276694.2
1554219354278593.8
1554219354278989.2
1554219354282753.2
1554219354285321.5
1554219354288639.8
1554219354297329.2
1554219354298575.0
1554219354300431.8

25
13
10
