1554219266028240.0
1554219266028290.0
1554219266028326.0
1554219266028362.0
1554219266028372.0
1554219266028381.0
1554219266028391.0
1554219266028400.0
1554219266028409.0
1554219266028431.0
1554219266028463.0
1554219266028492.0
1554219266028570.0
1554219266028581.0
1554219266028590.0
1554219266028599.0
1554219266028608.0
1554219266028617.0
1554219266028626.0
1554219266028635.0
1554219266028645.0
1554219266028653.0
1554219266028661.0
1554219266028670.0
1554219266028679.0

1554219267212299.0
1554219267214774.0
1554219267223522.0
1554219267226458.0
1554219267236549.0
1554219267240532.0
1554219267241646.0
1554219267243039.0
1554219267244112.0
1554219267245594.0
1554219267247174.0
1554219267250105.0
1554219267250381.0
1554219267254120.0
1554219267254989.0
1554219267260587.0
1554219267269982.0
1554219267270051.0
1554219267273942.0
1554219267277099.0
1554219267278581.0
1554219267278584.0
1554219267285982.0
1554219267286037.0
1554219267300412.0

1554219267215396.8
1554219267217799.8
1554219267228356.8
1554219267229419.5
1554219267239022.2
1554219267240864.0
1554219267242055.5
1554219267243584.5
1554219267246364.2
1554219267251422.8
1554219267252611.0
1554219267252698.0
1554219267256153.5
1554219267257746.0
1554219267257802.2
1554219267261498.5
1554219267270381.0
1554219267270381.0
1554219267274301.0
1554219267277471.2
1554219267278933.0
1554219267278933.0
1554219267286353.2
1554219267286353.2
1554219267300886.5

25
15
10
