1554219301028328.0
1554219301028371.0
1554219301028398.0
1554219301028425.0
1554219301028451.0
1554219301028462.0
1554219301028471.0
1554219301028481.0
1554219301028491.0
1554219301028500.0
1554219301028509.0
1554219301028519.0
1554219301028528.0
1554219301028538.0
1554219301028569.0
1554219301028582.0
1554219301028592.0
1554219301028602.0
1554219301028612.0
1554219301028622.0
1554219301028633.0
1554219301028643.0
1554219301028654.0
1554219301028697.0
1554219301029745.0

1554219302214487.0
1554219302227176.0
1554219302238501.0
1554219302243338.0
1554219302250385.0
1554219302259072.0
1554219302260569.0
1554219302260605.0
1554219302264360.0
1554219302266852.0
1554219302270493.0
1554219302271647.0
1554219302274313.0
1554219302280112.0
1554219302281356.0
1554219302281452.0
1554219302287395.0
1554219302288339.0
1554219302291380.0
1554219302292700.0
1554219302297636.0
1554219302298200.0
1554219302300141.0

1554219302217337.0
1554219302227679.8
1554219302241274.2
1554219302245797.0
1554219302253485.8
1554219302259517.5
1554219302263876.5
1554219302264731.2
1554219302264824.8
1554219302269933.0
1554219302270914.8
1554219302275384.2
1554219302276015.8
1554219302280583.2
1554219302282278.0
1554219302283324.8
1554219302288477.2
1554219302289466.0
1554219302291770.2
1554219302293487.2
1554219302294081.0
1554219302296867.2
1554219302298007.5
1554219302298572.2
1554219302300551.0

25
16
14
