1554292931029860.0
1554292931029879.0
1554292931029891.0
1554292931029901.0
1554292931029925.0
1554292931029937.0
1554292931029946.0
1554292931029955.0
1554292931029965.0
1554292931029974.0
1554292931030003.0
1554292931030023.0
1554292931030054.0
1554292931030064.0
1554292931030074.0
1554292931030084.0
1554292931030094.0
1554292931030104.0
1554292931030113.0
1554292931030122.0
1554292931030132.0
1554292931030143.0
1554292931030153.0
1554292931030163.0
1554292931030172.0

1554292931125907.0
1554292931126037.0
1554292931135488.0
1554292931144054.0
1554292931151046.0
1554292931151127.0
1554292931151168.0
1554292931160691.0
1554292931162805.0
1554292931164396.0
1554292931171524.0
1554292931176951.0
1554292931182252.0
1554292931184488.0
1554292931187525.0
1554292931189961.0
1554292931196897.0
1554292931199092.0
1554292931204497.0
1554292931204566.0
1554292931221009.0
1554292931221392.0
1554292931233763.0
1554292931234251.0
1554292931234298.0

1554292931129482.0
1554292931129742.8
1554292931138459.5
1554292931148896.5
1554292931155497.0
1554292931159006.5
1554292931161240.5
1554292931161418.0
1554292931163922.8
1554292931164790.2
1554292931171878.8
1554292931177373.8
1554292931182650.2
1554292931188539.2
1554292931190075.5
1554292931197576.5
1554292931199790.0
1554292931205144.8
1554292931212515.5
1554292931215270.0
1554292931221741.0
1554292931223597.0
1554292931234271.2
1554292931234694.5
1554292931240476.2

25
16
13
