Time-differences (millis):

0.019
0.012
0.01
0.024
0.012
0.009
0.009
0.01
0.009
0.029
0.02
0.031
0.01
0.01
0.01
0.01
0.01
0.009
0.009
0.01
0.011
0.01
0.01
0.009

0.13
9.451
8.566
6.992
0.081
0.041
9.523
2.114
1.591
7.128
5.427
5.301
2.236
3.037
2.436
6.936
2.195
5.405
0.069
16.443
0.383
12.371
0.488
0.047

0.26075
8.71675
10.437
6.6005
3.5095
2.234
0.1775
2.50475
0.8675
7.0885
5.495
5.2765
5.889
1.53625
7.501
2.2135
5.35475
7.37075
2.7545
6.471
1.856
10.67425
0.42325
5.78175

Test:	CR2_n_15
Requests:	25
Success:	16
Used:   	13

Local times (milisec):
min:	0.009
max:	0.031
mean:	0.013
median:	0.01
stdev:	0.006520869507238646

Web server times (milisec):
min:	0.041
max:	16.443
mean:	4.516291666666667
median:	2.7365
stdev:	4.444037103895185

App server times (milisec):
min:	0.1775
max:	10.67425
mean:	4.624760416666667
median:	5.315625000000001
stdev:	3.1590688823910003
diff:	3.7145