1554292852018726.0
1554292852018742.0
1554292852018748.0
1554292852018753.0
1554292852018760.0
1554292852018766.0
1554292852018772.0
1554292852018779.0
1554292852018785.0
1554292852018791.0
1554292852018797.0
1554292852018803.0
1554292852018809.0
1554292852018817.0
1554292852018822.0
1554292852018828.0
1554292852018834.0
1554292852018840.0
1554292852018847.0
1554292852018853.0
1554292852018859.0
1554292852018864.0
1554292852018870.0
1554292852018876.0
1554292852018882.0

1554292852112947.0
1554292852112948.0
1554292852116935.0
1554292852128870.0
1554292852134127.0
1554292852134990.0
1554292852135711.0
1554292852137889.0
1554292852146084.0
1554292852148124.0
1554292852148584.0
1554292852158127.0
1554292852164084.0
1554292852167586.0
1554292852169987.0
1554292852172807.0
1554292852188754.0
1554292852188954.0
1554292852189558.0
1554292852194034.0
1554292852204579.0
1554292852205207.0
1554292852205952.0
1554292852208271.0
1554292852222521.0

1554292852115569.0
1554292852115571.0
1554292852119094.8
1554292852129301.2
1554292852136331.5
1554292852137554.0
1554292852138194.2
1554292852141213.0
1554292852146377.0
1554292852148501.8
1554292852148897.8
1554292852158572.8
1554292852164868.0
1554292852167851.5
1554292852170264.8
1554292852173070.2
1554292852189361.2
1554292852189921.0
1554292852191496.0
1554292852194306.5
1554292852205074.5
1554292852205560.5
1554292852206242.2
1554292852208684.8
1554292852222845.5

25
22
19
