Time-differences (millis):

0.03
0.016
0.029
0.095
0.029
0.037
0.066
0.012
0.009
0.011
0.079
0.017
0.025
0.037
0.031
0.03
0.013
0.008
0.009
0.008
0.047
0.019
0.02
0.039

8.98
7.27
0.071
5.403
3.927
4.466
2.022
0.704
2.834
9.327
6.036
1.211
5.024
1.072
4.029
3.984
0.762
1.697
3.76
2.262
3.442
8.453

8.95025
7.03725
2.067
1.774
5.3625
3.32325
8.8805
4.6235
3.67625
3.57275
1.24675
0.0475
4.847
1.28475
4.668
3.23275
1.8995
0.3955
3.764
2.56825
3.31825
8.6895
1.24575
1.85675

Test:	CR2_n_4
Requests:	25
Success:	13
Used:   	10

Local times (milisec):
min:	0.008
max:	0.095
mean:	0.029833333333333333
median:	0.027000000000000003
stdev:	0.02267668150453172

Web server times (milisec):
min:	0.071
max:	9.327
mean:	3.9425454545454546
median:	3.8434999999999997
stdev:	2.7439556210362532

App server times (milisec):
min:	0.0475
max:	8.95025
mean:	3.6804791666666667
median:	3.32075
stdev:	2.581322794443252
diff:	5.82175