1554219559052663.0
1554219559052680.0
1554219559052690.0
1554219559052699.0
1554219559052709.0
1554219559052740.0
1554219559052753.0
1554219559052762.0
1554219559052772.0
1554219559052781.0
1554219559052790.0
1554219559052798.0
1554219559052807.0
1554219559052816.0
1554219559052824.0
1554219559052833.0
1554219559052844.0
1554219559052975.0
1554219559052987.0
1554219559052995.0
1554219559053005.0
1554219559053015.0
1554219559053027.0
1554219559053084.0
1554219559053794.0

1554219560231486.0
1554219560248064.0
1554219560248264.0
1554219560250248.0
1554219560258892.0
1554219560267314.0
1554219560267618.0
1554219560270885.0
1554219560274290.0
1554219560274426.0
1554219560275690.0
1554219560288714.0
1554219560288750.0
1554219560292566.0
1554219560292673.0
1554219560295665.0
1554219560297626.0
1554219560299088.0
1554219560299403.0
1554219560299907.0
1554219560306861.0
1554219560307664.0
1554219560310777.0
1554219560312958.0
1554219560314124.0

1554219560233909.8
1554219560250702.8
1554219560253639.5
1554219560256721.5
1554219560261835.2
1554219560267722.2
1554219560267962.0
1554219560271338.5
1554219560274657.0
1554219560274719.0
1554219560276056.0
1554219560289260.0
1554219560292917.5
1554219560295877.8
1554219560296548.0
1554219560297979.0
1554219560299574.0
1554219560300226.2
1554219560300245.0
1554219560308285.0
1554219560311119.8
1554219560313385.2
1554219560314520.5
1554219560321136.2
1554219560321140.5

25
19
16
