1554219436034916.0
1554219436034932.0
1554219436034942.0
1554219436034952.0
1554219436034962.0
1554219436034974.0
1554219436035005.0
1554219436035277.0
1554219436035292.0
1554219436035342.0
1554219436035406.0
1554219436035443.0
1554219436035458.0
1554219436035539.0
1554219436035554.0
1554219436035661.0
1554219436035681.0
1554219436035700.0
1554219436035762.0
1554219436035779.0
1554219436035804.0
1554219436035868.0
1554219436035897.0
1554219436035934.0
1554219436035989.0

1554219437215380.0
1554219437226825.0
1554219437234002.0
1554219437240550.0
1554219437242318.0
1554219437250883.0
1554219437258692.0
1554219437259469.0
1554219437260054.0
1554219437260140.0
1554219437260619.0
1554219437269059.0
1554219437274437.0
1554219437278581.0
1554219437284372.0
1554219437284566.0
1554219437284606.0
1554219437284637.0
1554219437286135.0
1554219437286384.0
1554219437292068.0
1554219437292146.0
1554219437298626.0
1554219437299396.0

1554219437217635.5
1554219437229311.0
1554219437236495.2
1554219437250192.8
1554219437252612.0
1554219437253845.5
1554219437259134.8
1554219437259942.5
1554219437260893.0
1554219437260931.8
1554219437265372.8
1554219437270924.5
1554219437274765.2
1554219437279365.5
1554219437284800.2
1554219437284979.0
1554219437287016.8
1554219437288120.0
1554219437289152.0
1554219437289998.2
1554219437292360.5
1554219437292470.8
1554219437294590.5
1554219437300606.0
1554219437302388.8

25
17
13
