Time-differences (millis):

0.032
0.011
0.009
0.012
0.03
0.011
0.009
0.01
0.008
0.009
0.01
0.009
0.01
0.01
0.009
0.01
0.009
0.009
0.01
0.009
0.01
0.033
0.011
0.008

0.158
8.096
0.216
3.428
10.118
0.89
11.144
4.84
6.756
5.088
4.102
7.879
1.106
0.289
0.284
1.521
0.092
7.868
0.936
1.166
2.199
3.275
2.061
0.296

1.341
5.184
4.65725
0.94575
8.49
1.504
8.80775
3.94925
6.766
5.173
4.02475
8.07425
1.27975
0.35975
1.2335
0.06375
2.036
6.4745
1.25875
0.2285
2.36125
5.62625
0.02175
1.958

Test:	CR2_n_1
Requests:	25
Success:	15
Used:   	11

Local times (milisec):
min:	0.008
max:	0.033
mean:	0.012416666666666666
median:	0.01
stdev:	0.00750603621828092

Web server times (milisec):
min:	0.092
max:	11.144
mean:	3.492
median:	2.13
stdev:	3.4494746039764173

App server times (milisec):
min:	0.02175
max:	8.80775
mean:	3.4091145833333334
median:	2.198625
stdev:	2.8424677754082985
diff:	2.0475