1554292906021568.0
1554292906021580.0
1554292906021586.0
1554292906021593.0
1554292906021600.0
1554292906021610.0
1554292906021620.0
1554292906021629.0
1554292906021638.0
1554292906021647.0
1554292906021656.0
1554292906021666.0
1554292906021680.0
1554292906021694.0
1554292906021703.0
1554292906021712.0
1554292906021719.0
1554292906021726.0
1554292906021735.0
1554292906021744.0
1554292906021754.0
1554292906021762.0
1554292906021772.0
1554292906021780.0
1554292906021789.0

1554292906119203.0
1554292906144632.0
1554292906152371.0
1554292906154265.0
1554292906158197.0
1554292906172634.0
1554292906177060.0
1554292906180917.0
1554292906184694.0
1554292906185960.0
1554292906187390.0
1554292906187697.0
1554292906191676.0
1554292906192963.0
1554292906194734.0
1554292906198951.0
1554292906202621.0
1554292906208183.0
1554292906210226.0
1554292906224989.0
1554292906232736.0
1554292906246596.0
1554292906251119.0
1554292906260278.0
1554292906276623.0

1554292906122579.8
1554292906147237.8
1554292906153016.2
1554292906154627.2
1554292906160958.5
1554292906173062.5
1554292906179927.0
1554292906183632.2
1554292906186558.2
1554292906187865.2
1554292906188034.5
1554292906192498.2
1554292906193759.0
1554292906193849.5
1554292906195065.5
1554292906199398.8
1554292906203149.0
1554292906212038.2
1554292906212306.2
1554292906225272.0
1554292906233161.0
1554292906247203.0
1554292906251581.0
1554292906260718.0
1554292906277036.0

25
18
17
