1554292824017146.0
1554292824017157.0
1554292824017163.0
1554292824017169.0
1554292824017175.0
1554292824017181.0
1554292824017186.0
1554292824017192.0
1554292824017198.0
1554292824017205.0
1554292824017211.0
1554292824017217.0
1554292824017223.0
1554292824017229.0
1554292824017235.0
1554292824017242.0
1554292824017248.0
1554292824017254.0
1554292824017260.0
1554292824017266.0
1554292824017272.0
1554292824017278.0
1554292824017284.0
1554292824017290.0
1554292824017296.0

1554292824139246.0
1554292824146628.0
1554292824156005.0
1554292824178265.0
1554292824188860.0
1554292824188937.0
1554292824189831.0
1554292824190986.0
1554292824200733.0
1554292824209152.0
1554292824209241.0
1554292824210889.0
1554292824211881.0
1554292824213503.0
1554292824213618.0
1554292824217693.0
1554292824219599.0
1554292824224023.0
1554292824240686.0
1554292824242428.0
1554292824257802.0
1554292824258006.0
1554292824258156.0
1554292824264223.0
1554292824267224.0

1554292824141590.0
1554292824149016.5
1554292824156541.5
1554292824180190.8
1554292824189244.2
1554292824190903.8
1554292824191177.2
1554292824193514.8
1554292824201015.5
1554292824209451.8
1554292824209956.8
1554292824211495.8
1554292824212091.5
1554292824215989.8
1554292824217961.5
1554292824219980.0
1554292824220278.5
1554292824225480.0
1554292824241005.2
1554292824242787.2
1554292824258439.0
1554292824258439.5
1554292824259342.0
1554292824264707.2
1554292824267623.0

25
19
17
