1554219591035056.0
1554219591035069.0
1554219591035075.0
1554219591035082.0
1554219591035091.0
1554219591035102.0
1554219591035111.0
1554219591035120.0
1554219591035130.0
1554219591035139.0
1554219591035147.0
1554219591035156.0
1554219591035269.0
1554219591035277.0
1554219591035288.0
1554219591035310.0
1554219591035420.0
1554219591035432.0
1554219591035440.0
1554219591035451.0
1554219591035474.0
1554219591035520.0
1554219591035530.0
1554219591035541.0
1554219591035597.0

1554219592243719.0
1554219592243936.0
1554219592252512.0
1554219592254112.0
1554219592254212.0
1554219592263152.0
1554219592264646.0
1554219592266561.0
1554219592270018.0
1554219592272459.0
1554219592273919.0
1554219592274889.0
1554219592277857.0
1554219592282732.0
1554219592282846.0
1554219592282928.0
1554219592283851.0
1554219592287117.0
1554219592287158.0
1554219592288413.0
1554219592290383.0
1554219592293099.0
1554219592298776.0
1554219592299034.0

1554219592246653.5
1554219592249161.0
1554219592255904.8
1554219592256818.5
1554219592257821.5
1554219592264852.8
1554219592264911.0
1554219592266855.0
1554219592272712.5
1554219592274340.5
1554219592275157.5
1554219592276906.2
1554219592278145.5
1554219592283102.0
1554219592283170.5
1554219592284032.5
1554219592287622.0
1554219592288647.8
1554219592288927.2
1554219592290955.0
1554219592293548.0
1554219592298461.8
1554219592299762.5
1554219592300752.8
1554219592303456.2

25
13
11
