\Success codes:
15
15
16
13
18
17
19
13
11
13
19
22
16
18
16

Vouchers used:
11
10
14
10
13
13
16
11
3
13
17
19
14
17
13

Ratio:
1.3636363636363635
1.5
1.1428571428571428
1.3
1.3846153846153846
1.3076923076923077
1.1875
1.1818181818181819
3.6666666666666665
1.0
1.1176470588235294
1.1578947368421053
1.1428571428571428
1.0588235294117647
1.2307692307692308

Local:
0.032
0.011
0.009
0.012
0.03
0.011
0.009
0.01
0.008
0.009
0.01
0.009
0.01
0.01
0.009
0.01
0.009
0.009
0.01
0.009
0.01
0.033
0.011
0.008
0.05
0.036
0.036
0.01
0.009
0.01
0.009
0.009
0.022
0.032
0.029
0.078
0.011
0.009
0.009
0.009
0.009
0.009
0.009
0.01
0.008
0.008
0.009
0.009
0.043
0.027
0.027
0.026
0.011
0.009
0.01
0.01
0.009
0.009
0.01
0.009
0.01
0.031
0.013
0.01
0.01
0.01
0.01
0.011
0.01
0.011
0.043
1.048
0.03
0.016
0.029
0.095
0.029
0.037
0.066
0.012
0.009
0.011
0.079
0.017
0.025
0.037
0.031
0.03
0.013
0.008
0.009
0.008
0.047
0.019
0.02
0.039
0.015
0.009
0.007
0.009
0.01
0.027
0.134
0.014
0.045
0.054
0.028
0.013
0.011
0.028
0.016
0.018
0.012
0.011
0.068
0.011
0.008
0.009
0.012
0.053
0.016
0.01
0.01
0.01
0.012
0.031
0.272
0.015
0.05
0.064
0.037
0.015
0.081
0.015
0.107
0.02
0.019
0.062
0.017
0.025
0.064
0.029
0.037
0.055
0.017
0.01
0.009
0.01
0.031
0.013
0.009
0.01
0.009
0.009
0.008
0.009
0.009
0.008
0.009
0.011
0.131
0.012
0.008
0.01
0.01
0.012
0.057
0.71
0.013
0.006
0.007
0.009
0.011
0.009
0.009
0.01
0.009
0.008
0.009
0.113
0.008
0.011
0.022
0.11
0.012
0.008
0.011
0.023
0.046
0.01
0.011
0.056
0.021
0.011
0.01
0.011
0.009
0.01
0.01
0.012
0.151
0.014
0.046
0.04
0.013
0.011
0.056
0.038
0.013
0.011
0.01
0.01
0.009
0.059
0.011
0.009
0.013
0.007
0.007
0.006
0.009
0.01
0.01
0.01
0.01
0.009
0.009
0.009
0.009
0.009
0.01
0.01
0.009
0.01
0.01
0.009
0.009
0.009
0.01
0.477
0.011
0.006
0.006
0.006
0.006
0.005
0.006
0.006
0.007
0.006
0.006
0.006
0.006
0.006
0.007
0.006
0.006
0.006
0.006
0.006
0.006
0.006
0.006
0.006
0.016
0.006
0.005
0.007
0.006
0.006
0.007
0.006
0.006
0.006
0.006
0.006
0.008
0.005
0.006
0.006
0.006
0.007
0.006
0.006
0.005
0.006
0.006
0.006
0.017
0.011
0.027
0.01
0.036
0.025
0.009
0.008
0.009
0.07
0.025
0.164
0.025
0.807
0.535
0.013
0.011
0.055
0.014
0.678
0.034
0.188
0.062
3.695
0.012
0.006
0.007
0.007
0.01
0.01
0.009
0.009
0.009
0.009
0.01
0.014
0.014
0.009
0.009
0.007
0.007
0.009
0.009
0.01
0.008
0.01
0.008
0.009
0.019
0.012
0.01
0.024
0.012
0.009
0.009
0.01
0.009
0.029
0.02
0.031
0.01
0.01
0.01
0.01
0.01
0.009
0.009
0.01
0.011
0.01
0.01
0.009

Web:
0.158
8.096
0.216
3.428
10.118
0.89
11.144
4.84
6.756
5.088
4.102
7.879
1.106
0.289
0.284
1.521
0.092
7.868
0.936
1.166
2.199
3.275
2.061
0.296
2.475
8.748
2.936
10.091
3.983
1.114
1.393
1.073
1.482
1.58
2.931
0.276
3.739
0.869
5.598
9.395
0.069
3.891
3.157
1.482
0.003
7.398
0.055
14.375
12.689
11.325
4.837
7.047
8.687
1.497
0.036
3.755
2.492
3.641
1.154
2.666
5.799
1.244
0.096
5.943
0.944
3.041
1.32
4.936
0.564
1.941
8.98
7.27
0.071
5.403
3.927
4.466
2.022
0.704
2.834
9.327
6.036
1.211
5.024
1.072
4.029
3.984
0.762
1.697
3.76
2.262
3.442
8.453
3.298
24.076
1.654
9.38
9.531
0.118
5.552
3.229
2.299
0.319
2.477
0.563
2.395
9.215
1.663
0.681
1.834
0.894
1.426
1.748
1.489
4.805
2.972
1.416
11.445
7.177
6.548
1.768
8.565
7.809
0.777
0.585
0.086
0.479
8.44
5.378
4.144
5.791
0.194
0.04
0.031
1.498
0.249
5.684
0.078
6.48
0.77
16.578
0.2
1.984
8.644
8.422
0.304
3.267
3.405
0.136
1.264
13.024
0.036
3.816
0.107
2.992
1.961
1.462
0.315
0.504
6.954
0.803
3.113
2.181
1.166
0.217
8.576
1.6
0.1
8.94
1.494
1.915
3.457
2.441
1.46
0.97
2.968
4.875
0.114
0.082
0.923
3.266
0.041
1.255
1.97
2.716
5.677
0.258
2.616
3.431
3.841
14.378
8.287
4.486
5.016
4.695
0.936
3.906
0.04
2.413
1.292
18.092
2.09
4.858
0.222
4.585
2.915
5.544
9.049
2.687
4.325
5.46
3.759
3.58
3.41
4.814
8.357
0.843
2.876
0.93
5.991
0.981
5.124
2.955
1.27
2.71
8.581
0.334
2.766
0.718
4.268
2.183
4.454
0.808
0.743
7.922
7.382
9.377
22.26
10.595
0.077
0.894
1.155
9.747
8.419
0.089
1.648
0.992
1.622
0.115
4.075
1.906
4.424
16.663
1.742
15.374
0.204
0.15
6.067
3.001
0.001
3.987
11.935
5.257
0.863
0.721
2.178
8.195
2.04
0.46
9.543
5.957
3.502
2.401
2.82
15.947
0.2
0.604
4.476
10.545
0.628
0.745
2.319
14.25
5.879
6.442
2.74
7.606
13.821
2.852
0.112
2.284
6.919
0.057
0.032
4.449
6.38
2.502
0.81
6.563
7.739
0.001
5.522
1.167
1.935
1.952
0.203
2.769
25.429
7.739
1.894
3.932
14.437
4.426
3.857
3.777
1.266
1.43
0.307
3.979
1.287
1.771
4.217
3.67
5.562
2.043
14.763
7.747
13.86
4.523
9.159
16.345
0.13
9.451
8.566
6.992
0.081
0.041
9.523
2.114
1.591
7.128
5.427
5.301
2.236
3.037
2.436
6.936
2.195
5.405
0.069
16.443
0.383
12.371
0.488
0.047

App:
1.341
5.184
4.65725
0.94575
8.49
1.504
8.80775
3.94925
6.766
5.173
4.02475
8.07425
1.27975
0.35975
1.2335
0.06375
2.036
6.4745
1.25875
0.2285
2.36125
5.62625
0.02175
1.958
2.403
10.557
1.06275
9.60275
1.84175
1.1915
1.529
2.77975
5.0585
1.18825
0.087
3.4555
1.5925
0.05625
3.69625
8.8825
0.0
3.92
3.17025
1.46175
0.0
7.42025
0.0
14.53325
10.34275
13.5945
4.52275
7.68875
6.03175
4.359
0.85475
0.0935
5.10825
0.98175
4.4695
0.6315
4.5675
1.69475
1.04675
5.1525
0.98875
2.30425
1.717
0.59375
2.78625
1.14025
0.56475
1.97875
8.95025
7.03725
2.067
1.774
5.3625
3.32325
8.8805
4.6235
3.67625
3.57275
1.24675
0.0475
4.847
1.28475
4.668
3.23275
1.8995
0.3955
3.764
2.56825
3.31825
8.6895
1.24575
1.85675
3.167
25.5695
2.756
7.917
6.5895
0.5915
5.5685
2.67875
2.117
1.00425
2.25925
0.1815
2.47075
9.2115
1.597
2.754
0.58625
0.133
1.58425
1.69975
1.3965
4.906
3.0015
4.98675
11.6755
7.18425
13.6975
2.41925
1.2335
5.28925
0.80775
0.9505
0.03875
4.441
5.55175
3.84075
4.60025
5.43475
0.17875
2.03775
1.10325
1.032
0.84625
2.36225
0.11025
2.11975
6.0155
1.78275
16.793
2.93675
3.082
5.11375
5.887
0.23975
3.3765
3.3185
0.062
1.337
13.204
3.6575
2.96025
0.67025
1.431
1.595
0.65225
0.01875
8.04
2.83475
2.2655
1.13525
6.61575
0.00425
2.5075
6.74375
0.91375
1.003
7.03125
0.05825
1.944
5.8575
1.628
0.817
1.74875
1.23925
4.9565
0.0685
0.862
3.5895
1.02575
0.2795
2.02775
2.593
4.91375
1.30075
0.99025
2.7035
1.8695
2.64925
5.22875
14.8035
5.6805
6.99875
2.53175
5.5975
0.99875
2.8535
3.343
2.496
13.29575
2.79675
2.22275
4.79825
1.067
3.71525
2.90825
5.63525
9.571
2.167
9.7145
6.03325
3.59225
2.965
4.44475
2.72075
8.13025
2.33925
1.457
0.7795
6.4065
0.5895
5.0945
4.2935
1.60375
2.9465
6.89325
0.51825
2.325
0.96825
4.038
2.034
4.685
1.538
0.441
7.3995
7.4265
7.525
23.64925
9.0535
1.6595
0.2735
2.3375
7.50075
8.43625
0.505
1.539
0.59575
3.89825
1.97175
2.0185
0.2985
5.2015
15.52525
1.782
15.65175
0.0005
0.9025
5.36525
2.91575
0.002
3.52375
10.2065
7.03025
1.2225
0.64025
3.01875
5.164
2.12475
0.396
9.675
6.29525
2.9835
2.41325
2.8055
16.291
0.55975
1.575
2.8105
10.768
0.486
0.68175
2.4425
14.16075
5.616
6.2095
1.07525
7.71275
14.05975
4.94975
0.05375
2.17675
4.7995
0.0325
0.4155
4.00425
6.34275
2.518
3.0045
4.3065
7.77875
0.0
5.57925
1.07425
1.9655
2.20975
0.0305
3.43
24.658
5.7785
1.611
6.33125
12.104
6.8645
3.70525
2.926
1.307
0.16925
4.46375
1.26075
0.0905
1.216
4.33325
3.75025
8.88925
0.268
12.96575
7.889
14.042
4.378
9.137
16.318
0.26075
8.71675
10.437
6.6005
3.5095
2.234
0.1775
2.50475
0.8675
7.0885
5.495
5.2765
5.889
1.53625
7.501
2.2135
5.35475
7.37075
2.7545
6.471
1.856
10.67425
0.42325
5.78175

Diff:
2.0475
2.0095
3.54225
5.82175
1.3675
3.45175
3.10125
3.1935
2.43975
1.05975
1.2245
1.08375
0.9735
1.513
3.7145