Time-differences (millis):

0.015
0.009
0.007
0.009
0.01
0.027
0.134
0.014
0.045
0.054
0.028
0.013
0.011
0.028
0.016
0.018
0.012
0.011
0.068
0.011
0.008
0.009
0.012
0.053

3.298
24.076
1.654
9.38
9.531
0.118
5.552
3.229
2.299
0.319
2.477
0.563
2.395
9.215
1.663
0.681
1.834
0.894
1.426
1.748
1.489
4.805
2.972
1.416

3.167
25.5695
2.756
7.917
6.5895
0.5915
5.5685
2.67875
2.117
1.00425
2.25925
0.1815
2.47075
9.2115
1.597
2.754
0.58625
0.133
1.58425
1.69975
1.3965
4.906
3.0015
4.98675

Test:	CR2_n_5
Requests:	25
Success:	18
Used:   	13

Local times (milisec):
min:	0.007
max:	0.134
mean:	0.025916666666666668
median:	0.0135
stdev:	0.028577760685489364

Web server times (milisec):
min:	0.118
max:	24.076
mean:	3.8764166666666666
median:	2.0665
stdev:	5.123828289529198

App server times (milisec):
min:	0.133
max:	25.5695
mean:	3.9469583333333333
median:	2.57475
stdev:	5.190083033005614
diff:	1.3675