Time-differences (millis):

0.021
0.011
0.01
0.011
0.009
0.01
0.01
0.012
0.151
0.014
0.046
0.04
0.013
0.011
0.056
0.038
0.013
0.011
0.01
0.01
0.009
0.059
0.011
0.009

2.616
3.431
3.841
14.378
8.287
4.486
5.016
4.695
0.936
3.906
0.04
2.413
1.292
18.092
2.09
4.858
0.222
4.585
2.915
5.544
9.049
2.687
4.325
5.46

1.8695
2.64925
5.22875
14.8035
5.6805
6.99875
2.53175
5.5975
0.99875
2.8535
3.343
2.496
13.29575
2.79675
2.22275
4.79825
1.067
3.71525
2.90825
5.63525
9.571
2.167
9.7145
6.03325

Test:	CR2_n_9
Requests:	25
Success:	11
Used:   	3

Local times (milisec):
min:	0.009
max:	0.151
mean:	0.024791666666666667
median:	0.011
stdev:	0.031133623885309016

Web server times (milisec):
min:	0.04
max:	18.092
mean:	4.7985
median:	4.1155
stdev:	4.171977593837035

App server times (milisec):
min:	0.99875
max:	14.8035
mean:	4.957322916666667
median:	3.529125
stdev:	3.6565809333541877
diff:	2.43975