1554219662037094.0
1554219662037115.0
1554219662037126.0
1554219662037136.0
1554219662037147.0
1554219662037156.0
1554219662037166.0
1554219662037176.0
1554219662037188.0
1554219662037339.0
1554219662037353.0
1554219662037399.0
1554219662037439.0
1554219662037452.0
1554219662037463.0
1554219662037519.0
1554219662037557.0
1554219662037570.0
1554219662037581.0
1554219662037591.0
1554219662037601.0
1554219662037610.0
1554219662037669.0
1554219662037680.0
1554219662037689.0

1554219662196148.0
1554219662198764.0
1554219662202195.0
1554219662206036.0
1554219662220414.0
1554219662228701.0
1554219662233187.0
1554219662238203.0
1554219662242898.0
1554219662243834.0
1554219662247740.0
1554219662247780.0
1554219662250193.0
1554219662251485.0
1554219662269577.0
1554219662271667.0
1554219662276525.0
1554219662276747.0
1554219662281332.0
1554219662284247.0
1554219662289791.0
1554219662298840.0
1554219662301527.0
1554219662305852.0
1554219662311312.0

1554219662198911.8
1554219662200781.2
1554219662203430.5
1554219662208659.2
1554219662223462.8
1554219662229143.2
1554219662236142.0
1554219662238673.8
1554219662244271.2
1554219662245270.0
1554219662248123.5
1554219662251466.5
1554219662253962.5
1554219662267258.2
1554219662270055.0
1554219662272277.8
1554219662277076.0
1554219662278143.0
1554219662281858.2
1554219662284766.5
1554219662290401.8
1554219662299972.8
1554219662302139.8
1554219662311854.2
1554219662317887.5

25
11
3
