1554219225035313.0
1554219225035345.0
1554219225035356.0
1554219225035365.0
1554219225035377.0
1554219225035407.0
1554219225035418.0
1554219225035427.0
1554219225035437.0
1554219225035445.0
1554219225035454.0
1554219225035464.0
1554219225035473.0
1554219225035483.0
1554219225035493.0
1554219225035502.0
1554219225035512.0
1554219225035521.0
1554219225035530.0
1554219225035540.0
1554219225035549.0
1554219225035559.0
1554219225035592.0
1554219225035603.0
1554219225035611.0

1554219226226867.0
1554219226227025.0
1554219226235121.0
1554219226235337.0
1554219226238765.0
1554219226248883.0
1554219226249773.0
1554219226260917.0
1554219226265757.0
1554219226272513.0
1554219226277601.0
1554219226281703.0
1554219226289582.0
1554219226290688.0
1554219226290977.0
1554219226291261.0
1554219226292782.0
1554219226292874.0
1554219226300742.0
1554219226301678.0
1554219226302844.0
1554219226305043.0
1554219226308318.0
1554219226310379.0
1554219226310675.0

1554219226231339.5
1554219226232680.5
1554219226237864.5
1554219226242521.8
1554219226243467.5
1554219226251957.5
1554219226253461.5
1554219226262269.2
1554219226266218.5
1554219226272984.5
1554219226278157.5
1554219226282182.2
1554219226290256.5
1554219226291536.2
1554219226291896.0
1554219226293129.5
1554219226293193.2
1554219226295229.2
1554219226301703.8
1554219226302962.5
1554219226303191.0
1554219226305552.2
1554219226311178.5
1554219226311200.2
1554219226313158.2

25
15
11
