Time-differences (millis):

0.016
0.01
0.01
0.01
0.012
0.031
0.272
0.015
0.05
0.064
0.037
0.015
0.081
0.015
0.107
0.02
0.019
0.062
0.017
0.025
0.064
0.029
0.037
0.055

11.445
7.177
6.548
1.768
8.565
7.809
0.777
0.585
0.086
0.479
8.44
5.378
4.144
5.791
0.194
0.04
0.031
1.498
0.249
5.684
0.078
6.48
0.77

11.6755
7.18425
13.6975
2.41925
1.2335
5.28925
0.80775
0.9505
0.03875
4.441
5.55175
3.84075
4.60025
5.43475
0.17875
2.03775
1.10325
1.032
0.84625
2.36225
0.11025
2.11975
6.0155
1.78275

Test:	CR2_n_6
Requests:	25
Success:	17
Used:   	13

Local times (milisec):
min:	0.01
max:	0.272
mean:	0.044708333333333336
median:	0.027000000000000003
stdev:	0.054840860018203874

Web server times (milisec):
min:	0.031
max:	11.445
mean:	3.6528695652173915
median:	1.768
stdev:	3.6006996328282925

App server times (milisec):
min:	0.03875
max:	13.6975
mean:	3.5313854166666667
median:	2.2409999999999997
stdev:	3.5250110653381417
diff:	3.45175