Time-differences (millis):

0.017
0.011
0.027
0.01
0.036
0.025
0.009
0.008
0.009
0.07
0.025
0.164
0.025
0.807
0.535
0.013
0.011
0.055
0.014
0.678
0.034
0.188
0.062
3.695

5.879
6.442
2.74
7.606
13.821
2.852
0.112
2.284
6.919
0.057
0.032
4.449
6.38
2.502
0.81
6.563
7.739
0.001
5.522
1.167
1.935
1.952
0.203
2.769

5.616
6.2095
1.07525
7.71275
14.05975
4.94975
0.05375
2.17675
4.7995
0.0325
0.4155
4.00425
6.34275
2.518
3.0045
4.3065
7.77875
0.0
5.57925
1.07425
1.9655
2.20975
0.0305
3.43

Test:	CR2_n_13
Requests:	25
Success:	16
Used:   	14

Local times (milisec):
min:	0.008
max:	3.695
mean:	0.272
median:	0.026000000000000002
stdev:	0.7620011982188457

Web server times (milisec):
min:	0.001
max:	13.821
mean:	3.7806666666666664
median:	2.7545
stdev:	3.4143871901203546

App server times (milisec):
min:	0.0
max:	14.05975
mean:	3.7227083333333333
median:	3.21725
stdev:	3.308369227253902
diff:	0.9735