1554219755040573.0
1554219755040586.0
1554219755040593.0
1554219755040600.0
1554219755040606.0
1554219755040615.0
1554219755040625.0
1554219755040635.0
1554219755040645.0
1554219755040655.0
1554219755040664.0
1554219755040673.0
1554219755040682.0
1554219755040691.0
1554219755040700.0
1554219755040710.0
1554219755040720.0
1554219755040729.0
1554219755040739.0
1554219755040749.0
1554219755040758.0
1554219755040767.0
1554219755040776.0
1554219755040786.0
1554219755041263.0

1554219755194285.0
1554219755198044.0
1554219755201624.0
1554219755205034.0
1554219755209848.0
1554219755218205.0
1554219755219048.0
1554219755221924.0
1554219755222854.0
1554219755228845.0
1554219755229826.0
1554219755234950.0
1554219755237905.0
1554219755239175.0
1554219755241885.0
1554219755250466.0
1554219755250800.0
1554219755253566.0
1554219755254284.0
1554219755258552.0
1554219755260735.0
1554219755265189.0
1554219755265997.0
1554219755266740.0
1554219755274662.0

1554219755196797.2
1554219755200389.5
1554219755203354.5
1554219755207799.2
1554219755210520.0
1554219755218650.2
1554219755220989.5
1554219755222446.5
1554219755223226.0
1554219755229632.5
1554219755230222.0
1554219755235316.5
1554219755239610.0
1554219755241213.8
1554219755244160.2
1554219755251053.5
1554219755251571.8
1554219755253896.8
1554219755254865.0
1554219755258903.0
1554219755260937.0
1554219755265622.0
1554219755267160.0
1554219755267601.0
1554219755275000.5

25
13
13
