Time-differences (millis):

0.011
0.006
0.006
0.006
0.006
0.005
0.006
0.006
0.007
0.006
0.006
0.006
0.006
0.006
0.007
0.006
0.006
0.006
0.006
0.006
0.006
0.006
0.006
0.006

7.382
9.377
22.26
10.595
0.077
0.894
1.155
9.747
8.419
0.089
1.648
0.992
1.622
0.115
4.075
1.906
4.424
16.663
1.742
15.374
0.204
0.15
6.067
3.001

7.4265
7.525
23.64925
9.0535
1.6595
0.2735
2.3375
7.50075
8.43625
0.505
1.539
0.59575
3.89825
1.97175
2.0185
0.2985
5.2015
15.52525
1.782
15.65175
0.0005
0.9025
5.36525
2.91575

Test:	CR2_n_11
Requests:	25
Success:	19
Used:   	17

Local times (milisec):
min:	0.005
max:	0.011
mean:	0.00625
median:	0.006
stdev:	0.001073393643098131

Web server times (milisec):
min:	0.077
max:	22.26
mean:	5.332416666666667
median:	2.4535
stdev:	6.060798009709015

App server times (milisec):
min:	0.0005
max:	23.64925
mean:	5.2513749999999995
median:	2.6266249999999998
stdev:	5.925181878514638
diff:	1.2245