1554292881019912.0
1554292881019929.0
1554292881019940.0
1554292881019967.0
1554292881019977.0
1554292881020013.0
1554292881020038.0
1554292881020047.0
1554292881020055.0
1554292881020064.0
1554292881020134.0
1554292881020159.0
1554292881020323.0
1554292881020348.0
1554292881021155.0
1554292881021690.0
1554292881021703.0
1554292881021714.0
1554292881021769.0
1554292881021783.0
1554292881022461.0
1554292881022495.0
1554292881022683.0
1554292881022745.0
1554292881026440.0

1554292881119568.0
1554292881125447.0
1554292881131889.0
1554292881134629.0
1554292881142235.0
1554292881156056.0
1554292881158908.0
1554292881159020.0
1554292881161304.0
1554292881168223.0
1554292881168280.0
1554292881168312.0
1554292881172761.0
1554292881179141.0
1554292881181643.0
1554292881182453.0
1554292881189016.0
1554292881196755.0
1554292881196756.0
1554292881202278.0
1554292881203445.0
1554292881205380.0
1554292881207332.0
1554292881207535.0
1554292881210304.0

1554292881121989.8
1554292881127605.8
1554292881133815.2
1554292881134890.5
1554292881142603.2
1554292881156663.0
1554292881161612.8
1554292881161666.5
1554292881163843.2
1554292881168642.8
1554292881168675.2
1554292881169090.8
1554292881173095.0
1554292881179437.8
1554292881181955.8
1554292881184960.2
1554292881189266.8
1554292881197045.5
1554292881197045.5
1554292881202624.8
1554292881203699.0
1554292881205664.5
1554292881207874.2
1554292881207904.8
1554292881211334.8

25
16
14
