Time-differences (millis):

0.05
0.036
0.036
0.01
0.009
0.01
0.009
0.009
0.022
0.032
0.029
0.078
0.011
0.009
0.009
0.009
0.009
0.009
0.009
0.01
0.008
0.008
0.009
0.009

2.475
8.748
2.936
10.091
3.983
1.114
1.393
1.073
1.482
1.58
2.931
0.276
3.739
0.869
5.598
9.395
0.069
3.891
3.157
1.482
0.003
7.398
0.055
14.375

2.403
10.557
1.06275
9.60275
1.84175
1.1915
1.529
2.77975
5.0585
1.18825
0.087
3.4555
1.5925
0.05625
3.69625
8.8825
0.0
3.92
3.17025
1.46175
0.0
7.42025
0.0
14.53325

Test:	CR2_n_2
Requests:	25
Success:	15
Used:   	10

Local times (milisec):
min:	0.008
max:	0.078
mean:	0.018291666666666668
median:	0.009
stdev:	0.017364329170348962

Web server times (milisec):
min:	0.003
max:	14.375
mean:	3.671375
median:	2.7030000000000003
stdev:	3.765882041290333

App server times (milisec):
min:	0.0
max:	14.53325
mean:	3.5620729166666667
median:	2.122375
stdev:	3.8942572563572533
diff:	2.0095