Time-differences (millis):

0.016
0.006
0.005
0.007
0.006
0.006
0.007
0.006
0.006
0.006
0.006
0.006
0.008
0.005
0.006
0.006
0.006
0.007
0.006
0.006
0.005
0.006
0.006
0.006

0.001
3.987
11.935
5.257
0.863
0.721
2.178
8.195
2.04
0.46
9.543
5.957
3.502
2.401
2.82
15.947
0.2
0.604
4.476
10.545
0.628
0.745
2.319
14.25

0.002
3.52375
10.2065
7.03025
1.2225
0.64025
3.01875
5.164
2.12475
0.396
9.675
6.29525
2.9835
2.41325
2.8055
16.291
0.55975
1.575
2.8105
10.768
0.486
0.68175
2.4425
14.16075

Test:	CR2_n_12
Requests:	25
Success:	22
Used:   	19

Local times (milisec):
min:	0.005
max:	0.016
mean:	0.006500000000000001
median:	0.006
stdev:	0.00212643813228478

Web server times (milisec):
min:	0.001
max:	15.947
mean:	4.5655833333333335
median:	2.6105
stdev:	4.7140656035414645

App server times (milisec):
min:	0.002
max:	16.291
mean:	4.469854166666667
median:	2.808
stdev:	4.586955887004987
diff:	1.08375