Time-differences (millis):

0.017
0.01
0.009
0.01
0.031
0.013
0.009
0.01
0.009
0.009
0.008
0.009
0.009
0.008
0.009
0.011
0.131
0.012
0.008
0.01
0.01
0.012
0.057
0.71

16.578
0.2
1.984
8.644
8.422
0.304
3.267
3.405
0.136
1.264
13.024
0.036
3.816
0.107
2.992
1.961
1.462
0.315
0.504
6.954
0.803
3.113
2.181
1.166

16.793
2.93675
3.082
5.11375
5.887
0.23975
3.3765
3.3185
0.062
1.337
13.204
3.6575
2.96025
0.67025
1.431
1.595
0.65225
0.01875
8.04
2.83475
2.2655
1.13525
6.61575
0.00425

Test:	CR2_n_7
Requests:	25
Success:	19
Used:   	16

Local times (milisec):
min:	0.008
max:	0.71
mean:	0.047125
median:	0.01
stdev:	0.14360250467114452

Web server times (milisec):
min:	0.036
max:	16.578
mean:	3.44325
median:	1.9725000000000001
stdev:	4.314713182568001

App server times (milisec):
min:	0.00425
max:	16.793
mean:	3.634614583333333
median:	2.88575
stdev:	4.133462989785956
diff:	3.10125