Time-differences (millis):

0.013
0.007
0.007
0.006
0.009
0.01
0.01
0.01
0.01
0.009
0.009
0.009
0.009
0.009
0.01
0.01
0.009
0.01
0.01
0.009
0.009
0.009
0.01
0.477

3.759
3.58
3.41
4.814
8.357
0.843
2.876
0.93
5.991
0.981
5.124
2.955
1.27
2.71
8.581
0.334
2.766
0.718
4.268
2.183
4.454
0.808
0.743
7.922

3.59225
2.965
4.44475
2.72075
8.13025
2.33925
1.457
0.7795
6.4065
0.5895
5.0945
4.2935
1.60375
2.9465
6.89325
0.51825
2.325
0.96825
4.038
2.034
4.685
1.538
0.441
7.3995

Test:	CR2_n_10
Requests:	25
Success:	13
Used:   	13

Local times (milisec):
min:	0.006
max:	0.477
mean:	0.028749999999999998
median:	0.009
stdev:	0.09548605634605367

Web server times (milisec):
min:	0.334
max:	8.581
mean:	3.3490416666666665
median:	2.9154999999999998
stdev:	2.4824803073638417

App server times (milisec):
min:	0.441
max:	8.13025
mean:	3.25846875
median:	2.8336249999999996
stdev:	2.2765354115320147
diff:	1.05975