1554219403039541.0
1554219403039556.0
1554219403039565.0
1554219403039572.0
1554219403039581.0
1554219403039591.0
1554219403039618.0
1554219403039752.0
1554219403039766.0
1554219403039811.0
1554219403039865.0
1554219403039893.0
1554219403039906.0
1554219403039917.0
1554219403039945.0
1554219403039961.0
1554219403039979.0
1554219403039991.0
1554219403040002.0
1554219403040070.0
1554219403040081.0
1554219403040089.0
1554219403040098.0
1554219403040110.0
1554219403040163.0

1554219404219375.0
1554219404222673.0
1554219404246749.0
1554219404248403.0
1554219404257783.0
1554219404267314.0
1554219404267432.0
1554219404272984.0
1554219404276213.0
1554219404278512.0
1554219404278831.0
1554219404281308.0
1554219404281871.0
1554219404284266.0
1554219404293481.0
1554219404295144.0
1554219404295825.0
1554219404297659.0
1554219404298553.0
1554219404299979.0
1554219404301727.0
1554219404303216.0
1554219404308021.0
1554219404310993.0
1554219404312409.0

1554219404221821.5
1554219404224988.5
1554219404250558.0
1554219404253314.0
1554219404261231.0
1554219404267820.5
1554219404268412.0
1554219404273980.5
1554219404276659.2
1554219404278776.2
1554219404279780.5
1554219404282039.8
1554219404282221.2
1554219404284692.0
1554219404293903.5
1554219404295500.5
1554219404298254.5
1554219404298840.8
1554219404298973.8
1554219404300558.0
1554219404302257.8
1554219404303654.2
1554219404308560.2
1554219404311561.8
1554219404316548.5

25
18
13
